timestep,time,run,Bx,By,Bz,Ex,Ey,Ez
0,0,1,1.475864546188e-16,8.696588135416e-15,-2.517758593567e-17,-2560.266326552,0.7342127763837,-144.6632477331
0,0,2,1.436752174568e-16,8.594205195237e-15,6.260264348349e-16,-2660.698190897,0.6077088810537,-143.7613133686
0,0,3,1.319502636873e-16,8.697621409404e-15,-8.704850634795e-16,-2653.12176609,-0.795607860659,-145.3120805184
0,0,4,1.282680443128e-16,8.72151961445e-15,-2.124955220351e-16,-2591.872777024,0.7848789284028,-145.8605398317
0,0,5,1.222462772342e-16,8.713175407565e-15,-1.242737244802e-15,-2718.997489965,-0.470917668894,-146.0101489744
0,0,6,9.52824756407e-17,8.545194394583e-15,-1.6098095871e-15,-2661.688322389,1.839707523924,-142.7755868372
0,0,7,1.666386847827e-16,8.587035769694e-15,3.001582536787e-16,-2580.437559186,0.9875888832279,-143.299544514
0,0,8,1.009515971173e-16,8.701454578206e-15,-4.333950572002e-16,-2643.370363218,0.9485544429426,-144.7011357392
0,0,9,1.020078917666e-16,8.638123899867e-15,-1.173362368599e-15,-2716.707693521,-0.1847622047877,-144.5674980288
0,0,10,1.277151922713e-16,8.586272881571e-15,-1.894978875511e-16,-2658.739546802,0.6124873120298,-143.5684537826
0,0,11,1.256149647178e-16,8.570463999832e-15,-8.819994972687e-16,-2685.4340693,-0.2515997899224,-142.9621400907
0,0,12,1.367210621119e-16,8.541698572209e-15,4.976311179848e-16,-2558.392231929,-0.9988128504361,-142.5114608198
0,0,13,1.209888463422e-16,8.561896333009e-15,2.310215638783e-16,-2650.425198823,-0.3964322292888,-143.6370252492
0,0,14,1.107417994665e-16,8.680341199442e-15,-6.316263599084e-16,-2610.515432916,0.4947615284988,-144.8500001177
0,0,15,1.101472841773e-16,8.555688942852e-15,-2.652918273745e-16,-2666.518810664,-0.573773559179,-142.9705968998
0,0,16,1.565669078207e-16,8.618702167952e-15,-1.639627956155e-15,-2696.728813703,-1.590751401301,-143.9712587235
0,0,17,1.145767109875e-16,8.650761101531e-15,-6.204181828435e-16,-2675.425679173,0.3026647638268,-144.7066352307
0,0,18,1.326468715531e-16,8.576504458522e-15,-4.644089590968e-16,-2672.83641283,-0.7740656375629,-143.4546830512
0,0,19,1.277331916153e-16,8.646425511013e-15,-2.103514195437e-16,-2634.389771921,1.483783817004,-144.459473687
0,0,20,1.119167722287e-16,8.589401035218e-15,6.729200454715e-16,-2567.3988885,0.4860252831466,-143.3321072331
0,0,21,1.324753518939e-16,8.609079221555e-15,-7.750234019082e-16,-2651.199279115,-0.1669931578812,-143.5915862474
0,0,22,1.141294121137e-16,8.628387534732e-15,-2.628861980425e-15,-2710.974389245,-0.8563124840383,-144.4629984731
0,0,23,1.205529128074e-16,8.573168760376e-15,-1.289973141204e-15,-2599.364537783,2.160224342309,-143.3593724333
0,0,24,1.013332805816e-16,8.633550262279e-15,-1.052341994349e-15,-2559.470248476,-0.6597290638884,-144.1598541564
0,0,25,1.444487488784e-16,8.601829309316e-15,-2.449746232559e-15,-2660.287599297,-0.09602272247372,-143.7919981144
0,0,26,1.217065132633e-16,8.580038743784e-15,-9.122054389655e-16,-2610.599072452,-2.109599605625,-143.1993222807
0,0,27,1.338550035358e-16,8.645670087909e-15,-9.706817175575e-16,-2539.3043038,0.8002689702951,-144.4895260712
0,0,28,1.411931864374e-16,8.632380732356e-15,-1.969110166469e-15,-2653.114153276,-0.7901632956642,-143.9172517483
0,0,29,1.530409063545e-16,8.681559819841e-15,9.226180933518e-16,-2565.427260393,-0.2652834658269,-145.0566586703
0,0,30,1.291823387369e-16,8.584230303501e-15,-1.107874164971e-16,-2656.077386877,0.4324135817757,-143.4378245392
0,0,31,1.542841863021e-16,8.713542149958e-15,-1.79111432168e-17,-2567.948019672,1.341548325983,-145.390262876
0,0,32,1.243911786554e-16,8.595602467713e-15,1.721107078272e-16,-2614.146491052,1.399819326256,-143.5123640189
0,0,33,1.397957762843e-16,8.69844069226e-15,3.804909445408e-16,-2552.686283663,-0.03938720467902,-145.3406890749
0,0,34,1.145015662349e-16,8.693659836281e-15,-5.114590184313e-16,-2561.822578013,1.074676070393,-144.7147695905
0,0,35,1.170161640677e-16,8.615062283141e-15,-8.732261756065e-16,-2650.163105087,-0.5722937908229,-143.6518913922
0,0,36,1.233661669218e-16,8.584610312907e-15,-4.188333434526e-16,-2522.696329479,-0.9794824483366,-143.137849697
0,0,37,1.364288402366e-16,8.651332477329e-15,6.574934035928e-16,-2665.356076109,1.284030169349,-144.4925823261
0,0,38,1.244566131377e-16,8.624847665223e-15,-7.802213599388e-16,-2694.98495317,0.9041846024656,-144.0843993143
0,0,39,1.445844703419e-16,8.723747207482e-15,9.761309524855e-16,-2716.899072578,0.8645740091694,-145.8864911093
0,0,40,1.32401190019e-16,8.674535073931e-15,-3.018830549146e-15,-2596.435532862,-1.119770619177,-145.2335868099
0,0,41,1.406688250925e-16,8.60896259582e-15,-2.676064587041e-16,-2612.734184435,-1.742054638904,-143.5477891237
0,0,42,1.443157448307e-16,8.622547331586e-15,1.467568690077e-16,-2726.01877102,-1.19710421625,-144.034098671
0,0,43,1.421211078458e-16,8.64566354445e-15,1.366030190041e-17,-2626.685963651,1.093049089621,-145.029956202
0,0,44,1.428370990117e-16,8.55412067854e-15,9.230806024206e-16,-2667.076418567,-1.959378067675,-143.5162723982
0,0,45,1.515750348416e-16,8.702525423587e-15,-4.963416973946e-16,-2645.790440379,-1.501756106795,-145.3483496968
0,0,46,1.384382517277e-16,8.571197187952e-15,-9.345553449419e-16,-2606.190914383,0.02155490509171,-143.074261445
0,0,47,1.185506722287e-16,8.7017172288e-15,-2.291550021318e-15,-2596.283960089,-2.18803491102,-145.5629113628
0,0,48,1.154342183926e-16,8.636990493798e-15,-3.656769338641e-15,-2711.403076247,-0.4373440310891,-144.5518706858
0,0,49,1.363579260975e-16,8.667564987992e-15,-1.776941002411e-16,-2545.716687165,-0.7821324072136,-144.4793598539
0,0,50,1.092510795912e-16,8.620048026785e-15,-8.645416763922e-16,-2736.131278809,-3.197881729012,-144.1461380891
0,0,51,1.2399287666e-16,8.613441072275e-15,-1.285706423917e-16,-2672.231238707,-0.9884558313109,-143.5108104697
0,0,52,9.542326427427e-17,8.538486429223e-15,-1.861329051447e-15,-2635.057822463,0.3507893780484,-142.2371309555
0,0,53,1.201581100186e-16,8.637860320143e-15,-1.93922232685e-15,-2648.078911482,0.6493856388017,-144.2259105734
0,0,54,1.216920869357e-16,8.53834803813e-15,1.375045730884e-15,-2566.286609685,2.431926323512,-143.2047081068
0,0,55,1.09851039673e-16,8.672302367584e-15,2.266376797286e-15,-2496.540859055,1.160375810767,-144.8406135035
0,0,56,1.033556956838e-16,8.666556059207e-15,-1.024233758931e-15,-2540.602899936,-0.1085642743788,-144.7707554082
0,0,57,1.242210099486e-16,8.575845321822e-15,-2.087426108747e-15,-2698.052217973,0.7399356095574,-143.3974076202
0,0,58,1.385550224135e-16,8.669307363675e-15,-5.640625732069e-16,-2588.583169851,-0.6355614647301,-145.0505331925
0,0,59,1.576807895222e-16,8.594215015664e-15,-2.224781604057e-15,-2669.251316663,-1.891751920013,-143.8126637268
0,0,60,1.196038379325e-16,8.582548683816e-15,-1.615105028148e-15,-2594.429648867,0.1668392527583,-143.1349483878
0,0,61,1.164644098044e-16,8.614291883898e-15,1.216517737529e-15,-2610.416678215,0.2020102036535,-143.5418552986
0,0,62,1.210339384536e-16,8.691523756145e-15,-1.122208307612e-15,-2654.590286704,-0.3907805091332,-145.1506167035
0,0,63,1.503356642517e-16,8.563961390918e-15,5.032463220447e-16,-2612.184043587,-0.9802316437994,-142.7028690215
0,0,64,1.269912887486e-16,8.677414766376e-15,-7.54075861729e-16,-2713.395208029,1.440053561224,-144.7105931066
0,0,65,1.30478250534e-16,8.649837100339e-15,8.820631610361e-16,-2630.48243982,2.824207939718,-144.4192032705
0,0,66,1.402040884965e-16,8.562867832293e-15,-4.192361031892e-16,-2635.571721777,0.800590884341,-142.9682990686
0,0,67,8.633667076418e-17,8.525306658753e-15,-1.066713591724e-15,-2643.292689062,1.338821647502,-142.216386328
0,0,68,1.537123930835e-16,8.62105227312e-15,1.398853768136e-17,-2741.501498913,-1.766999096555,-143.8472867881
0,0,69,1.355921737091e-16,8.661180309701e-15,-9.494982009589e-16,-2600.924114838,-0.9896649334555,-144.969266692
0,0,70,1.201933741601e-16,8.660117902301e-15,-1.137042052616e-15,-2562.186891203,1.329583066079,-144.8546578946
0,0,71,1.057353909025e-16,8.63479710926e-15,-1.094264208844e-15,-2644.058527047,0.2881340109509,-144.3074668636
0,0,72,1.051068727188e-16,8.670117988945e-15,-2.704073146875e-15,-2661.389196511,-0.6044615811825,-144.5478204589
0,0,73,9.610165694745e-17,8.620760610273e-15,-2.315541327207e-15,-2702.961225583,-1.366835127206,-144.5062256824
0,0,74,1.330332413345e-16,8.643020536994e-15,-1.928967853426e-15,-2657.120136969,0.700889087619,-144.038417363
0,0,75,1.282553294683e-16,8.551170149226e-15,-5.440468987922e-16,-2606.273633369,-0.459846755343,-142.9022926053
0,0,76,1.223562468922e-16,8.559482985045e-15,-2.396440047985e-15,-2547.887837728,0.07034542050049,-142.9978483643
0,0,77,1.047351533792e-16,8.604012980436e-15,-6.744876333918e-16,-2615.5302343,1.355095415404,-143.8844342424
0,0,78,1.195808234581e-16,8.571668782841e-15,-6.063887788903e-16,-2600.168791061,0.7741210937033,-142.8540088285
0,0,79,1.481294288593e-16,8.649661938747e-15,6.955271783289e-17,-2603.399738492,2.379840009241,-144.9688101283
0,0,80,1.481574164195e-16,8.703639902069e-15,1.528354994921e-15,-2614.008155839,-1.735362015759,-145.622648834
0,0,81,1.439781684909e-16,8.60208356369e-15,-1.113225387654e-15,-2582.854612653,0.6081747117407,-143.953501231
0,0,82,9.548953292326e-17,8.608398746492e-15,-7.030040614381e-16,-2639.422816193,-0.5373782178187,-144.4392191708
0,0,83,1.115853748812e-16,8.683060413854e-15,-2.87872969798e-16,-2611.246456939,0.4179535030274,-144.9934799777
0,0,84,1.129224428801e-16,8.680151826385e-15,-1.105369050104e-15,-2596.093313492,2.340663092057,-144.9573022162
0,0,85,1.415874678816e-16,8.639004267931e-15,-1.721367119096e-15,-2574.963435351,-0.1189492345798,-144.0066294036
0,0,86,9.63912787042e-17,8.666144409303e-15,-1.355083244227e-15,-2651.722931435,1.057938681555,-144.9589728762
0,0,87,1.253229817743e-16,8.608982290928e-15,-1.809331859357e-15,-2689.291929275,0.9112880721194,-143.6943334859
0,0,88,1.30287974308e-16,8.642923507039e-15,-1.536736132995e-15,-2544.377314201,1.408425606377,-144.9248552059
0,0,89,9.68186336339e-17,8.59761453602e-15,8.263273127462e-16,-2590.052996387,2.10476972921,-143.4251232206
0,0,90,1.256143072955e-16,8.71464763107e-15,-4.715548640492e-16,-2662.222030063,-0.4782747154051,-145.4168464662
0,0,91,1.310655949134e-16,8.623088681168e-15,5.842280900457e-16,-2662.959521609,1.010807713112,-144.1222269866
0,0,92,1.409180902692e-16,8.616952693248e-15,-7.320043232321e-16,-2616.583250086,-0.8190571824776,-143.8137294969
0,0,93,1.364420142441e-16,8.587041295857e-15,-2.219228745746e-15,-2588.085091986,-0.02166917080726,-143.7557369031
0,0,94,1.269673737102e-16,8.633331280661e-15,4.956113707685e-16,-2627.051102756,1.234074474555,-144.7721871578
0,0,95,1.220101750452e-16,8.541480507386e-15,8.58930602326e-16,-2656.66627352,1.652620376359,-142.8969165796
0,0,96,1.259236370351e-16,8.68106070112e-15,-2.675361778872e-17,-2647.666241904,-2.787861516001,-144.9415960611
0,0,97,1.387321309413e-16,8.631556792732e-15,3.255342840942e-16,-2619.639578113,-0.1086500247802,-143.9466939448
0,0,98,1.510508016463e-16,8.554237153824e-15,-2.287685801188e-15,-2531.843399956,-0.3985026928966,-143.2774178506
0,0,99,9.544657674793e-17,8.547028905984e-15,-2.125630916732e-16,-2571.012629396,-3.53112570113,-142.7375027231
0,0,100,1.247527274909e-16,8.621980657313e-15,-3.219221009726e-16,-2716.212286168,0.01993987869586,-143.3844032557
0,0,101,1.330592513338e-16,8.641596124495e-15,-1.241823175153e-15,-2648.735464379,1.132558731803,-144.3584640688
0,0,102,1.032755881978e-16,8.637941366694e-15,-1.243031660249e-15,-2625.16009844,1.291117651697,-144.1774982937
0,0,103,9.490653779098e-17,8.521613617732e-15,-2.194969298079e-16,-2599.950833429,0.6113781462069,-142.8198138792
0,0,104,1.213295099692e-16,8.674742447491e-15,-5.094822944006e-17,-2648.380051589,-0.5457834548465,-145.0639626311
0,0,105,1.052720789561e-16,8.623255417511e-15,-3.352960517581e-17,-2482.009386677,1.771710980723,-143.8093248447
0,0,106,1.193337451313e-16,8.608910739372e-15,-1.422221682721e-15,-2573.862222371,0.3515962498741,-143.8982149567
0,0,107,1.415627030884e-16,8.601895091189e-15,-5.275304012968e-16,-2685.419030697,0.2921293104311,-143.9890075737
0,0,108,1.07041468771e-16,8.598296093124e-15,-1.686796619331e-15,-2589.417031035,1.009260610933,-143.7178598171
0,0,109,1.310150631649e-16,8.57172019571e-15,-1.011641350401e-15,-2636.85049203,0.8770094226917,-143.4470588578
0,0,110,1.289036248927e-16,8.551083773243e-15,-1.28228908883e-16,-2651.628861158,0.966949438391,-142.6901710413
0,0,111,7.797793244554e-17,8.591535709952e-15,-1.021868017684e-15,-2665.141293505,0.04024245553116,-143.5353887089
0,0,112,1.242157035011e-16,8.616751501949e-15,1.923186550056e-15,-2713.877130965,0.590167291824,-144.2073217303
0,0,113,1.073342399107e-16,8.693095899648e-15,-4.036542510871e-17,-2526.200318527,-1.312977906386,-144.8731739835
0,0,114,1.260379136094e-16,8.585508917851e-15,-6.902506047961e-16,-2701.685793331,0.221222085267,-143.7260803317
0,0,115,1.318608019828e-16,8.560230071998e-15,-2.739933205837e-15,-2644.01122311,-0.6177601416088,-143.6163392467
0,0,116,1.027737618914e-16,8.639805494935e-15,-2.318838282077e-15,-2657.018144628,-0.8360404689063,-144.497890637
0,0,117,1.204739256431e-16,8.568634493046e-15,-1.609935703325e-15,-2660.303847154,0.2387709170373,-143.4495804197
0,0,118,1.019644974382e-16,8.557384997522e-15,1.764684271344e-16,-2667.410281481,-1.672819874409,-143.154111706
0,0,119,1.144026846051e-16,8.630443692357e-15,-1.486670455955e-15,-2566.775221704,-0.4525919482961,-144.0064065414
0,0,120,1.418745396412e-16,8.55722199625e-15,6.07489182767e-16,-2729.484976892,-1.588747463001,-143.1166840782
0,0,121,1.30841991016e-16,8.664842415948e-15,-1.423050425338e-15,-2634.75558794,2.551406380295,-144.3830078089
0,0,122,1.051044973288e-16,8.617846472606e-15,-1.419099708207e-15,-2636.168186157,-0.7686493040209,-144.4135379229
0,0,123,1.358728903119e-16,8.5753448112e-15,-1.881004367454e-15,-2691.624114483,-1.144174422188,-143.6627648701
0,0,124,1.259227157314e-16,8.680596192104e-15,-1.939999871995e-15,-2657.762411954,-0.736192836356,-145.4224654511
0,0,125,1.160593611008e-16,8.652868227726e-15,1.831949533997e-15,-2637.794514316,1.136341989576,-144.3857481143
0,0,126,1.161737112462e-16,8.623768945742e-15,-5.932784329709e-16,-2557.474323775,-0.3657988221062,-144.2092152968
0,0,127,1.263648800509e-16,8.631293367499e-15,-2.573589472899e-15,-2566.878605356,-0.7378590453095,-144.2153182484
0,0,128,1.180496880687e-16,8.621463223187e-15,-2.188242283495e-16,-2648.613988197,-0.08151745339595,-143.8372617135
0,0,129,1.459794779719e-16,8.673486282371e-15,7.855109927424e-16,-2631.202031218,1.557055271605,-144.8096137301
0,0,130,1.05009253898e-16,8.586856049907e-15,-3.18826970055e-15,-2735.992920751,-1.322662412006,-143.6896287671
0,0,131,1.228322706139e-16,8.585638437894e-15,5.065662642049e-16,-2565.708541837,1.011752534761,-143.4807135935
0,0,132,1.349267032197e-16,8.580669598299e-15,-2.070803397392e-15,-2748.565074975,0.381380945079,-143.7299081092
0,0,133,1.211843919616e-16,8.571033179671e-15,1.695551112032e-16,-2686.82437632,-0.1179379173854,-143.77009573
0,0,134,1.3512873175e-16,8.572355341983e-15,1.376969926958e-15,-2624.680294374,-1.440731662153,-143.0357718744
0,0,135,1.410891169665e-16,8.574955133182e-15,-1.560407598756e-16,-2629.188409841,-0.103289233711,-143.4891124418
0,0,136,1.342557545497e-16,8.666800729102e-15,-1.447836971694e-15,-2673.911542453,-1.429912424911,-144.6008504449
0,0,137,1.205221766881e-16,8.581083353351e-15,-1.027378318348e-15,-2592.036091969,1.214382868043,-143.7461377635
0,0,138,1.320095558511e-16,8.609391190494e-15,2.095892193285e-16,-2611.623067775,-0.1896294658312,-143.8286565453
0,0,139,7.289240331624e-17,8.646069306209e-15,-1.28238436512e-15,-2715.977379781,-1.713676304245,-144.2718467291
0,0,140,1.405155612267e-16,8.581232457353e-15,-7.23257378283e-16,-2639.877365048,-0.07337039595648,-143.6802728797
0,0,141,1.048529781908e-16,8.551944051765e-15,2.477207258155e-16,-2609.69044616,2.392265368225,-142.8177613338
0,0,142,1.075327734878e-16,8.605571544553e-15,-9.406694167858e-16,-2505.198419979,0.6487177510396,-143.9286221034
0,0,143,9.889801125734e-17,8.54333064918e-15,-1.033558662354e-15,-2671.278460874,0.4399266494445,-142.4756183661
0,0,144,1.16863741783e-16,8.59429854541e-15,-1.084709509525e-15,-2695.259059093,0.1749304818505,-143.8088555131
0,0,145,1.364949397108e-16,8.663539100487e-15,4.417391906576e-16,-2648.147574201,-1.948764207284,-143.9032307302
0,0,146,1.266689092246e-16,8.698503064791e-15,-2.945448134883e-15,-2621.346388321,0.4928044732999,-145.0724645855
0,0,147,1.140847377089e-16,8.730461081186e-15,-1.452990474363e-15,-2510.506032984,-1.875969597084,-145.9243513878
0,0,148,1.033181863022e-16,8.622670593165e-15,-1.466164003774e-15,-2756.048773782,1.050012242619,-143.7157274179
0,0,149,1.346978729633e-16,8.661994009126e-15,-1.252375645491e-15,-2594.523511289,0.320020898579,-144.6833258511
0,0,150,1.15727059494e-16,8.616766206961e-15,-7.387151684152e-16,-2572.831872775,1.154836996053,-143.9830262835
0,0,151,1.224780101608e-16,8.674064126301e-15,-1.9201768158e-15,-2620.504301691,0.9131118386157,-144.9759886454
0,0,152,1.183097281707e-16,8.620116205554e-15,-1.679860314503e-15,-2672.036519049,0.3653617241419,-144.1784768755
0,0,153,1.098415965335e-16,8.605599491001e-15,-1.276336270699e-15,-2696.661707935,0.2883853979358,-143.0870943274
0,0,154,1.253508868287e-16,8.607409263845e-15,1.811021334853e-16,-2613.875951504,-0.3222250416809,-143.9982596141
0,0,155,1.216198958477e-16,8.55531876405e-15,-2.364189690087e-16,-2542.600417869,-0.3387628783567,-143.1429227431
0,0,156,1.252853987167e-16,8.654192882599e-15,8.410367513563e-16,-2544.777412901,-1.034388750776,-143.8366041647
0,0,157,9.156870240029e-17,8.75222714294e-15,-2.158105692402e-15,-2710.658546276,-3.620900313459,-145.8758217445
0,0,158,1.216976230481e-16,8.721938606978e-15,-2.155390741145e-15,-2673.478516024,-0.3014116391411,-145.1708781683
0,0,159,1.506545620219e-16,8.623211565532e-15,-3.314005258468e-16,-2669.344610204,-1.29995098692,-144.2295666119
0,0,160,1.005190314919e-16,8.55465065812e-15,-3.589327972558e-16,-2542.302857098,1.787025860755,-142.9125794987
0,0,161,1.310338474632e-16,8.682081504932e-15,-1.311201620004e-15,-2576.218605299,0.9509918995097,-144.8664155258
0,0,162,1.604178594014e-16,8.629435314027e-15,-2.691441530739e-15,-2657.972220741,-0.1611359971389,-144.2750706405
0,0,163,1.197219423874e-16,8.64761459715e-15,-9.247471336859e-16,-2672.805896756,-0.04735764823066,-144.2519212101
0,0,164,1.136037425561e-16,8.633388106223e-15,-1.623957449939e-15,-2591.300201134,1.030960729387,-144.2969791664
0,0,165,1.453851421555e-16,8.650597540343e-15,-1.130220179981e-15,-2662.832114817,-0.3796929698021,-144.2416963772
0,0,166,1.292711853131e-16,8.58410308346e-15,-1.508217498408e-15,-2670.127300258,-0.8546544127769,-142.9742847083
0,0,167,1.259562114661e-16,8.57046782476e-15,-6.313181244432e-16,-2661.676741227,-0.6354055775269,-143.0925900458
0,0,168,1.2693074602e-16,8.695245454876e-15,6.325754344466e-16,-2556.750427225,-0.5365011557526,-145.309403225
0,0,169,1.193059119664e-16,8.685658032094e-15,-2.75240756002e-15,-2694.85109153,0.04239456039377,-144.6780035527
0,0,170,1.300118178918e-16,8.642823938172e-15,-9.244690708645e-16,-2671.982629436,-0.7352201011392,-144.4737319577
0,0,171,1.183431192795e-16,8.640676248283e-15,-2.593766809082e-15,-2624.205914402,-0.9964027668439,-144.1956064801
0,0,172,1.195590112381e-16,8.65397742635e-15,-4.71221099318e-16,-2584.238698607,1.227425491806,-144.715736042
0,0,173,1.109784603092e-16,8.682123320251e-15,-2.64213848961e-15,-2570.20506546,-0.4886352852082,-145.3319838389
0,0,174,1.204502282535e-16,8.681795196643e-15,-8.259503589836e-16,-2631.991333147,-1.899865203687,-144.8882010378
0,0,175,1.418333119413e-16,8.622626543004e-15,6.826890570853e-16,-2591.395770562,-2.772895286491,-143.8019320536
0,0,176,1.439065689948e-16,8.646142676617e-15,-6.946334758368e-16,-2624.889970229,-0.08693320475087,-143.9542840593
0,0,177,1.161765498365e-16,8.674451582452e-15,5.722349256734e-16,-2681.848309542,-0.9976813198541,-144.6473020604
0,0,178,1.269409108312e-16,8.630548240964e-15,-2.353961310962e-15,-2645.956747726,-0.2779559981445,-143.8952976811
0,0,179,1.097568473587e-16,8.600497319003e-15,-4.917557054683e-16,-2670.180705407,0.2606258634353,-143.7408134553
0,0,180,1.306025118999e-16,8.593439271351e-15,-9.874340435499e-16,-2632.681726546,1.672103317551,-143.3424402885
0,0,181,1.034101219847e-16,8.61304204984e-15,-1.362787803799e-15,-2545.690442875,-0.5649152431309,-143.927986488
0,0,182,1.075170708926e-16,8.680670905254e-15,2.012106916078e-15,-2604.02963497,-0.473754551235,-144.8063944405
0,0,183,1.035767598368e-16,8.689199962013e-15,4.111970355923e-16,-2668.418486053,-0.6330870258961,-144.9428642196
0,0,184,1.414983179187e-16,8.587887974873e-15,-1.545725703347e-15,-2689.181630038,2.092728165011,-143.6693264339
0,0,185,1.31833981298e-16,8.654575052374e-15,4.768340686028e-16,-2739.573339215,-0.01316951609977,-144.8551478663
0,0,186,1.181107868895e-16,8.669655737039e-15,-3.132309595959e-15,-2620.809133475,-1.737562689907,-144.8220156382
0,0,187,1.420824711943e-16,8.568682315605e-15,-7.847326874746e-17,-2704.700202301,0.09192424860272,-143.0657841642
0,0,188,1.495272632119e-16,8.565992572752e-15,2.415029112032e-16,-2652.75044367,1.879008195547,-143.4719201569
0,0,189,1.058838664296e-16,8.700450959287e-15,-9.66299387003e-16,-2575.546853893,-1.875922398645,-145.4661141916
0,0,190,1.291955213734e-16,8.599863584751e-15,-1.150486226541e-15,-2602.460246902,0.8664909249277,-143.3659471377
0,0,191,1.203436668342e-16,8.631912142458e-15,-5.681440125887e-16,-2733.163588068,-1.227763368572,-144.3483642057
0,0,192,1.165039175206e-16,8.646865962617e-15,-2.326276004351e-15,-2793.522984626,0.6526047307631,-143.9229720309
0,0,193,1.082558902847e-16,8.569518527718e-15,-9.435577121534e-16,-2663.096035034,-0.4033493053584,-142.6660983046
0,0,194,1.298337293054e-16,8.683454731367e-15,-1.116784606808e-15,-2564.743914039,-1.07221714442,-144.8907363779
0,0,195,1.277102525267e-16,8.633635657291e-15,-3.017527258224e-15,-2562.664000955,-0.5919816460149,-143.9942738929
0,0,196,1.148628441854e-16,8.686997111672e-15,-9.474686362707e-16,-2562.191903357,1.523098374165,-144.7593515917
0,0,197,1.328433301958e-16,8.743595858342e-15,4.267516077453e-16,-2715.390998282,0.8816209031618,-146.1324756423
0,0,198,1.107658703799e-16,8.691570068519e-15,5.980057739425e-16,-2552.725751118,0.6104923584916,-144.4424604926
0,0,199,1.064451805735e-16,8.608742600183e-15,4.335453071324e-16,-2615.584027,-1.968082574283,-143.6640825556
0,0,200,1.417758546828e-16,8.544820634298e-15,-1.953879029725e-15,-2567.381571068,0.5478952467419,-143.1517182831
0,0,201,1.422819342391e-16,8.619225368821e-15,-1.204109457799e-15,-2656.906390443,-0.9396696427677,-143.736080771
0,0,202,1.205349420935e-16,8.660331823951e-15,-8.475972920563e-16,-2618.892053294,0.8858209255832,-144.9895467854
0,0,203,1.071224089685e-16,8.62460830168e-15,-6.039669215351e-16,-2650.449795365,0.6810507756574,-143.8347798655
0,0,204,1.00679741831e-16,8.619039965603e-15,-2.633611866128e-15,-2732.426428133,0.4179561753803,-144.5620243624
0,0,205,9.141952461905e-17,8.608621533245e-15,-7.657986531352e-16,-2626.026741979,-2.488232807508,-143.8387480553
0,0,206,1.301685038807e-16,8.652489308186e-15,-8.478331578304e-16,-2739.673849805,-0.5792116051343,-144.6367166788
0,0,207,1.245963228389e-16,8.644811178918e-15,-6.848517975441e-16,-2589.431417545,-1.201620742098,-144.2757070714
0,0,208,1.538238540274e-16,8.643694765611e-15,-3.620925342626e-18,-2576.761364811,-0.01080777240969,-144.495965266
0,0,209,1.010486908985e-16,8.658757535084e-15,-7.095408217527e-16,-2665.273624149,0.2457430219183,-144.7399225165
0,0,210,8.5765399013e-17,8.616325285475e-15,-9.401703121543e-16,-2660.448972516,-1.102917399022,-143.6336966048
0,0,211,1.036835727518e-16,8.587035946835e-15,-3.368520817225e-16,-2621.989968572,0.3601619983288,-143.6407886573
0,0,212,1.281743742181e-16,8.676254906877e-15,-3.125474521976e-15,-2555.960831431,-0.8409983846477,-145.0496682991
0,0,213,1.238810382381e-16,8.622813126436e-15,-1.066123341321e-15,-2554.256304179,0.3149306061454,-144.0315379819
0,0,214,1.43391776301e-16,8.660604829036e-15,-5.27691519077e-16,-2572.422954019,-1.53318136434,-144.9746481156
0,0,215,1.316677871628e-16,8.615512115e-15,-7.001892590278e-16,-2643.942136784,0.2885330408031,-144.5055017703
0,0,216,1.006468841446e-16,8.612399839228e-15,5.371226202748e-16,-2616.810168268,1.070171386184,-144.2867253258
0,0,217,8.315369609324e-17,8.589825666613e-15,-1.75646219768e-15,-2610.618124447,-0.7306953006435,-143.5848106014
0,0,218,1.063281533359e-16,8.565825962783e-15,-6.359840815254e-16,-2681.946924612,0.3210001005741,-142.938976092
0,0,219,1.130526698396e-16,8.641772816459e-15,-1.671046575219e-15,-2698.557594161,0.1029448071695,-144.0128312908
0,0,220,1.203141409675e-16,8.600167151154e-15,3.488826737907e-16,-2675.531829438,0.636474174308,-143.3712747904
0,0,221,1.056692544109e-16,8.70410266699e-15,7.204793127379e-16,-2611.25592384,1.368881229131,-145.2541829246
0,0,222,9.908861461659e-17,8.719243253121e-15,-1.452959489743e-15,-2681.031248408,-1.171268063587,-145.8654099355
0,0,223,8.337412137675e-17,8.638334699082e-15,1.368407014099e-15,-2651.287916724,0.1499212873102,-143.8735901585
0,0,224,1.016425275613e-16,8.612782669905e-15,-3.054240440433e-15,-2531.961061697,2.403890436549,-143.7719862994
0,0,225,1.251203262931e-16,8.587228922274e-15,-1.016885265801e-16,-2516.986515215,1.791043553915,-142.8656275479
0,0,226,1.271634743786e-16,8.664786897156e-15,-2.750913269011e-15,-2687.563891343,0.03976607778326,-144.5668870176
0,0,227,1.34902443477e-16,8.599687350583e-15,-2.00979422023e-15,-2732.671820391,-0.842401340782,-143.9663368781
0,0,228,1.217952385737e-16,8.683856306126e-15,-1.04988054295e-15,-2651.122564761,2.320778535035,-145.1359232952
0,0,229,1.380854685217e-16,8.665596197136e-15,-1.101340143918e-15,-2741.112462121,-1.478604278833,-144.6745197459
0,0,230,1.263877770024e-16,8.618698012506e-15,-2.986700333253e-15,-2728.355337647,0.4515029986912,-144.2598584862
0,0,231,1.162403096426e-16,8.621385479468e-15,-3.665066498763e-16,-2630.814866237,-0.7182048605428,-144.0440844447
0,0,232,1.211733580843e-16,8.691266156697e-15,7.29912391281e-19,-2610.551544373,0.8409891513142,-144.7339668245
0,0,233,1.538303373126e-16,8.574631595698e-15,-8.794680019776e-16,-2667.746686733,0.8118944587067,-143.5583997999
0,0,234,1.36467201861e-16,8.658729780433e-15,-4.237822915931e-16,-2633.271980146,-1.793866200626,-144.6568513971
0,0,235,1.195573049744e-16,8.599751468515e-15,-1.07420417466e-15,-2714.039982228,1.791039352808,-143.8173641374
0,0,236,1.421333062096e-16,8.669509863392e-15,4.322641190945e-16,-2541.334180372,-1.00143257661,-144.6232793939
0,0,237,1.357382298415e-16,8.595127255845e-15,2.333469143253e-15,-2701.235845704,2.534859031362,-143.550734092
0,0,238,1.012741304125e-16,8.716731357582e-15,-1.098896400773e-15,-2734.351949782,0.05636335471379,-145.6232584396
0,0,239,1.412114497207e-16,8.553273949601e-15,5.386935404372e-16,-2611.242987335,-0.5371682919493,-143.2008762756
0,0,240,1.44083764033e-16,8.594977311976e-15,9.458724379783e-16,-2656.618942547,-0.2636763777579,-143.6767023918
0,0,241,1.309622755678e-16,8.584392042017e-15,7.107503264392e-17,-2617.929024711,1.437087253984,-143.8344327928
0,0,242,1.504212137159e-16,8.726447391224e-15,-1.347667369118e-15,-2598.254875578,0.7080932469048,-145.6253963176
0,0,243,1.000439658113e-16,8.612955192914e-15,-1.684168120099e-15,-2528.080479874,-1.008046249368,-144.1429738251
0,0,244,1.211993856642e-16,8.590081141841e-15,-2.376955282497e-15,-2602.208077755,0.4067764025167,-143.3842433697
0,0,245,1.069512258183e-16,8.643861355021e-15,2.221136550568e-16,-2623.571872403,-2.297786060843,-144.3656531744
0,0,246,7.731111748513e-17,8.566586118424e-15,7.870436423798e-16,-2689.399877712,-0.9303471238863,-142.8831380122
0,0,247,1.40770798073e-16,8.625388087835e-15,-2.756128956744e-16,-2615.350892226,0.5165395728198,-144.3801931547
0,0,248,1.098043388383e-16,8.573863385209e-15,-9.547460290568e-16,-2599.2629204,-1.084257872024,-143.4844071193
0,0,249,1.249817020801e-16,8.707124941352e-15,-9.826966418256e-16,-2705.19142491,-0.9625177854122,-145.1838602623
0,0,250,1.507855347487e-16,8.700488709916e-15,-3.212198738174e-15,-2713.385838737,1.263976739427,-145.4807955412
0,0,251,1.149764034937e-16,8.577892250138e-15,-1.539323563905e-15,-2590.135107887,-0.1640893585541,-143.060230506
0,0,252,1.374881635088e-16,8.617176636639e-15,-6.828449972757e-16,-2672.119829892,-1.375601002238,-143.7606931577
0,0,253,1.18191123014e-16,8.637387316359e-15,-4.8006158514e-16,-2687.644347531,-1.980137394137,-144.5701797485
0,0,254,1.455321117096e-16,8.681164230634e-15,9.658090640778e-16,-2702.427091626,0.9710298239581,-144.622649551
0,0,255,1.209663024405e-16,8.529010301554e-15,-1.638099493258e-15,-2652.848685844,-0.7318245391365,-142.4563806248
0,0,256,1.140474299994e-16,8.616331010415e-15,7.984469581842e-16,-2710.153905438,0.9348758072185,-143.8180181894
0,0,257,1.119522787646e-16,8.702980962876e-15,-1.385861415094e-15,-2635.197302355,-1.881710359959,-145.0148698158
0,0,258,1.218225594008e-16,8.640769704932e-15,-1.029716207498e-15,-2578.845717203,0.5585950545608,-144.0468846928
0,0,259,9.6480763317e-17,8.714551286518e-15,-1.711210619358e-17,-2608.581586432,2.501009174788,-145.0900474909
0,0,260,1.171327344131e-16,8.631126698215e-15,-2.7469486737e-16,-2660.003445077,-0.5533837640343,-144.1102102105
0,0,261,1.162113287609e-16,8.55435221667e-15,-3.616315471291e-17,-2665.563590256,0.8883233635794,-143.070735617
0,0,262,1.25614841111e-16,8.62624642008e-15,4.89712588168e-16,-2646.776408445,0.5198033825469,-143.8737547489
0,0,263,1.15079456946e-16,8.622493535087e-15,-2.270025179863e-15,-2606.071106762,0.03609962667392,-143.399623686
0,0,264,1.132502396627e-16,8.588425519567e-15,-1.388592234001e-15,-2557.788772907,-0.2097404485445,-143.2187113462
0,0,265,1.193761949342e-16,8.562152801556e-15,-2.304615006778e-15,-2693.38308874,-0.2730046726942,-143.1116740037
0,0,266,1.199376054991e-16,8.719124442382e-15,3.40488426204e-16,-2631.245237566,-0.07608401389825,-145.2722912631
0,0,267,1.095276058561e-16,8.554130928301e-15,-8.544788522082e-16,-2664.73858164,0.989868464421,-142.7440078666
0,0,268,9.429699884969e-17,8.645782564218e-15,-8.785941962059e-16,-2604.122688356,0.4342819887788,-144.5526680236
0,0,269,1.34863535402e-16,8.615816843519e-15,-7.859113885088e-16,-2751.019202365,1.461437648012,-143.953041563
0,0,270,1.150619144018e-16,8.652745727592e-15,-1.366700036561e-16,-2572.886139598,0.4255863355361,-144.5752998434
0,0,271,1.079710905433e-16,8.718991899769e-15,-2.191957022698e-15,-2641.093992298,0.5431288419842,-145.2716047439
0,0,272,1.087026179446e-16,8.602480338622e-15,5.657678068421e-16,-2619.27761175,0.2825387353105,-143.8741311205
0,0,273,1.037827992692e-16,8.638927955564e-15,1.07163033913e-16,-2608.019750167,0.9346890139594,-144.423725412
0,0,274,1.262548499887e-16,8.553169649816e-15,5.46012712025e-16,-2649.217231632,-1.44468594978,-142.9102358467
0,0,275,1.45023808685e-16,8.595167442119e-15,-2.25080641095e-15,-2603.987006442,-2.057675025017,-143.2353710614
0,0,276,1.180169512347e-16,8.610413518851e-15,-1.822009628445e-15,-2728.375693723,0.9925665782827,-143.997673513
0,0,277,1.318829960941e-16,8.608462504304e-15,-8.766368604345e-17,-2729.828337611,0.4376266282017,-144.233449868
0,0,278,1.117509091644e-16,8.639495506895e-15,-2.525241752899e-16,-2637.32978967,0.8472883603516,-144.4290844437
0,0,279,1.159511410243e-16,8.599295944973e-15,-1.01192445757e-15,-2685.995555862,-2.368809114808,-143.6645780068
0,0,280,1.331070607879e-16,8.5905725115e-15,-1.547865110207e-15,-2664.817220197,-2.071309736908,-143.4699013521
0,0,281,1.63422258995e-16,8.659397401633e-15,2.456140907156e-16,-2640.829510424,-0.7105857322472,-143.9925029494
0,0,282,1.242336281963e-16,8.70426282776e-15,-2.551736391372e-15,-2607.404104589,0.7542583129408,-145.4736582313
0,0,283,1.327536911895e-16,8.666888169424e-15,-1.325460136469e-15,-2681.920543263,0.619979969179,-144.4434653648
0,0,284,1.452598132151e-16,8.567963266943e-15,-1.462604289931e-15,-2689.476166226,-0.2472822690185,-143.6423530138
0,0,285,1.019342200243e-16,8.578389702842e-15,-1.157666686426e-15,-2633.317522367,-2.205946916087,-143.3809950493
0,0,286,1.041601843468e-16,8.564182651038e-15,-2.020060262795e-17,-2680.863402387,-1.065731290647,-142.7463803028
0,0,287,8.576327390861e-17,8.592807361117e-15,-9.942428339556e-16,-2638.346029728,0.6018963457087,-143.7278261168
0,0,288,1.386939293314e-16,8.533208674364e-15,3.105438689572e-16,-2629.162810649,1.246942056495,-143.0546280911
0,0,289,1.17348960676e-16,8.607674708839e-15,-6.718357717775e-16,-2533.384150417,-0.1809722499556,-144.2612753816
0,0,290,1.454436488426e-16,8.628092755891e-15,9.496813960847e-16,-2593.943746021,0.3384277161282,-143.8953812772
0,0,291,1.253835986221e-16,8.669366648235e-15,-8.306487640486e-16,-2670.442955024,1.730212855106,-144.6221644741
0,0,292,9.847656625389e-17,8.638620501875e-15,-1.23749322176e-15,-2621.555705968,0.4567993303319,-144.5093802416
0,0,293,1.203456197715e-16,8.625658122193e-15,-3.730967752025e-16,-2571.882588427,-0.5192963521883,-144.0968877076
0,0,294,9.737935818171e-17,8.627303557108e-15,-7.135574791854e-17,-2553.270186496,1.891150132925,-144.1934137906
0,0,295,1.170639180787e-16,8.686737609387e-15,-1.748684009568e-15,-2638.042277042,-0.547228468059,-144.7757015384
0,0,296,1.389763668155e-16,8.655902842555e-15,-9.761207184195e-16,-2516.022640299,-0.0835061295868,-144.626527759
0,0,297,1.235132080383e-16,8.662365905257e-15,-1.749177423249e-15,-2640.207609638,-0.7934419703675,-144.3830916699
0,0,298,1.36164448988e-16,8.585681762947e-15,7.082533831758e-18,-2710.153003847,-0.2315005519833,-143.2326558702
0,0,299,1.293508237092e-16,8.69720846892e-15,7.457138287276e-17,-2741.429073974,0.5434522285604,-144.6962725267
0,0,300,1.019948295941e-16,8.618208109557e-15,-4.293527816973e-16,-2638.840114401,-3.072826808951,-143.858638834
0,0,301,1.164683013216e-16,8.671390232293e-15,-8.865984567924e-16,-2604.904771847,-0.393173590436,-144.81735734
0,0,302,1.13265151527e-16,8.582919025339e-15,-1.204233062538e-15,-2642.82208513,-1.744711869792,-143.6320148838
0,0,303,1.321105489439e-16,8.595283985402e-15,-8.071733259586e-16,-2609.081775544,0.05391616866437,-143.2560659848
0,0,304,1.360363643522e-16,8.698733247132e-15,7.08507993348e-16,-2573.08372089,0.5605266667871,-145.3377971675
0,0,305,1.512731528501e-16,8.618380454825e-15,-5.986667289775e-16,-2621.258035178,-0.5323524767014,-143.5230541255
0,0,306,1.224797085775e-16,8.713187324947e-15,2.464107641308e-16,-2610.186248988,1.52267094654,-144.979730551
0,0,307,1.112851934323e-16,8.592219640213e-15,-1.330681945323e-15,-2519.982672676,0.121733108017,-143.6291190878
0,0,308,1.287374979581e-16,8.581593361936e-15,-2.23193453648e-15,-2612.030521701,0.1088780943019,-143.4224651794
0,0,309,1.238173355304e-16,8.642506294447e-15,-1.7823927803e-15,-2582.377920812,0.0494807829816,-144.3670621408
0,0,310,1.22760700386e-16,8.564780145486e-15,-2.016353829556e-15,-2678.809061894,-1.188248037655,-143.1986617227
0,0,311,1.394069272585e-16,8.69920960036e-15,-1.57812098879e-15,-2679.950498116,-1.379591947684,-145.1755255011
0,0,312,1.344752250708e-16,8.702002189539e-15,-2.082086739838e-15,-2675.734493449,-1.293041652109,-145.4870969759
0,0,313,1.064596048583e-16,8.634967430036e-15,-1.734312792669e-15,-2524.823220455,0.1367500540223,-144.3095412292
0,0,314,1.037283674106e-16,8.582682142585e-15,-1.069359005018e-15,-2626.371534409,1.084565370073,-143.7480612469
0,0,315,1.075617031004e-16,8.673062219472e-15,-2.333937889064e-15,-2737.686744911,-1.284763440967,-144.4310728108
0,0,316,9.528949888864e-17,8.526415487999e-15,-4.187620838871e-16,-2688.093174254,1.015564315452,-142.4874636794
0,0,317,1.243542008198e-16,8.609713404575e-15,-9.846520243462e-18,-2587.813145836,-0.3426503668354,-143.9272573184
0,0,318,1.265491859607e-16,8.636991461508e-15,-1.864988555294e-15,-2665.791570665,0.9458854443324,-144.1266108702
0,0,319,1.169677900736e-16,8.528962100328e-15,-7.95391543322e-16,-2618.930008893,-2.772316767105,-142.1206326551
0,0,320,1.394303796344e-16,8.629014021406e-15,-4.1444394724e-16,-2596.201800632,1.39958054146,-143.9461692383
0,0,321,1.072752213443e-16,8.593518371231e-15,-2.741746270254e-15,-2652.448399853,1.661781320423,-143.6764424318
0,0,322,1.085042121928e-16,8.661457680092e-15,-1.388277026461e-15,-2712.67100151,-2.152003765669,-144.3851390364
0,0,323,1.481517070955e-16,8.694106149184e-15,-1.647878010731e-15,-2628.9170684,-0.05183362157234,-144.7771936344
0,0,324,1.257304623977e-16,8.61683811809e-15,1.417336760754e-16,-2641.108092337,1.832506026571,-144.0938253645
0,0,325,1.049088995997e-16,8.663727840894e-15,-1.754284508309e-16,-2632.011073223,0.08267138241119,-145.3528929604
0,0,326,1.133361016992e-16,8.641340053038e-15,-1.241353839281e-15,-2655.167983132,2.297908983516,-144.1736102539
0,0,327,1.500503642491e-16,8.622610403803e-15,1.004956893695e-15,-2632.175586733,1.083980925054,-143.6892737618
0,0,328,1.232161177531e-16,8.544791095161e-15,-2.131705683924e-15,-2614.172833489,-0.4753963192653,-142.9865539703
0,0,329,1.147383946541e-16,8.619953267161e-15,-4.549413720652e-16,-2602.451052368,-0.5943408795758,-143.9119892457
0,0,330,1.064533609433e-16,8.592394228597e-15,-1.348989477571e-15,-2684.194699055,-1.095599728355,-143.4534522443
0,0,331,1.110128241161e-16,8.702409934467e-15,-2.814883466442e-15,-2677.635784212,-1.061744405896,-145.4376572472
0,0,332,1.118843748232e-16,8.680304222878e-15,1.929723579235e-16,-2596.461344316,-0.03844515014514,-145.2403761103
0,0,333,1.318599342935e-16,8.670860268228e-15,1.388004912763e-15,-2588.896135756,-1.060199076224,-144.8653079035
0,0,334,1.184651024501e-16,8.543595803429e-15,-1.897886043402e-15,-2630.874535568,0.7457316306297,-142.5325538535
0,0,335,1.238000772949e-16,8.647978974996e-15,-8.4493367008e-16,-2768.15569351,1.122290146,-144.2158232434
0,0,336,1.01912338592e-16,8.539046540402e-15,-1.874510651526e-15,-2698.10831847,0.7491277571438,-142.7305476044
0,0,337,1.363705710975e-16,8.604394157284e-15,1.1928160936e-15,-2691.691891536,0.1473328514525,-143.5262802
0,0,338,1.35659480282e-16,8.638063476685e-15,-6.913547588267e-16,-2656.787145619,0.1629669134454,-143.9368968794
0,0,339,1.396203449629e-16,8.622300398874e-15,-3.299879746879e-16,-2663.918947013,-0.4423829827813,-144.2285285149
0,0,340,1.484864994241e-16,8.646304838788e-15,-9.986385843876e-17,-2707.005677846,0.05217962178915,-144.4542245985
0,0,341,1.266800815479e-16,8.675358741215e-15,3.503641565627e-16,-2622.38221993,-0.6130308989477,-144.6023843511
0,0,342,1.256428618578e-16,8.684259067654e-15,-1.301860001611e-15,-2626.020161506,-2.054392692867,-145.1106757241
0,0,343,1.431928929262e-16,8.645441608618e-15,-2.275411705852e-16,-2591.580460475,0.2483730591758,-144.3906205423
0,0,344,1.046386236854e-16,8.610570545611e-15,-4.757517791622e-16,-2611.414061011,0.1450381271619,-143.5291695317
0,0,345,1.198795750533e-16,8.498123970896e-15,-3.221435117315e-15,-2656.314367094,0.9251483529785,-142.0748688973
0,0,346,1.030758212966e-16,8.672248713667e-15,5.054787436776e-16,-2664.178321654,2.285227333199,-145.04857666
0,0,347,1.522536611682e-16,8.678071239423e-15,-2.649083275789e-15,-2737.57623528,0.6606678685295,-144.8800429975
0,0,348,1.052443660925e-16,8.618457164223e-15,-1.239757697956e-15,-2725.699537343,2.761471964681,-144.4129486642
0,0,349,1.230931398078e-16,8.630517399971e-15,-3.891462258344e-16,-2593.333182183,-0.1773745777152,-144.1927485861
0,0,350,1.350795922223e-16,8.660432896956e-15,1.300024739073e-15,-2599.725389297,0.9826392726824,-144.5598433514
0,0,351,1.384964055331e-16,8.692956470361e-15,1.758537591478e-16,-2640.98662205,0.5081251629161,-144.1246108968
0,0,352,1.331164986433e-16,8.544747440519e-15,-5.977497715838e-16,-2665.805399713,-0.79654331463,-143.3863734824
0,0,353,1.17397351502e-16,8.649168513194e-15,-2.611167186288e-16,-2736.034908934,1.919501141853,-144.7352839643
0,0,354,1.133811721972e-16,8.546570604149e-15,1.300180570857e-15,-2719.307501866,0.4173702422905,-142.4455526313
0,0,355,1.51099960672e-16,8.656418323194e-15,-9.106877741638e-16,-2676.459678849,1.370855106496,-144.3754860575
0,0,356,1.322789651912e-16,8.589793860294e-15,-9.410994436176e-16,-2747.674170931,-0.0468793177482,-143.3896782364
0,0,357,1.381344830348e-16,8.560547505539e-15,1.977671938616e-16,-2618.960884158,-0.9428372894222,-143.2868689651
0,0,358,1.1190282986e-16,8.580556867428e-15,-1.144644597763e-15,-2572.246503587,1.583560258249,-143.8032039282
0,0,359,1.373534269355e-16,8.606589412604e-15,-2.253444088683e-16,-2704.426569166,-0.5756526038934,-143.8394478609
0,0,360,1.229112143085e-16,8.567010016915e-15,-2.127454806572e-15,-2583.120937314,-2.023385989555,-143.3447649392
0,0,361,1.308088833372e-16,8.619483338604e-15,-8.051412418011e-16,-2707.882356409,1.913316712452,-143.8146296481
0,0,362,1.198725537643e-16,8.654116490881e-15,-1.51739702011e-15,-2549.05636107,-0.3155855594695,-144.4697906794
0,0,363,1.502940233355e-16,8.56588115195e-15,1.15087943055e-15,-2637.866347732,-0.2026839939374,-142.8285488426
0,0,364,1.471754068963e-16,8.540852953709e-15,-4.300294641068e-16,-2654.310446034,0.2824225361102,-143.0744732534
0,0,365,1.11358889071e-16,8.590086416624e-15,-8.47413766437e-18,-2696.585488805,-1.83965290833,-143.6304815769
0,0,366,1.120578905009e-16,8.647204533703e-15,-1.815458957061e-16,-2604.771497416,0.8930734134326,-144.4859403684
0,0,367,1.098959277377e-16,8.662666852596e-15,-7.526542842356e-16,-2623.009158527,-1.511060532365,-144.8952417857
0,0,368,1.158456729188e-16,8.562239908583e-15,-8.359700710435e-16,-2715.581883094,-0.2746989247181,-143.070312954
0,0,369,1.23123555754e-16,8.68809526903e-15,-7.847517308747e-16,-2466.140257309,1.11752260358,-145.0481422302
0,0,370,1.278822879566e-16,8.616711665926e-15,6.067068833862e-16,-2544.570537613,-0.6358341503079,-143.8834135124
0,0,371,1.299647741748e-16,8.601261694336e-15,-3.238032971906e-15,-2620.170237969,-0.4832111569211,-144.0045762579
0,0,372,1.177940170397e-16,8.690610097878e-15,-2.320421970159e-16,-2651.308413012,-0.9237880987756,-144.6745047647
0,0,373,1.315557082771e-16,8.525971481118e-15,-3.389151567519e-16,-2678.385255071,0.8430525963182,-142.7666701696
0,0,374,1.175477495657e-16,8.686127980821e-15,-2.303305542963e-15,-2673.317866235,1.625400503082,-145.2952700964
0,0,375,1.100856883009e-16,8.64461616754e-15,-3.442918513644e-16,-2667.161269933,1.152449842663,-144.1471571026
0,0,376,1.094460438654e-16,8.478226453715e-15,-1.108741386515e-15,-2674.107895786,1.965671696415,-141.9120604754
0,0,377,1.12589582134e-16,8.574257082305e-15,-1.149875405236e-16,-2663.829251136,2.066374255699,-143.6730296547
0,0,378,1.34668308469e-16,8.686022625639e-15,-2.172117360048e-16,-2814.028342193,-1.981767020158,-144.5822663406
0,0,379,1.094694209835e-16,8.682030798087e-15,-1.261618673408e-15,-2631.602594566,-0.8743107383411,-144.8973801643
0,0,380,1.218640731828e-16,8.594249495405e-15,-4.764298667215e-16,-2641.882409939,-0.3816643718531,-144.1751189454
0,0,381,1.231571169605e-16,8.63232681389e-15,3.709834094585e-16,-2704.675562458,-2.328881631661,-144.7940795926
0,0,382,1.263301950891e-16,8.621699445004e-15,1.953015206531e-16,-2685.664638061,0.7945892551425,-143.6967049806
0,0,383,1.291096880285e-16,8.597718730896e-15,-1.791041836386e-15,-2772.714481138,0.419056686859,-143.8708512412
0,0,384,1.25426658513e-16,8.65764846657e-15,-1.740618310769e-15,-2589.464477171,1.321145420689,-144.5540118802
0,0,385,1.156857270749e-16,8.672432574209e-15,-1.444020116364e-15,-2647.352374112,0.4431352439767,-144.3679001676
0,0,386,1.493134425265e-16,8.530909644987e-15,-2.114255541402e-15,-2533.100986735,-0.7705220951254,-142.5588434724
0,0,387,1.105449811778e-16,8.637528889718e-15,-1.617890513754e-15,-2658.063088217,-0.5191196207449,-143.7326928615
0,0,388,1.268696829907e-16,8.624797275412e-15,-1.877458999598e-15,-2601.211353428,-0.851066195548,-143.9187635827
0,0,389,1.368589717206e-16,8.572531700939e-15,-3.536288070266e-16,-2678.17287581,-0.07355603498138,-143.002342975
0,0,390,1.599599927027e-16,8.670855757982e-15,-5.416494993277e-16,-2642.788776049,0.5866151839699,-144.822715366
0,0,391,1.239923456425e-16,8.555303321098e-15,-1.066475278646e-15,-2711.061114181,1.159578726604,-143.1133095705
0,0,392,9.660919508014e-17,8.645721332942e-15,-9.610880850328e-16,-2619.625002424,2.48734521692,-144.480570949
0,0,393,1.096624322874e-16,8.573375592096e-15,-1.112392707805e-15,-2616.41601639,0.834025190946,-143.2342212147
0,0,394,1.416021988381e-16,8.58831006139e-15,-8.429617997917e-16,-2615.623810445,-1.106117278461,-143.791392727
0,0,395,1.112120426502e-16,8.636360472359e-15,1.136425115773e-15,-2587.162334233,0.2466803924202,-144.0323463751
0,0,396,1.547733537738e-16,8.661473054545e-15,-1.293182252802e-15,-2561.74870466,-1.574160338354,-144.3682197916
0,0,397,1.379420367352e-16,8.546957732945e-15,-1.399116733096e-16,-2579.938081052,0.5247768443033,-142.8801153916
0,0,398,1.180377442606e-16,8.620438601654e-15,-2.975336261417e-16,-2696.261765832,0.4934048789125,-144.1992825739
0,0,399,1.403880963435e-16,8.679796154018e-15,-4.552481222621e-17,-2575.674714214,-2.621965188967,-144.7173827786
0,0,400,7.909538726017e-17,8.621228304525e-15,-1.494316195165e-15,-2701.901430269,-0.1989888161483,-143.7451318266
0,0,401,1.400813483872e-16,8.765408161556e-15,-1.027108777617e-15,-2595.516863947,0.3403056774695,-146.1952615611
0,0,402,1.32923859601e-16,8.578586109983e-15,-1.765701254348e-15,-2635.302156647,-0.2650990074469,-143.4506058578
0,0,403,1.4340657396e-16,8.742842243713e-15,-3.429644895431e-16,-2643.895394522,-0.9755334030131,-145.9627478029
0,0,404,1.415607011467e-16,8.612118571264e-15,7.82619809881e-16,-2595.483812327,-0.5740057015774,-143.7578903639
0,0,405,1.454725367844e-16,8.679596734397e-15,1.133544328673e-15,-2612.358044536,0.4234752922299,-144.6897334793
0,0,406,1.215645793193e-16,8.557449822276e-15,-1.945133970166e-15,-2609.249469158,0.6036149181465,-143.2410445552
0,0,407,1.332048057126e-16,8.683620397504e-15,4.494367124839e-16,-2642.313651175,-1.604454194576,-144.986373206
0,0,408,1.236325606612e-16,8.670680219332e-15,-1.444856984228e-16,-2644.322892499,-1.013374035905,-144.459798872
0,0,409,1.164392235379e-16,8.584399153998e-15,-1.143778966564e-15,-2619.041988525,1.473912139637,-143.6111003402
0,0,410,9.87816299121e-17,8.605124126128e-15,-1.318999040832e-15,-2626.266857377,-1.032607105435,-143.8262323745
0,0,411,1.16731150155e-16,8.633580511391e-15,9.054760150371e-18,-2588.017009313,1.199806715076,-144.5708754721
0,0,412,1.079578028988e-16,8.55438452661e-15,1.4527299232e-17,-2678.628730427,0.2335242444893,-143.3287555685
0,0,413,1.044755852858e-16,8.534739664721e-15,-3.716278088117e-16,-2535.599380831,1.367943719711,-142.6422344664
0,0,414,1.105745504106e-16,8.597954399099e-15,-1.494573895152e-15,-2605.567344617,0.2112185793323,-143.5775174468
0,0,415,1.10990795032e-16,8.601063342442e-15,8.396231961332e-16,-2608.870064759,-1.074734287042,-143.1926192272
0,0,416,1.150392032206e-16,8.641489184198e-15,4.464262655245e-16,-2626.571806702,-0.03969883313504,-144.2155609069
0,0,417,1.127244001846e-16,8.583029889594e-15,-1.642458190788e-15,-2703.328344487,0.703057273961,-143.7793229902
0,0,418,1.152823820627e-16,8.638065973704e-15,-3.054485713515e-15,-2617.244851226,0.6989755993314,-144.545872706
0,0,419,1.130447171748e-16,8.616443135539e-15,-6.075244892078e-16,-2555.845684955,-2.381645724801,-143.3607110668
0,0,420,1.291464002637e-16,8.657793950863e-15,-2.619522838249e-15,-2759.382740823,0.2652124116727,-144.3728552318
0,0,421,1.172691392594e-16,8.681147704656e-15,7.083780463729e-16,-2610.452425284,-2.429078999034,-145.3373269332
0,0,422,9.951713723648e-17,8.580426454976e-15,5.427113612579e-16,-2605.472667883,0.06433045522569,-143.5503883061
0,0,423,1.252629854352e-16,8.580776775745e-15,-9.346170867013e-16,-2611.691269419,1.496425280667,-143.5236149404
0,0,424,9.294047797084e-17,8.683119106921e-15,2.938874426393e-16,-2596.779219377,0.1836233661801,-144.3709705961
0,0,425,1.259489895073e-16,8.614617230804e-15,-1.726125236029e-15,-2659.188981747,-0.5139448599998,-144.0254669169
0,0,426,1.160823120463e-16,8.734339537032e-15,1.504750146135e-15,-2596.665905275,0.0781216949881,-146.0759127545
0,0,427,1.022320590247e-16,8.595310099941e-15,-1.707182544461e-15,-2533.757890763,-1.241547173323,-143.6267268769
0,0,428,1.237070321442e-16,8.576092413938e-15,-3.889433559202e-16,-2606.491202992,0.7241418941307,-143.2672249399
0,0,429,1.266238938799e-16,8.669922127272e-15,1.541561047551e-16,-2648.426165363,-1.061981905583,-145.0521496218
0,0,430,1.318483194695e-16,8.647352222505e-15,-1.50012675923e-16,-2608.903242359,0.6646741378419,-144.4947385466
0,0,431,1.138050966641e-16,8.631069998882e-15,-4.203401554892e-16,-2633.546129589,-0.6088484180578,-144.4291701877
0,0,432,9.001669724323e-17,8.56814404902e-15,-2.034959616777e-15,-2562.626737233,-0.05718770593741,-143.5655602074
0,0,433,9.947298953622e-17,8.620844029499e-15,-4.212789545237e-16,-2643.245791344,-1.186730284545,-143.6928219397
0,0,434,1.073312952533e-16,8.617685389604e-15,-1.821454202035e-15,-2689.522923655,1.34531797816,-143.2784407728
0,0,435,1.14019650073e-16,8.581334625886e-15,-9.22668870561e-16,-2661.241924041,0.3117991481774,-143.3762100636
0,0,436,1.187253952533e-16,8.649695734971e-15,-1.999705278847e-15,-2586.536433753,-1.572325928065,-144.2389372089
0,0,437,1.350857098532e-16,8.677735843829e-15,-4.98040418426e-16,-2601.357785762,-2.473837332463,-145.0424400733
0,0,438,1.176293273891e-16,8.672927605953e-15,7.256935605291e-16,-2672.885265133,0.9994714941776,-144.6750132198
0,0,439,1.374222955278e-16,8.590984540974e-15,-3.012745512554e-16,-2574.950949329,0.05290288161368,-143.834202409
0,0,440,9.120609258105e-17,8.669826586292e-15,7.036023422021e-16,-2624.781062622,0.2542761064929,-144.7751454142
0,0,441,1.350421889839e-16,8.573546216769e-15,-8.227801930954e-16,-2732.731853045,0.6509377873768,-143.7088707985
0,0,442,9.15813073701e-17,8.64775077925e-15,-8.43140786565e-16,-2561.952436541,1.245739013588,-144.9670755116
0,0,443,1.268919873394e-16,8.6889346775e-15,-4.795656178222e-16,-2683.837050048,-0.2480010860797,-144.7095928556
0,0,444,9.627847110785e-17,8.626672099305e-15,4.343750634299e-16,-2618.190201377,-1.019984847342,-144.0097678083
0,0,445,1.071168277097e-16,8.533006309489e-15,4.831128058155e-16,-2725.808209174,-0.2044987061497,-142.684057082
0,0,446,1.121402956909e-16,8.592980107651e-15,-3.375851935583e-16,-2613.339231724,1.043734142422,-143.6282175747
0,0,447,1.04132875987e-16,8.568893576853e-15,-5.703489728046e-16,-2623.267492976,0.2883275173837,-143.0802141953
0,0,448,1.263651328181e-16,8.6237683207e-15,-1.9547173214e-15,-2628.858741083,-1.095245428065,-144.2569594685
0,0,449,1.303640757136e-16,8.6245482699e-15,6.030180117123e-16,-2687.205806411,1.047061961731,-144.1853774432
0,0,450,1.363610664262e-16,8.61879694404e-15,-1.681227318742e-15,-2704.684033894,0.2459417982142,-143.7362955823
0,0,451,1.093146039488e-16,8.625557559552e-15,-2.296449469664e-15,-2636.859379758,0.4035160347345,-144.1940327182
0,0,452,9.150895234936e-17,8.568552676405e-15,-1.203418055897e-15,-2658.101165731,2.993212691067,-142.9527792626
0,0,453,1.000462122609e-16,8.579891479177e-15,-2.078733108833e-15,-2595.483514846,-0.9142502592585,-143.9046860805
0,0,454,1.047672417216e-16,8.586852882783e-15,-1.924969698032e-15,-2715.890735713,0.1559799487365,-144.1023686308
0,0,455,1.309045247024e-16,8.550366353705e-15,-3.094932331373e-16,-2725.61172303,0.6708129524784,-143.18572104
0,0,456,1.341395645208e-16,8.632286741815e-15,-1.220447586893e-15,-2605.197267869,0.8379924976903,-144.2138748186
0,0,457,1.34294396667e-16,8.644645396401e-15,1.179349963146e-16,-2613.294941693,-1.612322955611,-144.8860277229
0,0,458,1.049254659358e-16,8.587403672706e-15,8.961251416537e-16,-2757.87196652,1.602933406777,-143.8193614308
0,0,459,1.270780747749e-16,8.635195505748e-15,-5.828577892071e-16,-2691.717360423,-1.24701114831,-144.0193824075
0,0,460,1.066264436819e-16,8.589190309355e-15,2.515725315864e-17,-2617.254712367,-1.070497525512,-143.2815980688
0,0,461,9.99840509448e-17,8.575192064507e-15,-1.628333591407e-15,-2605.632040658,0.2595470160655,-143.1636994164
0,0,462,1.153258107846e-16,8.73104659443e-15,-4.219230260477e-17,-2692.549810666,-0.5360516551096,-145.3929086655
0,0,463,1.236366017294e-16,8.62061071196e-15,-4.662918880414e-16,-2680.511028633,-0.4711917564439,-144.5849475141
0,0,464,1.137425299365e-16,8.696468096798e-15,-2.094844355233e-15,-2617.547512809,0.4758815434666,-145.1949442585
0,0,465,1.343044163916e-16,8.671410858109e-15,-4.188909619521e-15,-2674.559680228,0.9264821968155,-144.5128056791
0,0,466,1.304300849029e-16,8.616301383386e-15,-4.939911052233e-17,-2487.141655123,0.7624309363523,-144.3276637528
0,0,467,1.352396656343e-16,8.672055239446e-15,1.267104314704e-15,-2690.312215173,-2.251739156599,-145.0407968407
0,0,468,1.293988806132e-16,8.565296584845e-15,-6.987046273127e-16,-2663.750724929,-1.75838905707,-142.8256578585
0,0,469,1.393135778903e-16,8.666404947666e-15,7.086722982447e-17,-2805.273968998,2.650494477598,-144.7217773575
0,0,470,1.478581574041e-16,8.57601965712e-15,-5.716656667881e-17,-2582.87337003,-0.43023687344,-143.5463093678
0,0,471,1.087890788616e-16,8.705859284682e-15,-5.172532748904e-16,-2666.406465174,0.5692081216983,-145.4875994055
0,0,472,1.180114826906e-16,8.643592631459e-15,-1.173184106243e-15,-2462.324204428,-0.007078687320976,-143.9255394722
0,0,473,1.23313542998e-16,8.531294181776e-15,-3.427867235425e-15,-2595.841410221,0.2161480792602,-142.5893834949
0,0,474,1.567040584849e-16,8.662588780169e-15,-2.004440495901e-15,-2572.387232775,-0.0606678432666,-144.8140617773
0,0,475,1.313834185108e-16,8.665707303681e-15,2.395520194436e-15,-2623.735533258,-0.05473449290072,-144.7048983517
0,0,476,1.366988454624e-16,8.618858211095e-15,3.876068485427e-16,-2675.240732462,-0.350719259638,-143.7610369728
0,0,477,1.247329430624e-16,8.689775994011e-15,-1.709752827007e-15,-2633.418007882,1.190515252491,-145.2529543905
0,0,478,1.309420627665e-16,8.612816995088e-15,1.438935531792e-16,-2631.896549042,0.1518971769005,-143.6967153311
0,0,479,1.301530807714e-16,8.66347804209e-15,-7.451188066189e-16,-2625.111917242,-0.3707361824041,-144.3838156467
0,0,480,1.455919324686e-16,8.648105188999e-15,1.195953562803e-15,-2640.874421782,-0.604654367978,-144.5792337714
0,0,481,1.168874796557e-16,8.616402624925e-15,-1.558765448381e-15,-2679.024180055,0.8952987643069,-143.8853052751
0,0,482,1.548158593155e-16,8.663849675767e-15,-1.125497107811e-15,-2696.413373821,-0.2736799587255,-144.5856925039
0,0,483,1.15553038867e-16,8.636779555596e-15,4.622740294817e-16,-2649.524922153,-1.430680319766,-144.4591149217
0,0,484,1.305738092834e-16,8.611589885624e-15,-6.059651537361e-16,-2626.18753313,0.2280781693714,-143.608042425
0,0,485,1.275882423306e-16,8.757182324504e-15,-1.216906109813e-15,-2664.887388479,2.432732248591,-146.2447999532
0,0,486,1.194045496807e-16,8.58840611428e-15,4.866327922086e-16,-2514.497528754,0.3782231127891,-143.5517035971
0,0,487,1.155268548585e-16,8.611351791887e-15,-8.992351684309e-16,-2632.600116718,0.8696600198387,-144.052204487
0,0,488,1.247421086595e-16,8.515927608821e-15,9.790543909245e-16,-2658.574282349,-0.8119515364106,-141.7587627184
0,0,489,1.103751349177e-16,8.554316128154e-15,-1.823879723464e-15,-2627.873174685,-1.430772983437,-143.1246872459
0,0,490,1.212955703377e-16,8.607629009936e-15,-2.099548451302e-15,-2620.101561334,0.444250705152,-143.2629198858
0,0,491,1.347260186394e-16,8.616657458096e-15,-1.687930430667e-15,-2706.310827927,-1.638587782359,-144.0389434418
0,0,492,1.286313773909e-16,8.640129094963e-15,-2.99577984895e-16,-2649.533050417,0.4579026536887,-144.3994163427
0,0,493,1.129865184035e-16,8.555793749027e-15,-2.035729928205e-15,-2688.623376597,1.220449103438,-142.7146713735
0,0,494,1.266625178163e-16,8.657460462824e-15,-1.663719292717e-16,-2711.424610833,0.5632633029796,-144.9175780447
0,0,495,1.189458999006e-16,8.619045819678e-15,-1.439268967011e-15,-2615.04000861,2.145972508772,-143.9002781778
0,0,496,1.412461665523e-16,8.675673041846e-15,2.07612199343e-16,-2647.710112646,0.5948894773547,-145.0787698963
0,0,497,1.046697741263e-16,8.643028112654e-15,-8.397859877801e-17,-2648.399435307,-0.08466712746499,-144.3726516263
0,0,498,1.006915087021e-16,8.619377368199e-15,-4.283658671823e-16,-2558.185864577,0.20162589486,-144.1282702963
0,0,499,1.246511496791e-16,8.646452771082e-15,-5.601427974501e-16,-2665.659327664,0.6196470303274,-144.4276122251
0,0,500,1.298019616695e-16,8.624935456812e-15,-1.092866796679e-15,-2682.114587752,0.7619558996877,-144.040621862
0,0,501,1.397312992018e-16,8.650058609869e-15,3.242719314671e-16,-2649.766976794,1.188824761977,-144.4596732332
0,0,502,8.716121665333e-17,8.605627673295e-15,-2.199160483721e-16,-2632.975674914,-0.001272391202833,-144.0217809695
0,0,503,1.079564639258e-16,8.60120581196e-15,-1.162444273859e-15,-2667.149019858,-1.511875591522,-143.6233202025
0,0,504,1.135914775594e-16,8.59223583729e-15,-1.310377902565e-15,-2648.249972263,-0.4866796899885,-143.7602330895
0,0,505,1.393302326851e-16,8.640758175623e-15,-2.323461195399e-15,-2583.799975378,1.26240947993,-144.3217921963
0,0,506,1.272259243738e-16,8.686493420782e-15,-1.448470052097e-15,-2649.317351809,1.87859105779,-144.7593676729
0,0,507,1.457952472265e-16,8.69811796245e-15,-9.024999940014e-16,-2708.973299539,0.02806160217238,-145.3023353446
0,0,508,1.025508664153e-16,8.634867806387e-15,-3.520319865472e-16,-2610.956046553,-0.3813927836429,-144.476537696
0,0,509,1.226135765654e-16,8.618150620063e-15,-2.225800309373e-15,-2663.660625866,-0.2057954622793,-143.7045170577
0,0,510,1.461062055158e-16,8.633319458938e-15,-3.558614996092e-17,-2636.185492272,0.8044502620503,-144.0293867712
0,0,511,1.041544207603e-16,8.626269463526e-15,-1.360164652614e-15,-2604.727224832,-1.185238019495,-143.922248534
0,0,512,1.149503073333e-16,8.614112954958e-15,-1.207894195497e-16,-2610.952903108,0.647791797532,-144.0164402017
0,0,513,1.273264478597e-16,8.669832512317e-15,-1.409167249262e-15,-2687.594419401,0.5503544485817,-145.0860029792
0,0,514,1.286469369684e-16,8.611352947927e-15,-1.944291314641e-15,-2626.057750499,1.195317215847,-143.9323198437
0,0,515,9.809891524892e-17,8.65230223419e-15,-1.198041770327e-15,-2659.484774689,-1.850463204911,-144.7642966661
0,0,516,1.346788617956e-16,8.587476468302e-15,-7.556950322297e-16,-2638.206277576,-0.4374135704282,-143.6717420229
0,0,517,9.875411113437e-17,8.656471535692e-15,6.767839324934e-17,-2610.333908617,0.7799233135905,-144.4984872956
0,0,518,1.319940839514e-16,8.664068929614e-15,-7.459905084651e-16,-2580.970710802,0.1408706438574,-144.4351854333
0,0,519,1.234603633837e-16,8.633125524444e-15,-6.115845314471e-16,-2663.321628254,0.7677292025715,-144.2791769112
0,0,520,1.402815982125e-16,8.658595439233e-15,-4.967688945857e-16,-2599.575008664,1.262402630793,-144.8867539597
0,0,521,1.489322809837e-16,8.532505586345e-15,6.023937217553e-16,-2681.272891492,2.042559124064,-143.1627590095
0,0,522,1.249232913409e-16,8.583743207793e-15,2.839724744493e-16,-2646.893344115,-0.8666761094391,-143.4835770127
0,0,523,1.186682887528e-16,8.631430340906e-15,-1.483422188084e-16,-2732.246589054,0.03412722154697,-144.2892120151
0,0,524,1.366896778955e-16,8.637365907895e-15,1.917462978663e-15,-2583.830019396,-0.3843187503328,-144.2154576034
0,0,525,9.628314297262e-17,8.592237598437e-15,-1.291292282887e-15,-2649.600464642,-0.5653028802429,-143.4572423562
0,0,526,9.763333704487e-17,8.751798391356e-15,-1.088232900659e-15,-2566.140471392,0.887822380991,-146.0108412443
0,0,527,1.158620360091e-16,8.570018581944e-15,-1.289866605815e-15,-2648.765711471,-2.021868532284,-143.3682602194
0,0,528,1.462390827675e-16,8.578770297145e-15,-3.697839443212e-16,-2653.031602896,0.4050470071525,-142.9874400822
0,0,529,1.078897210441e-16,8.545125531113e-15,-1.029068938041e-15,-2637.058515253,1.065282730428,-142.4838131013
0,0,530,1.253169755765e-16,8.625729075686e-15,-7.547230523083e-16,-2679.97154414,-0.4121586140214,-143.6540062998
0,0,531,1.125300691176e-16,8.527192059271e-15,1.060664499884e-15,-2661.599382752,0.5082078415348,-142.1287367487
0,0,532,1.225160459178e-16,8.559743440024e-15,-1.710025929604e-15,-2523.74916281,0.3239957087414,-143.3617543066
0,0,533,1.440643136664e-16,8.686508481248e-15,6.952898816747e-16,-2765.415557542,-1.728528957911,-145.5444047385
0,0,534,1.398662220858e-16,8.702615467635e-15,-7.484057734033e-16,-2642.295724585,-0.8104257095081,-145.3838598627
0,0,535,1.08880895598e-16,8.58009827203e-15,-1.431386414071e-15,-2656.708769605,1.526431812295,-143.5351661258
0,0,536,1.405741376918e-16,8.656925752466e-15,-2.239242089056e-16,-2694.115772039,-0.6576959565169,-144.4106692572
0,0,537,1.128559215574e-16,8.656616720306e-15,-2.835496441469e-15,-2744.074076537,-2.5402501849,-144.3365314915
0,0,538,1.514509954912e-16,8.690892740191e-15,-9.626736882687e-16,-2614.855071626,0.5992018280576,-145.1782009044
0,0,539,8.68696186034e-17,8.704706402472e-15,-7.759777150353e-16,-2669.391418457,0.1034414382431,-145.423159269
0,0,540,1.040265968275e-16,8.6386592669e-15,4.243813761973e-16,-2598.071461119,1.589007914569,-144.440547572
0,0,541,1.496009910918e-16,8.569683643887e-15,7.306773522702e-16,-2686.054880278,-1.021890596459,-143.239910679
0,0,542,1.194709646268e-16,8.635556633362e-15,-1.051584420526e-15,-2730.027227128,-0.06973600688806,-143.9381105355
0,0,543,1.156839500766e-16,8.621874434562e-15,-2.580863590684e-16,-2557.408972674,0.2861846618513,-143.9648404094
0,0,544,1.335611742213e-16,8.621091180714e-15,6.235464057228e-16,-2614.420700558,-2.786418708907,-143.9371825671
0,0,545,1.038399967522e-16,8.661081980386e-15,-2.425089162307e-15,-2606.465541582,-0.8827970287235,-144.3843732754
0,0,546,9.919721367208e-17,8.473111571036e-15,-5.02952436287e-16,-2641.218286492,-1.098777950384,-141.4642012012
0,0,547,1.208384921427e-16,8.636418523628e-15,9.506420385599e-16,-2647.272488998,1.245755980329,-144.0599064508
0,0,548,1.292222116018e-16,8.642692391133e-15,-1.191645949223e-15,-2583.620389655,-0.3152831578932,-144.1158830965
0,0,549,1.142867891631e-16,8.567551238763e-15,-1.557531294128e-15,-2586.085445207,0.03531642997995,-143.2920076361
0,0,550,1.137838813311e-16,8.579036791694e-15,-1.804208090056e-15,-2611.172816863,-0.5585319905726,-142.9440272941
0,0,551,1.099241214895e-16,8.614821600377e-15,5.388613055841e-17,-2634.538658758,-0.5882040683337,-143.2494386057
0,0,552,1.348514776212e-16,8.542059115313e-15,-3.487461168437e-15,-2783.431689798,-1.76335776498,-143.1592663931
0,0,553,1.064325725274e-16,8.609531030042e-15,-2.0707712621e-15,-2688.067898641,1.938078920774,-144.0502923722
0,0,554,1.147395645921e-16,8.5856227966e-15,-4.384603042105e-16,-2705.512168284,0.2963588530251,-143.5792402592
0,0,555,9.07119690482e-17,8.577368429813e-15,-1.950279777508e-15,-2731.739789015,0.3595737303706,-143.6435458358
0,0,556,1.14851673001e-16,8.659324822607e-15,-1.141817297869e-15,-2616.401044492,-1.465672322205,-144.5634514914
0,0,557,1.608709477961e-16,8.59317038449e-15,5.118737834352e-16,-2718.057855748,0.2945385069685,-143.4550596488
0,0,558,1.432623642081e-16,8.668881077674e-15,-1.128308880507e-15,-2720.873994269,-1.451862176831,-144.7046350386
0,0,559,1.284382194994e-16,8.656211209677e-15,-3.853010891091e-17,-2693.987066481,-0.9716743265671,-144.2796992522
0,0,560,1.39525566462e-16,8.664073245133e-15,8.667842744047e-16,-2632.361408279,-0.6425778432864,-144.3413901315
0,0,561,1.096401192034e-16,8.585460351488e-15,2.829171728418e-16,-2668.590926841,-0.5174048331152,-143.736713626
0,0,562,1.305989145275e-16,8.584744361217e-15,1.288419194989e-15,-2619.178155518,0.2512138650243,-143.4593611246
0,0,563,1.053571066094e-16,8.590780883993e-15,-5.769892491301e-16,-2648.263173428,-0.2507324234004,-143.5582560749
0,0,564,1.223548514294e-16,8.602753091087e-15,-5.143099656005e-16,-2680.806417893,0.3815214441754,-143.6011742595
0,0,565,1.187074452241e-16,8.644614656617e-15,-1.527479385835e-15,-2600.321793811,-0.6892526107306,-144.2059968965
0,0,566,1.211794686024e-16,8.706302422664e-15,-2.03007946077e-15,-2598.124160929,2.172356966951,-145.5943333644
0,0,567,1.409093853556e-16,8.577315032569e-15,-4.427223996209e-16,-2602.325890167,2.120052929084,-143.2377358831
0,0,568,9.421809720492e-17,8.531188255803e-15,-6.209860881262e-16,-2615.089617528,-1.444478434367,-142.7566687048
0,0,569,1.290968315481e-16,8.618699168812e-15,-1.26322498406e-15,-2572.400303528,-0.7180212935154,-144.0430821729
0,0,570,1.157115377797e-16,8.546990818347e-15,-2.658457880217e-16,-2685.609298534,-1.172072470526,-142.9910689522
0,0,571,1.254210614477e-16,8.573415754624e-15,7.316681027862e-16,-2622.378316728,0.03827452947579,-143.7843459816
0,0,572,1.064863114937e-16,8.557751692584e-15,1.623166441031e-15,-2627.774841056,1.484329159527,-142.991726253
0,0,573,1.011114030419e-16,8.707654242463e-15,-1.190202841162e-15,-2644.719093468,-1.584331292839,-144.997541954
0,0,574,1.27530432783e-16,8.600809287928e-15,-7.476758997966e-16,-2537.281461432,-1.274956155887,-143.7896843094
0,0,575,1.135194611587e-16,8.644412206271e-15,-2.030431543938e-15,-2632.785388649,0.5079973166593,-144.1513059794
0,0,576,1.30931929567e-16,8.512773283425e-15,1.727235585381e-15,-2623.683418414,1.602198041381,-142.6229100385
0,0,577,1.378265339313e-16,8.557855856132e-15,-1.679875613538e-16,-2563.628618382,0.8554356105735,-143.1028471817
0,0,578,1.211622477854e-16,8.63327205906e-15,9.814540488554e-16,-2669.264632812,-1.096350798628,-144.1081532617
0,0,579,1.45702641491e-16,8.588610506082e-15,-2.570219265792e-15,-2781.780516627,-0.4672189049731,-143.4529015788
0,0,580,1.282036187703e-16,8.588805005799e-15,-8.615650515645e-16,-2497.829474053,-3.104047387193,-143.7812496287
0,0,581,1.331399271566e-16,8.694621491933e-15,1.593474288805e-15,-2512.457273341,1.219553260425,-145.6599250517
0,0,582,1.336785584162e-16,8.560737074842e-15,-3.261244217603e-16,-2606.888643445,0.2401307007859,-143.2191125788
0,0,583,1.058868141567e-16,8.604477386838e-15,-7.81459947771e-16,-2705.122321544,1.413350248092,-143.8360730229
0,0,584,1.35682744641e-16,8.652077731356e-15,-1.336677856159e-15,-2608.47325675,-0.1908661894741,-144.1446773906
0,0,585,1.200231406809e-16,8.727746371998e-15,-2.811765698429e-16,-2619.994338215,-0.9258577048617,-145.4962255703
0,0,586,1.403412952225e-16,8.64138677029e-15,1.253586896204e-15,-2706.357480919,2.252473610539,-144.3640490129
0,0,587,9.144270561306e-17,8.601057908925e-15,-7.346749943179e-16,-2659.978495897,-1.269326879417,-143.3662045925
0,0,588,1.092324559913e-16,8.553652504127e-15,-1.674569705706e-15,-2687.284327116,1.265866419452,-142.8218388687
0,0,589,1.153652948981e-16,8.660275842985e-15,-6.112570876567e-16,-2609.64984436,0.01727311570678,-144.8336377505
0,0,590,1.279315597189e-16,8.623469997374e-15,-1.088013662091e-15,-2638.918073462,0.5570107494175,-144.1213828262
0,0,591,1.462792967369e-16,8.629463938401e-15,-3.40274671639e-16,-2677.46362125,-1.342516701243,-143.7809296472
0,0,592,1.306205214748e-16,8.62543879522e-15,-1.276085455241e-15,-2613.319438935,1.052283607264,-144.1422846663
0,0,593,1.358272719627e-16,8.652338962037e-15,5.98216884799e-16,-2663.742914364,-0.1392505466815,-144.7924146729
0,0,594,1.137300957939e-16,8.652933791801e-15,-9.401810841839e-16,-2700.290207747,1.833788187876,-145.0956060702
0,0,595,1.314567045855e-16,8.674149774206e-15,9.042629566556e-17,-2615.408084351,0.0933510249067,-144.9418471445
0,0,596,1.189081142545e-16,8.575608953838e-15,2.116429434512e-15,-2628.834054239,0.03937867349981,-142.9658499092
0,0,597,1.55608244137e-16,8.606529283132e-15,-1.593632873136e-15,-2599.203805365,-1.075236417906,-144.0484234601
0,0,598,1.435171258199e-16,8.622333513818e-15,8.660160438402e-16,-2784.833291588,-0.5118506008058,-144.5309858514
0,0,599,1.229095362015e-16,8.595858112474e-15,-1.253540781999e-15,-2586.511952824,0.4241072282242,-143.6066064139
0,0,600,1.087361009816e-16,8.603978822501e-15,-2.108578162582e-15,-2581.792661922,-1.892167996287,-143.9049962163
0,0,601,1.390315497053e-16,8.602303413506e-15,-7.113182434483e-16,-2675.459739385,-0.9841963784058,-143.761754162
0,0,602,1.208948015061e-16,8.63310333892e-15,-6.011974053826e-16,-2598.501641592,0.03615921263351,-144.6872249777
0,0,603,1.165739724259e-16,8.661267751224e-15,-9.588897886129e-16,-2646.32985961,0.9690572799072,-144.680134102
0,0,604,1.213684257566e-16,8.659176164118e-15,-1.487858296701e-15,-2629.744314712,-1.423728366491,-144.5793207297
0,0,605,1.280014955818e-16,8.685120245681e-15,-2.512937066556e-15,-2652.705251766,0.380855980635,-145.0323181495
0,0,606,1.164224712864e-16,8.609088314397e-15,-2.614220824775e-15,-2624.121393833,-0.6986499543396,-143.5739284281
0,0,607,1.327753639294e-16,8.540242768562e-15,5.273991590131e-16,-2566.251549047,-0.9433002090593,-142.6175527659
0,0,608,1.236840210557e-16,8.696287258841e-15,4.333530629221e-16,-2644.546058189,0.6766059973437,-144.9932162107
0,0,609,1.22294516929e-16,8.70604159219e-15,-2.546118532584e-16,-2662.174966786,0.4579526025738,-145.5242131319
0,0,610,1.007309922496e-16,8.622730294602e-15,-1.72675807286e-15,-2679.034284735,-1.089560919075,-143.8422970367
0,0,611,9.674540428362e-17,8.613460305267e-15,-1.383801658621e-15,-2640.109208022,1.897166843702,-143.6034010874
0,0,612,1.254306208234e-16,8.572909695602e-15,7.522579644464e-16,-2726.595336997,-1.871395148309,-143.1470797579
0,0,613,9.809575328891e-17,8.644275553228e-15,-1.689574692591e-15,-2670.038575078,-0.8265053168831,-144.5495726199
0,0,614,1.494180631977e-16,8.655221291388e-15,-2.649837248093e-16,-2642.91227246,-0.9516265941721,-144.8514680071
0,0,615,1.379889430057e-16,8.633206035706e-15,3.83137184403e-16,-2646.193346286,-0.7411489170682,-143.8266534344
0,0,616,1.121217810707e-16,8.594555546894e-15,-2.486252768657e-15,-2700.514016901,0.8321139809353,-143.7918974115
0,0,617,1.081226261706e-16,8.584689169204e-15,-1.207376792915e-15,-2669.991804057,0.7841237456216,-143.4142245614
0,0,618,1.108168307451e-16,8.57190347849e-15,-2.533816117543e-16,-2641.362318221,-2.15103617275,-143.0342645419
0,0,619,1.094071909171e-16,8.603785494877e-15,-1.840124747389e-16,-2626.135039749,-0.6013326824228,-143.7122670483
0,0,620,1.463008171866e-16,8.68685586105e-15,-8.555001456269e-16,-2658.448414418,0.1267865418451,-145.0577436077
0,0,621,1.058160724121e-16,8.700797947686e-15,-4.281979167741e-16,-2616.899384616,0.1998239221452,-145.1013057845
0,0,622,1.329766770931e-16,8.576356726497e-15,-1.487814646867e-15,-2564.048533996,0.4451350539028,-143.5959545428
0,0,623,8.993322170041e-17,8.671431697196e-15,-2.423563757894e-15,-2654.614338985,-0.007809706662061,-144.9122857697
0,0,624,1.184216355098e-16,8.559974754237e-15,-2.310793825841e-16,-2682.145377095,0.07570205874062,-143.2346096045
0,0,625,1.164096624066e-16,8.625167265094e-15,4.113852483279e-16,-2726.201995268,-1.231333395789,-143.9364759408
0,0,626,1.215074262382e-16,8.575044252716e-15,5.856903329398e-17,-2698.737750797,-1.764630940664,-143.350646689
0,0,627,1.289556033517e-16,8.618245007689e-15,-1.075696274909e-15,-2688.776337944,1.427625878613,-143.8080722989
0,0,628,1.316547943911e-16,8.651797597392e-15,-5.335529503227e-16,-2640.452550707,-0.3659238329296,-144.5759289526
0,0,629,1.200017628436e-16,8.552134649769e-15,-2.468790173147e-15,-2726.867365917,1.134359340337,-143.1992041677
0,0,630,1.11529396943e-16,8.540628617105e-15,-1.825142117566e-15,-2621.792874542,-1.333382165696,-143.1830337085
0,0,631,1.290635396402e-16,8.504486116401e-15,-1.558023462391e-15,-2614.389598945,0.744933886787,-142.7538992408
0,0,632,1.317379232878e-16,8.667174279638e-15,-6.628310184639e-16,-2715.354777724,1.894262481614,-144.6328883559
0,0,633,1.318461213706e-16,8.664091790148e-15,-5.587438587737e-16,-2608.341168022,-0.529982060581,-144.9055732668
0,0,634,1.062253630491e-16,8.472168774243e-15,7.988913933918e-16,-2662.720941085,1.026655783174,-141.9182861518
0,0,635,1.026748435221e-16,8.719742094258e-15,-6.264424848556e-16,-2598.193993278,0.06711697225993,-145.618744269
0,0,636,1.325023104076e-16,8.570712048246e-15,-2.195955265093e-15,-2664.174386185,0.7626835461771,-143.4054246175
0,0,637,1.492311707643e-16,8.705430299882e-15,-1.980909054044e-16,-2612.904897455,0.3794483415625,-145.3931304508
0,0,638,1.403389598372e-16,8.620447001192e-15,-1.471945628818e-15,-2637.2146085,0.7828307730851,-144.444989131
0,0,639,1.05828392837e-16,8.579741912068e-15,-2.347736691976e-15,-2589.212908038,0.5698445459162,-143.2473932423
0,0,640,1.315625908005e-16,8.632018973569e-15,-1.059215879631e-15,-2748.836826485,-0.355460223445,-144.0134261933
0,0,641,1.15618259523e-16,8.549599399849e-15,5.053940315491e-16,-2603.382731656,-0.6390119103333,-142.3566806432
0,0,642,1.258556986147e-16,8.578463726192e-15,8.809586657803e-16,-2568.728666503,-1.033311313934,-143.5972529475
0,0,643,1.552492396286e-16,8.680461988548e-15,-9.706325813151e-16,-2641.412131264,0.02750207325186,-144.8836363495
0,0,644,9.464434587744e-17,8.636559110556e-15,-1.939216448365e-15,-2658.667797085,1.06821919208,-144.0992528366
0,0,645,1.177237871526e-16,8.601433878347e-15,-8.233895827378e-16,-2573.657384381,-1.43114709913,-143.6196889076
0,0,646,1.194718483766e-16,8.71090719948e-15,5.988317827516e-16,-2682.295467064,-0.9437929320046,-145.0691033539
0,0,647,1.489653623119e-16,8.545985785619e-15,-3.014621219298e-15,-2643.269754008,0.19748706142,-142.5776569333
0,0,648,1.413320599209e-16,8.58606372904e-15,-1.752459031424e-15,-2766.475261829,0.8936041044241,-143.552483821
0,0,649,1.436376941434e-16,8.651930946543e-15,-8.899354070588e-16,-2645.435806563,-0.4703890385915,-144.1220601571
0,0,650,1.077274054626e-16,8.588979730114e-15,4.183001908127e-16,-2695.056809257,-0.232048722679,-143.7250070247
0,0,651,1.198888829201e-16,8.594154371593e-15,-2.761731198149e-16,-2737.696611133,1.038745003631,-143.6448491631
0,0,652,1.439723283214e-16,8.621527759952e-15,6.494064928422e-16,-2629.799884211,1.11502668172,-144.0552664159
0,0,653,1.458237414777e-16,8.593944377377e-15,1.587852016851e-16,-2629.438032501,1.960824238593,-143.6643762169
0,0,654,1.443597465354e-16,8.651059316744e-15,4.542185328402e-17,-2652.327413503,0.4965648508165,-144.2235310751
0,0,655,1.282259955206e-16,8.659876820177e-15,-1.948801224034e-15,-2659.517026314,-0.04281102185842,-144.2240812899
0,0,656,1.083204526103e-16,8.629815877072e-15,-1.298051756596e-15,-2640.156495705,1.969622334053,-144.0596890229
0,0,657,1.223950184409e-16,8.713598229197e-15,-1.245318479424e-15,-2621.868263474,-2.184450189046,-145.2287710086
0,0,658,9.198603967247e-17,8.571697077098e-15,1.002688715477e-15,-2452.311257364,0.82506678494,-143.4367815847
0,0,659,1.40994199624e-16,8.691607784038e-15,-3.222630990192e-16,-2670.962649765,0.5254855551818,-145.1736544261
0,0,660,1.309938435839e-16,8.663124642211e-15,-1.115726032586e-16,-2744.275901868,-1.253948744209,-144.8800985197
0,0,661,9.067827368015e-17,8.611950397157e-15,-9.131959270349e-16,-2666.813173337,-0.2647112115443,-144.4260175429
0,0,662,1.050251230473e-16,8.623148437297e-15,6.987962497705e-16,-2642.066916874,1.186942487468,-143.8241714459
0,0,663,1.123161668583e-16,8.687794075655e-15,2.820848785927e-16,-2617.203935136,0.01796761304721,-145.0872179097
0,0,664,1.293127948179e-16,8.582253454805e-15,1.523060557795e-15,-2722.265263289,1.115526428994,-143.3718018786
0,0,665,1.535944694263e-16,8.696740863406e-15,6.764057053988e-16,-2595.304475943,1.569662310643,-145.0751592501
0,0,666,1.339010868834e-16,8.590199149376e-15,-1.092510610271e-15,-2626.196607126,1.658892730798,-143.6581683189
0,0,667,1.377225127633e-16,8.639065632491e-15,6.838440794723e-16,-2559.725641592,-0.4975078153553,-143.6090907969
0,0,668,1.203066556403e-16,8.589217071458e-15,7.857433328198e-17,-2645.13266911,-0.1162540334237,-142.9184675687
0,0,669,1.283811298566e-16,8.664945612569e-15,3.864939077598e-16,-2585.353792799,-1.175436357056,-144.8470062964
0,0,670,1.434293317175e-16,8.578576482441e-15,-6.365256316937e-16,-2550.558650998,-0.5273007867174,-143.248566195
0,0,671,1.198375430456e-16,8.656013040542e-15,-3.82369972513e-16,-2629.577982159,-1.501983137723,-144.6985353311
0,0,672,1.184615781687e-16,8.684994983274e-15,-1.080428402972e-15,-2659.880592933,0.373980502939,-144.5497970823
0,0,673,1.454613544028e-16,8.580598292349e-15,-2.015178490833e-15,-2586.373478518,1.482462788083,-143.4056194897
0,0,674,1.143367218305e-16,8.509342442336e-15,-1.196045535096e-16,-2633.553461541,-0.3984096804444,-142.2108149824
0,0,675,1.391767731245e-16,8.617762633772e-15,-6.658039408109e-16,-2551.463303204,-0.9185560851443,-144.2280981782
0,0,676,1.232738296419e-16,8.498827975425e-15,-1.315632387618e-15,-2738.377747839,-0.3763141395622,-142.5157846756
0,0,677,1.035012956505e-16,8.594706940322e-15,-3.770187385153e-16,-2678.862554984,-0.551993074402,-143.6016438506
0,0,678,1.133376641508e-16,8.61745554958e-15,-1.63325730881e-15,-2695.977007837,-1.602347563945,-144.0088835609
0,0,679,1.157830742592e-16,8.635190766565e-15,-2.734438689392e-16,-2560.045708237,-1.551285999443,-144.1256634346
0,0,680,1.351547463441e-16,8.562629223576e-15,-1.532216990057e-15,-2565.439125502,0.5920299491775,-143.1316327017
0,0,681,1.173272514969e-16,8.557182069108e-15,6.427268812049e-16,-2625.580354578,-1.941877645204,-143.1438368029
0,0,682,1.082027173978e-16,8.568850596071e-15,-9.765470223109e-16,-2598.123143076,1.557803421508,-143.4570249363
0,0,683,1.20671366937e-16,8.712558700214e-15,-1.696525520483e-15,-2647.452231541,-1.946931330027,-145.0495518842
0,0,684,9.272337173524e-17,8.601158235131e-15,-2.065304636981e-16,-2613.588129943,1.126725675567,-143.4268740671
0,0,685,1.436259955232e-16,8.60284249985e-15,-3.504011397869e-16,-2636.164885028,-0.01044768333599,-143.6891319935
0,0,686,1.292060365392e-16,8.635213710536e-15,-1.316562562716e-15,-2618.73279129,0.8976488041516,-144.3088895354
0,0,687,1.088861229877e-16,8.604268302222e-15,-6.806717138658e-16,-2762.63015755,-0.6168869740159,-143.8950021917
0,0,688,1.164720730449e-16,8.623464950413e-15,-1.373009442708e-15,-2682.840339735,0.3204438063541,-144.055946099
0,0,689,8.521343334341e-17,8.579576949313e-15,-1.152945933639e-15,-2639.142255137,0.1628043697904,-143.2180366449
0,0,690,1.485674149356e-16,8.705596038664e-15,1.877105270496e-16,-2646.968489259,0.6992051378185,-145.3295344231
0,0,691,1.350544625698e-16,8.67999686227e-15,-2.32423607322e-15,-2591.815845408,1.443270142617,-144.8708759839
0,0,692,1.215529854614e-16,8.605402040553e-15,7.842337306878e-16,-2710.474783692,-0.3823145210567,-143.6535356682
0,0,693,1.326813991871e-16,8.576933862832e-15,-1.700653400117e-15,-2559.122192617,0.7173767320951,-143.4377487454
0,0,694,9.806485497528e-17,8.527433194411e-15,-9.243033509088e-19,-2659.954909374,2.362720226944,-142.8592143765
0,0,695,1.326543833097e-16,8.633591296969e-15,-1.083113329247e-15,-2665.031371356,-0.8420114650846,-144.1189328869
0,0,696,9.79698860662e-17,8.738628551362e-15,-3.463257596516e-16,-2577.379123398,1.303478851156,-145.68911742
0,0,697,1.199129056781e-16,8.695677958331e-15,-9.0037973108e-16,-2624.454924503,-0.3879012155668,-145.4520791495
0,0,698,9.936127841104e-17,8.649042089734e-15,-6.043424255561e-16,-2537.857133764,-2.508679409848,-144.4291008498
0,0,699,9.918295005486e-17,8.677959803595e-15,9.817286492174e-16,-2556.859310634,1.995660205705,-144.4407678122
0,0,700,1.067471273229e-16,8.598391647444e-15,-1.728651978894e-15,-2675.557588172,-1.645427866054,-143.836597931
0,0,701,1.548059009907e-16,8.566357780116e-15,-2.44653301138e-15,-2623.41327597,1.799086835135,-143.1507332158
0,0,702,1.333847796196e-16,8.579138452085e-15,-2.798679199496e-15,-2790.653074508,-1.376417006351,-142.4955494124
0,0,703,1.310960381499e-16,8.585776003633e-15,2.335489568824e-15,-2672.958189259,-0.4381429930643,-143.1953668193
0,0,704,1.266027500398e-16,8.671241583556e-15,-7.067946192003e-16,-2638.522834698,-2.182602912848,-144.9593573926
0,0,705,1.130360627496e-16,8.599919243333e-15,2.357181276104e-15,-2720.83708609,3.866543634362,-143.6955920256
0,0,706,1.40287959489e-16,8.687813452551e-15,-1.4193411806e-15,-2616.302166837,-2.965709069497,-144.66596176
0,0,707,1.294687239385e-16,8.719418706232e-15,-1.685908257951e-15,-2654.501708645,-0.346732037906,-145.2801122987
0,0,708,1.420120013941e-16,8.608193948555e-15,1.460911516173e-15,-2603.357139187,-0.203062880877,-143.8891345523
0,0,709,1.266744597131e-16,8.670353182864e-15,2.764284339989e-16,-2626.703099382,-0.4341926644293,-144.9854920705
0,0,710,1.179206792604e-16,8.521126125557e-15,7.81909939056e-16,-2686.63562565,1.613692370204,-142.5449738311
0,0,711,1.09436953466e-16,8.596503144803e-15,-2.595403872852e-15,-2720.511580347,-2.015072146921,-143.6061216612
0,0,712,1.360310084949e-16,8.591164002465e-15,-1.055781171103e-15,-2583.802977103,-1.959815366111,-143.6315974323
0,0,713,1.325144048586e-16,8.657914197236e-15,-2.407072647578e-15,-2639.27705496,-0.3886153404021,-144.2979240624
0,0,714,8.403722124316e-17,8.655413543007e-15,-3.693117427301e-17,-2524.062847953,0.965319527941,-144.3682442414
0,0,715,1.557394551813e-16,8.659369575805e-15,-6.771169234043e-16,-2605.793756986,1.20804309097,-144.6529536459
0,0,716,1.389526290828e-16,8.632641402122e-15,-8.902403359307e-16,-2592.158721396,1.893977052025,-144.6349228109
0,0,717,1.011497400723e-16,8.631125064922e-15,-3.010800046247e-15,-2618.091793071,0.5192459684991,-144.5813220361
0,0,718,1.011368508714e-16,8.474274699246e-15,-7.568507003832e-16,-2499.855694304,1.582427042382,-141.4706831751
0,0,719,1.219478887297e-16,8.596423094784e-15,-1.040918040672e-15,-2606.314861449,-0.6046634301113,-143.4043560921
0,0,720,1.362231176478e-16,8.707322127303e-15,-9.072818377223e-16,-2674.573750413,-0.0551122496183,-145.0436411231
0,0,721,1.029461202348e-16,8.644330486739e-15,-4.792128387791e-16,-2628.915985802,0.2463224876486,-144.0854194688
0,0,722,1.157822315968e-16,8.593602647639e-15,-6.100533284905e-16,-2695.740026351,-1.331003006797,-143.4409286647
0,0,723,1.308589689776e-16,8.688910701556e-15,-1.50808254621e-15,-2642.851676227,1.4012774675,-144.8964627407
0,0,724,1.320629805652e-16,8.623513839347e-15,-9.072629475364e-16,-2631.082534297,-0.555379786422,-143.7598220964
0,0,725,1.240336660196e-16,8.575945387532e-15,-2.129547977816e-15,-2619.519164273,-0.3257547855201,-143.2532851545
0,0,726,1.357454397526e-16,8.678588433322e-15,-1.824096275638e-15,-2633.93684743,-0.324620751115,-144.4612792097
0,0,727,1.015434910125e-16,8.710636525471e-15,-1.894016054083e-15,-2649.426330106,-2.36528546563,-145.3003822453
0,0,728,1.288754798299e-16,8.625953515025e-15,-7.361156423333e-16,-2617.755032623,0.9626073693451,-144.3202017466
0,0,729,1.27362953043e-16,8.706892809769e-15,-3.333374451361e-16,-2448.047764895,0.72392816098,-144.8668886256
0,0,730,1.213302021054e-16,8.605045577821e-15,-8.654607553647e-16,-2604.555069789,1.526918576277,-143.798999479
0,0,731,1.362641695683e-16,8.716888757258e-15,-7.393399239584e-16,-2713.894118717,0.1661598219979,-145.0961589818
0,0,732,1.137175919972e-16,8.673016090189e-15,-1.98884278696e-15,-2595.219386154,1.942298002739,-144.5926125876
0,0,733,1.239066421496e-16,8.622662524092e-15,-5.787615891258e-16,-2582.111726349,0.2104239667938,-144.1777129254
0,0,734,1.360040897791e-16,8.566878102062e-15,1.107689088916e-15,-2599.661037796,0.6637146006703,-143.1817722991
0,0,735,1.297383312111e-16,8.646533130673e-15,7.924855710098e-16,-2531.292890612,0.278133231947,-144.4005868152
0,0,736,1.178022142166e-16,8.652874503832e-15,-2.01373179285e-15,-2590.943364135,-1.090583777174,-144.5654985831
0,0,737,1.08434120347e-16,8.602028918119e-15,-1.18400894977e-15,-2670.380554562,-0.3497949003755,-143.5216567938
0,0,738,1.137141816484e-16,8.596851975123e-15,-5.158629500959e-16,-2620.615867005,-0.587510239661,-143.4122424381
0,0,739,1.218468768826e-16,8.646804715865e-15,3.230699617433e-16,-2645.765807077,-0.4531224753992,-144.509477224
0,0,740,1.325249631113e-16,8.637041102231e-15,6.963018824347e-16,-2652.15427201,0.9559995084778,-143.8770555041
0,0,741,1.399154903312e-16,8.531319927065e-15,-3.185525313571e-15,-2694.364887819,0.6776995449599,-142.9377258145
0,0,742,1.260882958882e-16,8.588403983016e-15,-6.748867747246e-16,-2745.054369452,0.4113735531159,-143.5580867167
0,0,743,1.133607771027e-16,8.683273462919e-15,-1.317184077736e-15,-2628.605492142,-0.224891725913,-144.9613432924
0,0,744,1.39845852056e-16,8.662060259817e-15,-5.249044745959e-16,-2535.754439855,2.220028162894,-145.172565214
0,0,745,9.394802054696e-17,8.616460741002e-15,-2.392487174397e-15,-2564.487804597,2.11035637576,-143.829812223
0,0,746,1.518286686445e-16,8.6873190806e-15,-1.632027180729e-15,-2618.87426504,0.5843327320909,-145.1615026081
0,0,747,1.319183356681e-16,8.647816158259e-15,-4.106193031694e-16,-2561.682658292,-1.437414876995,-144.7686764786
0,0,748,1.165243953209e-16,8.613932404259e-15,-7.877597543366e-16,-2615.918644383,-1.10464146884,-143.146946092
0,0,749,1.304416226454e-16,8.601975799381e-15,-1.415829468974e-15,-2618.983576603,0.5641497724561,-143.7153769206
0,0,750,1.127379013627e-16,8.642484745992e-15,-2.151293558799e-15,-2691.328146367,1.903899353515,-144.7627459179
0,0,751,1.285311713892e-16,8.61970769671e-15,-1.422436406191e-15,-2649.701445942,2.506771399135,-144.1021791662
0,0,752,1.262175127159e-16,8.579192666136e-15,4.698461814889e-16,-2720.206746125,3.227455686639,-143.3517136212
0,0,753,1.50261371685e-16,8.622180233588e-15,-1.635173703429e-15,-2658.537943381,0.9752282816517,-143.8351495584
0,0,754,1.18404808914e-16,8.599486389569e-15,-1.983251465729e-15,-2654.072505451,0.5984986102406,-143.2868487933
0,0,755,1.320552723376e-16,8.697064273487e-15,1.229455085299e-15,-2563.689050822,0.8646337401228,-145.1783900179
0,0,756,1.04679909745e-16,8.660351913747e-15,-1.78283039881e-15,-2678.417048915,-1.024826253554,-144.334685955
0,0,757,1.229764196897e-16,8.591279374012e-15,-6.225398690408e-16,-2685.882852063,0.2755851605877,-143.6077777066
0,0,758,9.541694595766e-17,8.670854461636e-15,-3.244305156563e-17,-2652.720254927,1.310337739646,-144.8095424711
0,0,759,1.243249443592e-16,8.620216568164e-15,-1.242859064132e-15,-2675.286665767,0.5946223293095,-143.8846881892
0,0,760,1.200953639305e-16,8.694799734077e-15,-2.06947038296e-15,-2708.055153206,0.5753757639453,-145.1818981511
0,0,761,1.170008975917e-16,8.562985005933e-15,1.008639876326e-15,-2736.175921672,2.7798678071,-142.9626328669
0,0,762,9.445138022075e-17,8.614040675364e-15,9.325601895207e-16,-2640.459242721,-0.2178390264342,-143.6601068117
0,0,763,1.284525981025e-16,8.66370467312e-15,9.585388853216e-16,-2684.965946923,-0.1934993314397,-144.5492234456
0,0,764,1.01859890519e-16,8.611601938614e-15,-5.474113799594e-16,-2765.352595559,-0.1788742433518,-143.9658310283
0,0,765,1.231016004917e-16,8.645008519495e-15,-2.298267601586e-15,-2666.275597369,-1.315084034603,-144.5411347631
0,0,766,1.226735727914e-16,8.707732157365e-15,-1.29349517139e-15,-2666.558951207,1.407078592273,-145.4517182875
0,0,767,1.268545012289e-16,8.575882519724e-15,-2.488608812821e-15,-2638.146238921,0.4017411334067,-143.834955144
0,0,768,1.068467523333e-16,8.509745421039e-15,-6.789480502367e-16,-2735.294408369,-1.169259873926,-142.3376258784
0,0,769,1.384530762901e-16,8.652041438109e-15,-9.17685168393e-16,-2539.600923851,0.3727972331907,-144.6378317459
0,0,770,1.221350763904e-16,8.598388783689e-15,-1.678079054167e-15,-2627.82991757,-0.5882230525373,-143.7474081838
0,0,771,1.43009411186e-16,8.684809595272e-15,-1.453797556634e-15,-2716.855337753,0.4692496312343,-145.2034519957
0,0,772,1.175585012774e-16,8.625566428018e-15,-2.491501068374e-15,-2653.998145046,-0.9250928278202,-144.0303699585
0,0,773,1.040680155441e-16,8.621097708539e-15,-2.430601706143e-15,-2700.235043224,-0.713385895319,-144.3064352379
0,0,774,1.297702023669e-16,8.673610626262e-15,6.173112636317e-16,-2719.446831332,1.859037601392,-144.6641994
0,0,775,1.15168737211e-16,8.647132020942e-15,5.226455513939e-16,-2620.301781428,-1.017696137798,-144.2625413373
0,0,776,1.134057504806e-16,8.525646435786e-15,-1.446581099674e-15,-2607.104811295,-2.718576366219,-142.5715802963
0,0,777,1.4339407015e-16,8.666082750552e-15,3.778211637118e-16,-2674.173684493,0.7961138849212,-144.3684746702
0,0,778,9.790533609196e-17,8.682264126967e-15,1.300253941962e-15,-2606.747533169,-0.1469318379844,-144.9985553588
0,0,779,1.247597624536e-16,8.5944282873e-15,-2.818923132624e-16,-2708.616181158,0.9901607344282,-143.5620862647
0,0,780,1.019160217254e-16,8.640343001509e-15,-5.612547007421e-16,-2526.461731687,-0.3611727275331,-144.5755114433
0,0,781,1.489719492339e-16,8.723968379882e-15,-1.891627619837e-15,-2714.873642839,-1.606936856389,-145.3967114002
0,0,782,1.214653548268e-16,8.671009273106e-15,-7.871686303325e-16,-2620.213004762,0.2958022089544,-145.0497590728
0,0,783,1.219358730743e-16,8.528689038993e-15,3.78887703368e-16,-2593.356271132,0.5207194768741,-142.6133473164
0,0,784,1.142068078353e-16,8.636780745877e-15,1.09749629169e-15,-2649.45095144,1.191222562532,-143.6720024989
0,0,785,1.125436155482e-16,8.706489728576e-15,1.506697350005e-15,-2673.622760157,-2.072235614515,-145.1385406281
0,0,786,1.041105952851e-16,8.603930672799e-15,-2.918819932999e-15,-2618.965719656,-1.463177739525,-143.8998405128
0,0,787,1.085049047847e-16,8.575822133515e-15,5.172225853167e-16,-2681.40819732,-0.1926738264113,-143.7779392645
0,0,788,1.18402126762e-16,8.578196416925e-15,-1.844177057874e-15,-2560.90124789,-1.310019639944,-143.4683124237
0,0,789,1.309275799209e-16,8.605917600976e-15,-8.804488576145e-16,-2621.525970269,1.61910180299,-143.992249375
0,0,790,1.141640951739e-16,8.673900938368e-15,2.680476472946e-16,-2697.258793407,-0.5054239766342,-144.8469170074
0,0,791,1.250159347584e-16,8.612119277572e-15,-5.659346760052e-16,-2606.22523834,0.6409732272043,-144.1160264773
0,0,792,1.183892485079e-16,8.58269157002e-15,-6.078320592318e-16,-2641.783526396,-0.6019560239481,-143.384899403
0,0,793,1.316427243863e-16,8.596934663407e-15,-1.363560126858e-15,-2642.838706345,0.3732241421469,-143.5550537106
0,0,794,1.284155802205e-16,8.655596775521e-15,-2.322163491584e-15,-2691.04690948,-2.637165546382,-144.7515135744
0,0,795,1.30857603503e-16,8.676375331611e-15,-2.377956855403e-15,-2700.446229348,-0.779416653795,-145.1928111639
0,0,796,9.13175093194e-17,8.644602304629e-15,5.630240098165e-18,-2618.905487257,0.4168074876991,-144.644035405
0,0,797,1.534900267937e-16,8.694395279642e-15,-1.587353835394e-15,-2554.232457104,-0.2740684161897,-145.0954448038
0,0,798,1.356640080888e-16,8.561828863813e-15,-1.536557343288e-15,-2653.872286944,1.61059490688,-143.3206575163
0,0,799,1.148561308891e-16,8.622917306409e-15,-7.175843884872e-16,-2627.570427786,1.476635047975,-144.0375280192
0,0,800,1.370264381012e-16,8.738981374827e-15,-5.68254608646e-16,-2668.762747974,3.061255056995,-146.1774855273
0,0,801,1.203187751016e-16,8.6587883765e-15,5.436821017409e-16,-2743.172876793,-0.8743234422992,-144.7791696708
0,0,802,1.018427426039e-16,8.568826652344e-15,-1.551657168082e-15,-2562.9999122,-0.007268612305169,-143.1390648181
0,0,803,1.235204256462e-16,8.62635712042e-15,-7.44698706314e-16,-2620.943215812,-1.170666645271,-143.8561448001
0,0,804,1.283264347636e-16,8.625933157701e-15,-1.434147295968e-15,-2492.287270534,-0.2449510143684,-143.7902446257
0,0,805,1.387605245704e-16,8.65936620822e-15,-6.825638860059e-16,-2504.602523552,-0.6427296828381,-144.5177290916
0,0,806,1.069185871808e-16,8.680721695149e-15,-1.179354121923e-15,-2609.508225029,1.150518657741,-144.7907662443
0,0,807,1.421679838711e-16,8.587519996103e-15,-3.033623119849e-16,-2584.851745492,0.06863729598999,-144.1625105868
0,0,808,1.517656300865e-16,8.567411579945e-15,8.713877123138e-17,-2593.762389745,0.1594986052504,-143.5518679507
0,0,809,1.587475309911e-16,8.657353676886e-15,-1.742351706659e-15,-2684.766275564,0.6135889366335,-145.1651343335
0,0,810,1.137095742896e-16,8.534275748232e-15,1.998987398732e-16,-2614.002596736,0.4442864036894,-142.2041440628
0,0,811,9.81905251991e-17,8.553946878214e-15,-7.708670633887e-16,-2642.120210352,1.310839617044,-143.1059109955
0,0,812,1.141044831432e-16,8.597234156999e-15,-2.389376809119e-15,-2632.960159848,0.2801580183113,-143.8856356203
0,0,813,1.22156088737e-16,8.642804860839e-15,7.964780465175e-16,-2514.75675359,-0.5555070041959,-144.2146459962
0,0,814,1.089094526383e-16,8.627887058469e-15,-1.184052840662e-15,-2779.665694271,0.8112223186309,-144.6652943482
0,0,815,1.304820600972e-16,8.630761124441e-15,-1.277356936072e-15,-2607.752279575,-1.483478692802,-144.4576406464
0,0,816,1.012753916266e-16,8.580756813351e-15,-2.366386333965e-15,-2677.521607316,-1.189376255997,-143.3595385386
0,0,817,1.257222657744e-16,8.674106531477e-15,5.424542437856e-16,-2646.393793027,0.3982429084701,-145.1804892506
0,0,818,1.173265030347e-16,8.539797231292e-15,-3.964814913447e-17,-2712.095667914,1.583845742264,-143.0076090001
0,0,819,1.155413140434e-16,8.668800276302e-15,-2.305889276459e-15,-2638.283615352,-1.471281181908,-144.6014233028
0,0,820,1.291134556045e-16,8.623956216459e-15,-7.398331072126e-16,-2661.88057571,3.043226355815,-143.6797726815
0,0,821,1.084727652223e-16,8.695142316282e-15,-8.353808642015e-16,-2561.840037863,-0.5578197916972,-144.789372547
0,0,822,1.022734505388e-16,8.679332798735e-15,-1.42722874657e-15,-2744.752772611,-1.399452427629,-144.8209743218
0,0,823,9.890773160411e-17,8.621094433899e-15,-5.913136473305e-16,-2491.456031517,0.5999488406303,-144.1671414025
0,0,824,1.166575267375e-16,8.653158416543e-15,-5.07896415658e-18,-2610.762593923,0.04387831615709,-144.7442676665
0,0,825,1.139282032502e-16,8.664464880591e-15,-1.422128938809e-15,-2621.925442218,-0.491293440624,-144.5545467912
0,0,826,1.20867450882e-16,8.588803261402e-15,-8.406218832584e-16,-2558.788187798,1.545468596644,-143.5896048932
0,0,827,9.832691586729e-17,8.627723585882e-15,-1.212479535388e-15,-2626.81624114,0.9741137875625,-144.7497526272
0,0,828,1.073109986077e-16,8.666410449614e-15,-1.546791458087e-15,-2745.435889191,0.658553106979,-144.4065005917
0,0,829,1.560813182737e-16,8.531432567605e-15,-1.053272978218e-15,-2585.565869294,-0.2165911350836,-143.1785117008
0,0,830,1.414920822373e-16,8.521659498744e-15,-2.608741189293e-16,-2698.459889254,0.5956061633611,-142.756382283
0,0,831,1.108273549302e-16,8.548542944197e-15,-2.931104479654e-16,-2608.561391117,0.4556923337748,-142.9374885954
0,0,832,1.338735413964e-16,8.670989879538e-15,-9.686378965854e-18,-2608.730827422,-0.2826824278949,-144.6690206463
0,0,833,1.388078651737e-16,8.62788767751e-15,-1.310777583408e-15,-2534.227666478,1.737152374885,-143.9407172155
0,0,834,1.275541763285e-16,8.688896342581e-15,-7.492882426475e-17,-2615.647836428,-1.904509531934,-145.2010221797
0,0,835,1.182746619164e-16,8.580205018792e-15,1.335872651715e-15,-2633.525205515,1.290713127299,-142.9979908742
0,0,836,1.269784717888e-16,8.566743705117e-15,-2.165786480945e-15,-2595.965008556,0.7649841313749,-143.5451130537
0,0,837,1.208374545207e-16,8.685883707371e-15,-1.760438615474e-15,-2626.956366049,-0.4446658672776,-145.0399034458
0,0,838,1.219933631925e-16,8.600196692902e-15,-3.623940407698e-16,-2609.529802247,1.355295745538,-143.5996588627
0,0,839,1.069076411334e-16,8.665273439403e-15,-2.206608571904e-15,-2579.749156244,0.05743827917009,-144.5763362014
0,0,840,1.694768589219e-16,8.625410340457e-15,-3.288882315341e-16,-2722.358154792,-0.4496207595201,-144.1272725704
0,0,841,1.226948600522e-16,8.592156165314e-15,1.917973690254e-15,-2649.420190134,0.1520831178001,-143.9331783078
0,0,842,1.186264192381e-16,8.527450791598e-15,-3.411767249219e-16,-2694.453280953,-1.191465249084,-142.8577618556
0,0,843,1.010597891544e-16,8.648856183251e-15,3.770544955042e-16,-2625.470898841,-0.5103321099185,-144.2657166766
0,0,844,1.097148446824e-16,8.556228390159e-15,-1.154801090185e-15,-2622.632428699,-0.6827675155583,-142.6866057932
0,0,845,1.261120273805e-16,8.78964796123e-15,8.457135025162e-17,-2582.658372081,-0.1825676067779,-147.0071272033
0,0,846,1.330930661446e-16,8.716787026673e-15,-1.263375033888e-15,-2745.251105444,-0.9145194366122,-145.3085695978
0,0,847,9.869184744768e-17,8.715364476641e-15,-1.092329687508e-15,-2643.893011593,1.332134134276,-145.3568283054
0,0,848,1.378200109999e-16,8.628248668554e-15,-4.728803421639e-16,-2670.086108354,-1.269423028937,-143.9544367425
0,0,849,9.594268215279e-17,8.648707488282e-15,-3.846125824351e-16,-2620.358909718,-0.5337942376602,-144.5822075038
0,0,850,1.354089901209e-16,8.547689783001e-15,-4.601263445969e-16,-2678.493857769,-0.521200420802,-142.6840078642
0,0,851,1.110896046671e-16,8.62150569039e-15,-1.171563601483e-15,-2569.193282425,0.5168676698286,-143.6815961036
0,0,852,1.161153704498e-16,8.591909223375e-15,-1.641860561809e-15,-2640.420796275,0.5815990534641,-143.2153830787
0,0,853,1.284000630165e-16,8.483389416051e-15,-9.010533729077e-17,-2601.536718188,0.7969020201415,-141.9027610526
0,0,854,1.384589863387e-16,8.61493338985e-15,1.201473616122e-15,-2735.52087939,-0.4302013852823,-143.7296856574
0,0,855,1.055575780465e-16,8.689062873571e-15,3.27850277476e-16,-2654.280411019,-0.4894151814752,-144.7438594956
0,0,856,1.296307173551e-16,8.58628350036e-15,1.03194971829e-15,-2607.617190114,0.3654576450504,-143.010075616
0,0,857,1.306945817381e-16,8.67613544789e-15,5.187426407448e-16,-2589.695305862,1.32040699486,-145.409777713
0,0,858,1.190396721251e-16,8.619993134297e-15,5.22459648663e-16,-2660.65728952,3.065947320286,-144.2647788386
0,0,859,1.343062373455e-16,8.533518258259e-15,-1.223238088673e-15,-2533.989458381,-0.3988408190031,-143.1862072562
0,0,860,9.768753118579e-17,8.664043308646e-15,1.298559477859e-16,-2650.188650219,1.210680682212,-144.8628614528
0,0,861,1.335377907222e-16,8.602792968677e-15,-6.793488979649e-16,-2665.278292422,-0.8515129126268,-143.7962837917
0,0,862,1.159242874287e-16,8.609886247432e-15,-5.662669557034e-16,-2663.003768051,-1.870753082689,-143.5859060293
0,0,863,1.156751615614e-16,8.648272821777e-15,-2.646581456315e-16,-2634.403582264,1.540673260138,-144.4033782318
0,0,864,1.190544850365e-16,8.68784755752e-15,1.022356828873e-15,-2569.847751694,-2.541493263163,-144.9006233862
0,0,865,1.140503112336e-16,8.545928051835e-15,-1.997932329897e-16,-2667.133132525,0.3054737109574,-142.7817354825
0,0,866,1.394512443209e-16,8.618024778667e-15,-7.240831800557e-16,-2612.685088841,-1.971196985649,-144.1194648049
0,0,867,1.256355690228e-16,8.53940006386e-15,3.866569010875e-16,-2577.615710494,-0.8158990118095,-142.9945729245
0,0,868,1.13827189196e-16,8.669841642067e-15,-9.465895113313e-16,-2600.949300732,3.191530598311,-145.1181545135
0,0,869,1.256405608685e-16,8.633137004661e-15,8.447254552859e-17,-2653.124621802,0.3587974134955,-144.2253734784
0,0,870,1.343627381777e-16,8.572163322488e-15,-3.599225616503e-16,-2635.706666061,1.202080039524,-143.4016444668
0,0,871,1.232839649974e-16,8.611149149361e-15,3.397963465585e-16,-2683.715218154,0.9269567117123,-144.1693677521
0,0,872,1.342788977202e-16,8.612165646518e-15,-6.119888059612e-16,-2664.249912549,-0.7858467509011,-143.7570548739
0,0,873,1.141162135536e-16,8.664298346995e-15,-1.433866199847e-15,-2543.272366012,-0.3196006365865,-144.5869617159
0,0,874,1.33200631592e-16,8.574641274978e-15,-1.140471722511e-15,-2676.856568042,-0.9438953819143,-142.9137689483
0,0,875,1.333340315501e-16,8.633932188352e-15,-5.610090384945e-16,-2677.341316976,-0.1203911511627,-143.9718786593
0,0,876,1.330545703342e-16,8.630280690459e-15,-2.553393071056e-15,-2647.631005343,-0.2055498067329,-144.1263517249
0,0,877,1.049150384842e-16,8.639792019233e-15,-1.892734068886e-15,-2621.394768505,0.4732132487896,-144.1828388334
0,0,878,1.167805999642e-16,8.643537594234e-15,1.231068258063e-16,-2742.332689625,-1.926770459582,-144.3569790537
0,0,879,9.673578883346e-17,8.629337008972e-15,-1.159323335495e-15,-2615.841519221,2.856826797415,-144.1022691514
0,0,880,1.360380555512e-16,8.547927634907e-15,-8.752751605698e-16,-2525.264869455,0.2320547036444,-142.6757449604
0,0,881,1.169527267325e-16,8.593647575221e-15,-6.034585985443e-16,-2674.219215807,-0.4401622283275,-143.8621079905
0,0,882,9.955677979018e-17,8.576970573864e-15,-1.043349573956e-15,-2615.953812341,1.535766853196,-143.1522214394
0,0,883,1.300572409215e-16,8.741689144429e-15,1.693097792834e-15,-2589.318678489,-0.5425482792167,-145.5625068084
0,0,884,1.08292274962e-16,8.664718956065e-15,-2.373531118273e-15,-2618.417732561,1.115491369738,-144.6446555423
0,0,885,8.964121118957e-17,8.617477611841e-15,1.131500523748e-16,-2618.89111242,-1.458179345549,-143.7816537075
0,0,886,1.177141494961e-16,8.583289333999e-15,-1.056250209576e-15,-2694.88317141,1.98573949014,-143.555428201
0,0,887,1.025734934247e-16,8.641832036767e-15,-5.799410273016e-16,-2565.577890315,0.3170932389775,-144.5052819074
0,0,888,1.258480480112e-16,8.607798380397e-15,-9.399476404737e-16,-2668.36786181,1.12678503279,-143.7442294869
0,0,889,1.254329620108e-16,8.619126418351e-15,1.19447099221e-16,-2659.574468549,1.424247794686,-144.2545497201
0,0,890,1.418519489721e-16,8.527845291896e-15,-1.417503602068e-15,-2591.40589823,-1.601830095072,-142.3683950827
0,0,891,1.283707491002e-16,8.674003435236e-15,-3.032179077849e-18,-2616.171323674,1.694871302295,-145.2802527155
0,0,892,1.254394432194e-16,8.59479870646e-15,8.708099231762e-16,-2603.497748395,-0.02860079580866,-143.0423026105
0,0,893,1.337750627429e-16,8.614337906184e-15,-6.075039731439e-16,-2592.554197289,-0.4020858683963,-143.6172922317
0,0,894,1.177290375998e-16,8.567981790222e-15,6.772426674904e-16,-2601.294792948,-1.130757169178,-143.111737911
0,0,895,1.33496552693e-16,8.616925886251e-15,-5.453915864357e-16,-2677.432740254,-1.367690507782,-144.402393223
0,0,896,1.064206359192e-16,8.642241778105e-15,-1.133321855297e-15,-2615.240627051,-1.637555761223,-144.5490838632
0,0,897,1.07622040878e-16,8.626734637323e-15,-5.463513693169e-17,-2652.859544806,-0.3679824953948,-144.2890830123
0,0,898,1.398414152527e-16,8.649224922748e-15,1.415194416522e-16,-2708.67096194,-1.400341747117,-144.5071045703
0,0,899,1.329769854617e-16,8.626958296922e-15,5.621882158968e-16,-2600.00988542,1.223686466275,-143.9157339256
0,0,900,1.394969515935e-16,8.622279211004e-15,8.143550383711e-16,-2565.558520857,1.25128261678,-144.1454677225
0,0,901,9.80193193853e-17,8.601043040438e-15,-2.529871972863e-15,-2646.607331454,0.3374001518402,-143.8125807351
0,0,902,1.351483301271e-16,8.652155833646e-15,-7.198576934735e-16,-2621.137583515,-0.3027823551351,-144.6228231695
0,0,903,1.13034636836e-16,8.591536391786e-15,-1.423637681087e-15,-2655.389113913,0.8961863931687,-143.4733712962
0,0,904,1.408032548066e-16,8.536639396324e-15,-4.500649536271e-16,-2657.938988341,-0.6767610704006,-143.2385119649
0,0,905,1.085594877413e-16,8.5907390145e-15,6.494131578893e-16,-2574.836394177,4.206684694772,-143.526720723
0,0,906,1.088008994068e-16,8.615848072848e-15,9.800573126437e-16,-2635.20744554,-0.3771953736812,-144.1917302756
0,0,907,1.154455888436e-16,8.602613797143e-15,-9.385146573152e-16,-2580.720785072,-0.6335437742737,-143.6107483377
0,0,908,9.250536033994e-17,8.57176729527e-15,-1.630460141989e-15,-2585.798274531,2.086723335502,-143.3787654104
0,0,909,1.369518727093e-16,8.6389870082e-15,-1.769404180277e-15,-2685.081004734,-1.237691150809,-144.7105398857
0,0,910,1.254952452036e-16,8.656764726412e-15,4.824801406238e-18,-2688.51232125,-0.05626691973054,-144.7245497464
0,0,911,1.152297784862e-16,8.621764045395e-15,-1.777097659604e-17,-2663.767840878,1.200546177284,-144.541959475
0,0,912,1.295571231535e-16,8.656713150498e-15,-3.877963500267e-16,-2549.891775777,1.412698180837,-144.7347106235
0,0,913,1.157170703626e-16,8.576774468618e-15,2.271506924775e-15,-2556.648204756,2.772065389736,-143.6246657526
0,0,914,1.101156907593e-16,8.703389134523e-15,1.109120032343e-16,-2609.28997421,-0.3075858935671,-144.992322363
0,0,915,1.118474030899e-16,8.570151426686e-15,1.427065841872e-16,-2702.190051502,0.04985578142818,-143.56120136
0,0,916,1.318092122356e-16,8.586552265503e-15,-1.578039488869e-15,-2726.012957958,-2.064131121797,-143.7618283048
0,0,917,9.871835361024e-17,8.562383584577e-15,-2.094262404211e-16,-2697.067206931,0.9291360523908,-142.9800343982
0,0,918,1.009336987517e-16,8.652484326378e-15,-1.914566660626e-15,-2566.262516334,-0.9345251572896,-144.601754447
0,0,919,1.329983013269e-16,8.479646867214e-15,1.120937018812e-15,-2620.450582356,1.427195943565,-141.7014125702
0,0,920,1.188461054072e-16,8.552842922689e-15,-5.761285053949e-16,-2597.266723756,-0.6464135529009,-142.9180198688
0,0,921,1.341643273929e-16,8.676500025847e-15,-7.398185783773e-16,-2835.360765916,-2.007158853997,-144.9161189944
0,0,922,1.142997423112e-16,8.662639570693e-15,-4.381669512663e-16,-2638.494962861,0.06415704958735,-144.4118947932
0,0,923,1.261282200742e-16,8.642909818169e-15,-1.37666293871e-16,-2616.438893756,-0.8114887505271,-144.2648045893
0,0,924,1.159727652649e-16,8.573418831828e-15,-1.282732894898e-15,-2680.288775181,0.9926448663247,-143.4043423524
0,0,925,1.032917994491e-16,8.580646439532e-15,-8.386926026631e-16,-2570.234536653,0.6096262057921,-143.6331738118
0,0,926,1.428279286433e-16,8.646555082881e-15,-2.170439002881e-15,-2578.924128977,1.643756624217,-144.2216470434
0,0,927,1.188904575699e-16,8.650346773241e-15,-5.389380410409e-16,-2722.185661481,-1.192214786612,-144.3463469269
0,0,928,1.492220791046e-16,8.549109622516e-15,1.603085342938e-16,-2704.926121619,0.8387936782117,-143.0830250322
0,0,929,1.464091028286e-16,8.610118777422e-15,1.423044866113e-15,-2685.280583965,0.3374792904556,-143.3004305257
0,0,930,9.559508969111e-17,8.636031191911e-15,3.00400280443e-16,-2645.036721263,0.5824654365582,-144.136494602
0,0,931,1.33450265456e-16,8.55324412281e-15,-4.205554883883e-16,-2600.199132411,0.7621824778686,-143.0482036356
0,0,932,1.395440274535e-16,8.692463263827e-15,-1.20700814158e-16,-2632.231920368,0.0750646458372,-145.1540356779
0,0,933,1.210514000179e-16,8.586343980693e-15,-4.741841494448e-16,-2779.508996367,1.430934024499,-143.6048162657
0,0,934,1.097492545541e-16,8.587379438033e-15,9.333650381755e-16,-2604.075074012,0.05441532956899,-143.4346549434
0,0,935,9.330142332687e-17,8.686853441797e-15,1.046939181259e-16,-2576.564397983,-1.062270309137,-145.000760055
0,0,936,1.292862932474e-16,8.502707448263e-15,-7.666763597324e-16,-2715.741318868,-0.6443472344559,-141.8202367374
0,0,937,9.245754463248e-17,8.649313473705e-15,-1.637887206314e-15,-2625.619503677,0.6437639829325,-144.4521378205
0,0,938,1.495803554981e-16,8.576633863538e-15,-1.606737417103e-16,-2693.643807053,0.8571768786601,-143.185792003
0,0,939,1.024157836161e-16,8.663024284065e-15,-1.717134069841e-15,-2587.164016032,-0.2059674272679,-144.5377998464
0,0,940,1.024889436812e-16,8.550465264637e-15,4.858447013893e-16,-2635.550703725,0.5454663462891,-143.1010667159
0,0,941,1.108725529629e-16,8.716825433837e-15,-5.636200477819e-16,-2644.783837591,-1.772709734366,-145.5441721404
0,0,942,1.448966948395e-16,8.658842510248e-15,-2.403076424693e-15,-2569.418602412,-0.7999564047213,-144.6486718445
0,0,943,9.722594480024e-17,8.689033195717e-15,-2.588175679984e-15,-2628.550536713,-0.2724573893163,-144.9021392741
0,0,944,1.089211624721e-16,8.582171442177e-15,-5.241516417353e-16,-2627.149702865,-0.2612161923853,-143.1750986597
0,0,945,1.287280525285e-16,8.650643516799e-15,-2.58541957341e-18,-2698.561654948,-0.6531483960023,-144.3226238905
0,0,946,1.250814617324e-16,8.67050097461e-15,3.011357412107e-16,-2568.095107202,-0.8950661513695,-144.6781024306
0,0,947,1.348157495327e-16,8.702926113677e-15,-1.35756423332e-15,-2583.640455091,1.583784830003,-145.4183512585
0,0,948,1.215471267585e-16,8.568322894851e-15,-5.730125044008e-16,-2649.481354124,-2.947015448705,-143.6757081946
0,0,949,1.043333303845e-16,8.576543748764e-15,-6.199520688176e-16,-2659.898164591,1.414744457903,-143.9829666928
0,0,950,1.121193076414e-16,8.521414345411e-15,-1.681611356846e-15,-2684.549153292,-0.5210969650258,-142.1642443266
0,0,951,1.130569891874e-16,8.598395076188e-15,-1.364660229623e-16,-2604.711602323,-2.116978534686,-144.2535642058
0,0,952,1.045877255916e-16,8.680644527997e-15,-4.058801812787e-16,-2654.346769506,1.780776637175,-145.0323324846
0,0,953,1.07525425004e-16,8.661509567048e-15,-2.393160976057e-16,-2586.953955819,0.30530248183,-144.2248166937
0,0,954,1.231853062336e-16,8.574453505085e-15,-2.981895038385e-15,-2624.878977622,-0.1882504640124,-143.6785152822
0,0,955,1.292039770339e-16,8.633992721732e-15,-1.102613692387e-15,-2653.971978821,-0.4132389776865,-144.5520123643
0,0,956,1.170144637709e-16,8.594969916573e-15,5.755780004118e-16,-2791.131008796,-1.809650050184,-143.3199882534
0,0,957,1.096332571518e-16,8.576974036304e-15,-1.411731301304e-15,-2605.855776065,0.6267605850849,-143.1206695498
0,0,958,1.041021484993e-16,8.620948735656e-15,-2.767076972417e-17,-2550.581667526,-1.113869070077,-143.5506828498
0,0,959,1.287542917156e-16,8.622705261388e-15,3.979675641133e-16,-2624.071991489,0.6318476762459,-143.8380600209
0,0,960,1.425467360572e-16,8.59905227442e-15,-1.239371569848e-15,-2632.210057771,0.2871513468263,-144.1526469791
0,0,961,1.258249318387e-16,8.686043420235e-15,2.3070543588e-16,-2652.511397946,2.0999186208,-145.082728985
0,0,962,1.035765827996e-16,8.648759093942e-15,-2.324937587534e-16,-2619.452209898,-0.3805679625058,-144.6163105387
0,0,963,1.191758798211e-16,8.566505368327e-15,-1.310176243535e-15,-2592.500139527,0.4544397311856,-143.0087043015
0,0,964,1.003213030007e-16,8.674471718853e-15,-1.588907432664e-15,-2678.082876124,0.4231587122026,-144.8906841643
0,0,965,9.469462477306e-17,8.653200297287e-15,-1.358039505095e-15,-2627.556659459,-0.3535746708721,-144.251067266
0,0,966,1.379636840876e-16,8.637164382584e-15,7.347779880292e-16,-2615.599399608,-0.346109513024,-144.2080042683
0,0,967,1.211522522365e-16,8.627298071498e-15,-2.414358542523e-15,-2690.155852938,-1.586908299896,-144.306931699
0,0,968,1.085023373712e-16,8.617363296973e-15,1.028894300797e-17,-2583.451615963,-0.4321578790806,-144.1832859297
0,0,969,1.180489389033e-16,8.655957538395e-15,-5.954687495319e-16,-2667.246294251,-1.704509195368,-144.7738629391
0,0,970,1.253009551364e-16,8.678505323196e-15,-1.84710056572e-15,-2616.485305564,0.1844948065442,-144.978249006
0,0,971,1.027516223646e-16,8.60584291975e-15,-1.575956214897e-15,-2537.360152645,-3.063144150916,-143.6046692298
0,0,972,1.349634462012e-16,8.632007707836e-15,6.17113041368e-16,-2596.43030638,-0.788460360226,-144.3133411709
0,0,973,1.076737217454e-16,8.604953301407e-15,-2.302062789113e-15,-2658.492628112,0.4296802403843,-143.9735018488
0,0,974,9.406855074629e-17,8.665816967996e-15,-5.70322873724e-16,-2581.011488959,0.2921007225972,-144.7514647075
0,0,975,9.879674840717e-17,8.528596411775e-15,-8.465563593849e-16,-2643.153511685,-0.5151872043809,-142.6323297897
0,0,976,1.475518504988e-16,8.651627433879e-15,-1.833465723916e-15,-2697.269194776,-0.5413697810314,-144.5389440951
0,0,977,1.137925778597e-16,8.581021529467e-15,-1.370876593378e-15,-2680.158429328,-0.9074685720044,-143.7954551431
0,0,978,1.198310606184e-16,8.625288873816e-15,1.218613946599e-15,-2681.584081237,1.640205950248,-144.0562845157
0,0,979,1.104393918757e-16,8.695079743007e-15,-9.889603330948e-16,-2610.712409098,1.560875718877,-144.9811698337
0,0,980,1.186551275039e-16,8.557727464338e-15,-1.421231423774e-15,-2552.52270047,-0.6811155229213,-142.8467445622
0,0,981,9.285530935243e-17,8.591313159924e-15,-9.490823583646e-16,-2678.821901649,1.730009018788,-143.3524531005
0,0,982,1.226415632259e-16,8.572008564794e-15,-1.469370592194e-15,-2598.182817648,0.2533913502691,-142.9292230173
0,0,983,1.126048551033e-16,8.675171782833e-15,-5.339767406719e-16,-2704.848975499,-1.818797048276,-145.2731024813
0,0,984,1.26512654034e-16,8.628033338929e-15,-5.104498930142e-16,-2657.964133624,-0.4660784407317,-143.8929559077
0,0,985,1.254964421166e-16,8.642082267778e-15,-7.953187584258e-16,-2660.013675102,-0.03427863950274,-144.3868769908
0,0,986,1.305578137045e-16,8.649812630598e-15,-1.650186363821e-15,-2562.091377561,-0.5775539391586,-144.9231546528
0,0,987,1.141866360945e-16,8.603827186383e-15,2.236227450863e-16,-2687.665215815,0.3656267094643,-143.5627973563
0,0,988,1.238377788812e-16,8.758405783634e-15,-1.191945448068e-15,-2660.125307971,0.6916999915958,-145.9264104277
0,0,989,1.249171517073e-16,8.640125803419e-15,-4.688827840474e-16,-2747.783608007,-0.2831602470081,-144.3402417167
0,0,990,1.287853680058e-16,8.60951946714e-15,-8.57018540312e-16,-2625.91597484,-0.5371379459091,-144.3653378883
0,0,991,9.772065733146e-17,8.562641510616e-15,-1.213101149691e-17,-2659.862735479,-2.29893519364,-142.8547447878
0,0,992,9.536210658052e-17,8.633382313544e-15,-9.248581615436e-16,-2668.996677394,0.7129628558199,-143.9204411227
0,0,993,1.017466288239e-16,8.610548836866e-15,-3.835742642454e-16,-2455.218469343,-2.37877401845,-144.0789889599
0,0,994,1.216165306734e-16,8.615929950689e-15,-1.765401799627e-15,-2656.088658505,0.5117402259424,-143.9062433765
0,0,995,1.35982485842e-16,8.589298318639e-15,-4.992599097991e-17,-2610.11531487,-0.3890651033893,-143.4848932118
0,0,996,1.292598718827e-16,8.605728554525e-15,-4.250418569916e-16,-2604.088278676,-0.2135344463057,-144.0983136331
0,0,997,1.178725846236e-16,8.625354797462e-15,-5.971078864767e-16,-2599.313662659,-0.3310776607188,-144.461831078
0,0,998,1.29889234145e-16,8.463450710643e-15,-1.656154133627e-15,-2500.567413687,-1.03227439535,-141.4817403864
0,0,999,1.163613147602e-16,8.645497207461e-15,-1.960460423981e-15,-2687.946645416,-1.983464653686,-144.0560907067
0,0,1000,1.209288600772e-16,8.645906386912e-15,-1.950380191586e-15,-2694.351764197,-0.8476942377461,-144.4673741137
5,2.5,1,2.357280131734e-16,1.312134379606e-14,-8.206621719435e-16,-3404.36542162,-2.45016467348,-220.3140956115
5,2.5,2,1.792343820672e-16,1.307807780542e-14,-1.202755790794e-15,-3543.069329694,1.489678212027,-218.7365015344
5,2.5,3,2.000762117363e-16,1.324708199674e-14,8.932810959665e-16,-3526.126242478,2.47767043515,-221.2669562835
5,2.5,4,2.006344581696e-16,1.330916224098e-14,-1.609780670514e-15,-3449.1529099,-1.05435841462,-222.094821457
5,2.5,5,1.985984640415e-16,1.33263745257e-14,-2.058505923205e-15,-3614.158494408,-1.753544620223,-222.3217853583
5,2.5,6,2.015022663016e-16,1.301436299221e-14,-2.149571504484e-15,-3538.850165524,-3.246221332599,-217.5089332431
5,2.5,7,1.793082199809e-16,1.296255967323e-14,-2.193317617488e-15,-3436.871704941,0.6304505995254,-217.902668591
5,2.5,8,2.554558982387e-16,1.319268902238e-14,-1.246763894504e-15,-3518.494839264,1.128704894243,-220.6790462168
5,2.5,9,2.00171176227e-16,1.324705413771e-14,-1.803574200608e-16,-3611.168079197,1.208594723782,-220.2993673261
5,2.5,10,1.863541356734e-16,1.305796927438e-14,-3.107070250198e-15,-3540.377002762,-0.5842679255632,-218.5180642621
5,2.5,11,2.074772966232e-16,1.303314299466e-14,-5.036328779649e-16,-3568.340737282,-1.806927729623,-217.7704136249
5,2.5,12,2.301403084533e-16,1.297293652819e-14,-7.503808312592e-16,-3405.078278763,1.885605845379,-217.0479435725
5,2.5,13,2.154704027715e-16,1.311547677444e-14,-2.873042678156e-15,-3528.135836933,-1.196102975153,-218.7317954721
5,2.5,14,2.564318210309e-16,1.322236224805e-14,-1.137513000588e-15,-3473.600752324,0.8488722394052,-220.8222471278
5,2.5,15,2.15862713393e-16,1.301674478744e-14,-5.776903733393e-17,-3546.861206377,2.613453148689,-217.772096227
5,2.5,16,1.850535166384e-16,1.312174586671e-14,1.081061375374e-15,-3579.817353083,1.588709596902,-219.1186629718
5,2.5,17,1.893182148928e-16,1.320242419628e-14,9.099487140735e-16,-3557.127615135,2.824512294056,-220.3574922922
5,2.5,18,2.231074475988e-16,1.30916814611e-14,5.691404811017e-16,-3551.602420174,0.7263126832129,-218.5015455408
5,2.5,19,2.438747483606e-16,1.314997929504e-14,-8.795715462914e-16,-3506.240003475,0.5223917699817,-220.0577467469
5,2.5,20,2.178340954875e-16,1.308965941977e-14,-1.740655066579e-15,-3423.094370425,4.111064468989,-218.4257110813
5,2.5,21,2.244006252898e-16,1.312165712501e-14,-2.75793239706e-15,-3527.618497582,-0.1819346183262,-218.8025194136
5,2.5,22,2.206762880171e-16,1.317648385007e-14,-6.907749669605e-16,-3598.272246852,-1.888840034213,-220.0501969849
5,2.5,23,2.369437531266e-16,1.308210653275e-14,-1.818329253407e-15,-3458.343202028,-1.622276627043,-218.4234738486
5,2.5,24,2.353354088712e-16,1.317759505133e-14,5.328881492833e-17,-3401.66660039,1.380772256015,-219.746164344
5,2.5,25,1.688853843099e-16,1.30999861545e-14,3.3244429299e-16,-3532.457191864,0.3560886366184,-218.8123352473
5,2.5,26,2.399101588575e-16,1.303696558511e-14,6.025822746714e-16,-3464.866171756,-1.261589800623,-218.1691301816
5,2.5,27,2.073802395171e-16,1.313803803672e-14,-8.773401718037e-16,-3377.560673043,0.6752945077137,-219.9555788226
5,2.5,28,1.936918117796e-16,1.309215694383e-14,-5.018136909275e-18,-3522.110755254,-0.6207768203817,-219.1034341164
5,2.5,29,2.014059251779e-16,1.319285300044e-14,-2.190256747138e-15,-3418.779339524,2.749771457702,-220.7605163891
5,2.5,30,1.977444418129e-16,1.305002411356e-14,-2.11275570143e-15,-3537.201963606,2.093173218229,-218.3857281012
5,2.5,31,2.094029993836e-16,1.316533364512e-14,-4.16125130887e-15,-3421.983369082,-1.698653388876,-221.2138632462
5,2.5,32,2.114934247721e-16,1.311747100518e-14,-2.032121822735e-15,-3482.896921432,1.720095063635,-218.6532005484
5,2.5,33,2.085116365574e-16,1.321187951046e-14,-1.831312281198e-15,-3400.493099313,2.557315391169,-221.2371549618
5,2.5,34,2.475837263978e-16,1.322790718852e-14,-2.703164165171e-15,-3411.476323488,0.1292073692402,-220.696560527
5,2.5,35,2.056120461052e-16,1.307270745435e-14,-5.289225094069e-16,-3523.518123237,0.6817187420066,-218.8039935167
5,2.5,36,2.131141687984e-16,1.303999239041e-14,7.690150696267e-16,-3350.611495871,-0.5891450936051,-218.0523508457
5,2.5,37,1.900698466922e-16,1.313667363512e-14,-1.645917594933e-15,-3551.47956471,1.698686606014,-219.9298098162
5,2.5,38,2.078203380904e-16,1.316306333369e-14,-2.222472118481e-15,-3584.215264594,-2.457235124243,-219.4789105823
5,2.5,39,1.97747921698e-16,1.330364828555e-14,-2.593864112774e-15,-3621.761189841,2.759708695711,-222.0972418694
5,2.5,40,1.925831817144e-16,1.320659010532e-14,7.009732903163e-16,-3443.837080431,-0.5436222768858,-221.0193000207
5,2.5,41,1.908792038204e-16,1.304585472187e-14,-1.54229854516e-15,-3474.144548472,0.1847457021069,-218.5176083259
5,2.5,42,2.359931973916e-16,1.307629174903e-14,-4.18788594727e-16,-3626.059426377,2.623493603866,-219.265199779
5,2.5,43,1.772351519514e-16,1.325877566167e-14,-3.546854502399e-15,-3499.094027007,-1.512180924865,-220.7303086198
5,2.5,44,1.92758520614e-16,1.311020929991e-14,-2.152614775356e-15,-3550.215837611,1.150878422498,-218.4447047833
5,2.5,45,2.054951645421e-16,1.323214870733e-14,4.427925768097e-16,-3514.105249241,-0.372083887285,-221.2611418488
5,2.5,46,2.033554734896e-16,1.301785956548e-14,-5.869792016191e-17,-3464.803602651,0.6587849153846,-217.8117390878
5,2.5,47,2.223161331224e-16,1.327696778283e-14,5.917925546522e-16,-3443.231523041,-1.338368368814,-221.7279792413
5,2.5,48,1.994216105781e-16,1.319354537111e-14,-2.329082540521e-16,-3595.24312376,-3.45585938366,-220.1536861336
5,2.5,49,2.640805556072e-16,1.317179477639e-14,-1.716941435061e-15,-3389.006875952,2.417109506054,-220.1959020973
5,2.5,50,2.553601337393e-16,1.315296082581e-14,1.055640266197e-15,-3632.323442427,1.709463771631,-219.6888844737
5,2.5,51,2.226123587415e-16,1.306441745625e-14,2.018532665815e-16,-3553.269532245,2.555614964966,-218.6251467643
5,2.5,52,2.516003530626e-16,1.302017573932e-14,3.594346452072e-16,-3498.616988478,-1.590845148212,-216.9857701882
5,2.5,53,2.235495496635e-16,1.317144403811e-14,-7.158904229454e-16,-3516.749057661,-3.209980118678,-219.7765648166
5,2.5,54,1.633969128599e-16,1.308692973887e-14,-5.64972196336e-15,-3428.075658838,0.01894013166661,-217.9698817156
5,2.5,55,2.258513480961e-16,1.325487919841e-14,-4.321392770524e-15,-3334.643749555,1.453393858638,-220.7610326401
5,2.5,56,2.411722256064e-16,1.321064388511e-14,-2.646699449286e-16,-3377.452942645,0.3334303828306,-220.6484832521
5,2.5,57,2.171181318846e-16,1.306950393304e-14,-7.579954132318e-16,-3586.434619561,0.706389532488,-218.3846992327
5,2.5,58,1.880335753428e-16,1.324149514377e-14,2.185381793105e-16,-3440.866834897,1.470371797436,-220.80460286
5,2.5,59,1.574958004929e-16,1.309370551206e-14,1.623002908574e-15,-3538.319790366,-1.537215458111,-218.7579096187
5,2.5,60,2.634359957024e-16,1.301200332303e-14,-1.007618506864e-15,-3449.515673064,0.779664974194,-218.1199359909
5,2.5,61,2.233753317806e-16,1.304189490003e-14,-1.997603879149e-15,-3480.903611606,3.797764532041,-218.6570006486
5,2.5,62,2.552427956491e-16,1.325840890215e-14,4.853043259382e-16,-3524.833935468,-1.3151229731,-221.2428259497
5,2.5,63,2.193281837401e-16,1.296943747871e-14,-8.545157821775e-16,-3475.558468249,0.9190386668032,-217.2651622889
5,2.5,64,2.637096548948e-16,1.321132829752e-14,-2.492745997654e-15,-3609.071362278,-3.224399422206,-220.5961184485
5,2.5,65,1.989113130631e-16,1.319450820782e-14,-5.905858671299e-15,-3512.693368387,-0.424112510656,-219.9848607725
5,2.5,66,2.159704474631e-16,1.304008041318e-14,-3.583894610796e-15,-3509.367857826,-1.472004835425,-217.7392482252
5,2.5,67,2.374306334039e-16,1.297672958036e-14,-3.608539201382e-15,-3517.885907007,-3.23006867757,-216.8207548422
5,2.5,68,1.942262567475e-16,1.309773780258e-14,-1.313680533475e-16,-3644.968419215,2.196260641578,-218.9686877213
5,2.5,69,1.433109408e-16,1.322711603905e-14,2.128435248584e-15,-3452.72050256,0.9418357713076,-220.6026914336
5,2.5,70,2.169797276582e-16,1.320728966484e-14,-2.393269180887e-15,-3406.725887982,-4.520170168043,-220.6112163265
5,2.5,71,2.217938417114e-16,1.31874111101e-14,-1.588769782707e-15,-3515.366105745,-1.554298218855,-219.940987153
5,2.5,72,2.432583127375e-16,1.322328304038e-14,-3.448336637382e-16,-3533.119308964,0.005978904730531,-220.4370078934
5,2.5,73,2.133229596868e-16,1.321310107983e-14,-1.346684996333e-15,-3587.732958846,-2.502917324517,-220.162757138
5,2.5,74,1.921298498752e-16,1.308644126128e-14,8.586469542439e-17,-3529.326615371,-0.9918093940572,-219.2920236859
5,2.5,75,1.897780909389e-16,1.300744975331e-14,-9.196082372384e-16,-3468.767948649,3.294380632974,-217.5520403839
5,2.5,76,2.093288329195e-16,1.306241016052e-14,8.985653988214e-16,-3382.439886453,-0.2961510314218,-217.8365663887
5,2.5,77,1.887707075495e-16,1.314956054235e-14,-2.041368780444e-15,-3481.307670257,0.2092308164377,-219.1897980424
5,2.5,78,2.240470094384e-16,1.303744403016e-14,-2.763920409071e-15,-3460.870668313,-1.623319467311,-217.6976041526
5,2.5,79,1.994568577501e-16,1.321167595158e-14,-2.180605207615e-15,-3471.260958274,2.895367443224,-220.6331303668
5,2.5,80,1.859284416869e-16,1.326724638783e-14,-1.228832894271e-16,-3481.740637547,4.956947115783,-221.6224426293
5,2.5,81,1.678355914495e-16,1.312870009594e-14,-1.300643392622e-15,-3432.937113631,-2.696574203809,-219.0554579665
5,2.5,82,2.209431940701e-16,1.319788414174e-14,1.022864540155e-16,-3508.80309695,1.229160707647,-220.0347680488
5,2.5,83,2.316763489806e-16,1.323198849143e-14,-8.726504014103e-16,-3476.127330593,2.784641573345,-220.9655779478
5,2.5,84,2.355178961534e-16,1.32312558969e-14,-3.035556318901e-15,-3455.887528281,-2.66116030815,-220.9061948874
5,2.5,85,1.711153588239e-16,1.308843341497e-14,-2.767473488887e-16,-3419.858975454,-1.436963019644,-219.1837232565
5,2.5,86,2.225365677674e-16,1.327023914084e-14,-1.395472777567e-15,-3525.665982511,-1.17155201491,-220.9605000468
5,2.5,87,2.11101453906e-16,1.307950216881e-14,5.008924958148e-16,-3572.223048624,-0.5563238540698,-218.8296904103
5,2.5,88,1.693391350967e-16,1.318816302975e-14,-2.773457603255e-15,-3387.590223766,0.5128109906181,-220.5062664467
5,2.5,89,2.104716676707e-16,1.309641549854e-14,-3.374851730871e-15,-3453.280394133,-1.061072141714,-218.5878790009
5,2.5,90,2.148426105979e-16,1.325831550133e-14,-1.012855994784e-15,-3540.4936174,0.1001288040413,-221.5234119092
5,2.5,91,2.374471082417e-16,1.316474884156e-14,-1.725709998177e-15,-3547.875801471,2.453977124247,-219.6133142053
5,2.5,92,2.068460839025e-16,1.307792621845e-14,-1.546961916147e-15,-3477.877450906,-1.605530018901,-218.9334166485
5,2.5,93,2.006707677273e-16,1.309374613853e-14,-1.427931229594e-16,-3435.767309999,-1.814904000537,-218.8213805759
5,2.5,94,1.749070943714e-16,1.321031043248e-14,-3.78906925524e-15,-3501.935959867,-0.3080937759977,-220.3369446184
5,2.5,95,2.207402147627e-16,1.302715309203e-14,-1.21220189115e-15,-3538.150520792,0.4291056640988,-217.6378690107
5,2.5,96,1.928508074924e-16,1.319765412559e-14,-1.580008883401e-15,-3520.322948205,0.5937903340395,-220.6853529031
5,2.5,97,1.707525508091e-16,1.311224557486e-14,-2.186995122303e-15,-3487.936647476,0.3454091107312,-219.1331847403
5,2.5,98,1.663374228056e-16,1.307436263391e-14,9.444061019701e-17,-3359.478509789,-2.22342750271,-218.0318126155
5,2.5,99,2.439257756179e-16,1.304842213413e-14,2.450594149343e-15,-3413.074060474,3.728214651073,-217.6483740659
5,2.5,100,2.155908857695e-16,1.305558002372e-14,-3.046342604039e-15,-3615.673474102,-0.5720147344957,-218.4874644214
5,2.5,101,1.980190426547e-16,1.313964283221e-14,-1.598739407611e-15,-3521.765624477,-1.709371851277,-219.7732446008
5,2.5,102,2.303602042652e-16,1.316911783821e-14,-8.392525333463e-16,-3491.152964021,-0.5013276053346,-219.7779652491
5,2.5,103,1.998291085539e-16,1.303607264964e-14,-2.375484055816e-15,-3461.993962634,0.2993842831671,-217.5199874892
5,2.5,104,2.146917322832e-16,1.323220861741e-14,-2.151083606166e-15,-3524.951959653,0.4828903297069,-220.9568876269
5,2.5,105,2.007362923342e-16,1.312016444015e-14,-2.800994192302e-15,-3306.979028778,-0.8596072494081,-219.1295479608
5,2.5,106,2.228873427954e-16,1.312356033473e-14,-1.486070749606e-15,-3418.707504701,-4.733395893244,-219.211288777
5,2.5,107,2.0102108676e-16,1.311614819723e-14,-3.439775355507e-15,-3575.095373205,-0.5150616947541,-219.171740521
5,2.5,108,2.084925372647e-16,1.308490695266e-14,-1.56610865077e-15,-3443.490675824,-1.120242201858,-218.8775553369
5,2.5,109,1.94605470449e-16,1.308702131353e-14,-7.258417957493e-16,-3508.517784,2.102119124623,-218.4138352465
5,2.5,110,2.420469790243e-16,1.298920933301e-14,-3.64807157184e-15,-3532.001034853,-0.6485319528195,-217.3747016261
5,2.5,111,2.33610412918e-16,1.315562631205e-14,-2.16105252728e-15,-3544.571400333,-0.7961476904914,-218.9336853707
5,2.5,112,2.121465604914e-16,1.313049719181e-14,-1.931725761318e-15,-3620.011317873,4.910041990278,-219.5623305193
5,2.5,113,2.557967071297e-16,1.322445512983e-14,5.00689522157e-18,-3360.871183839,3.287487041881,-220.8909166114
5,2.5,114,2.05411812651e-16,1.308613899004e-14,-2.595493786875e-15,-3593.927813525,-1.339794517469,-218.8133287404
5,2.5,115,1.864424699041e-16,1.309255248269e-14,1.690706039232e-15,-3506.8212445,-0.3486283822549,-218.5531624538
5,2.5,116,2.174726670815e-16,1.317324744444e-14,-1.045405247017e-15,-3527.603701823,-1.912500501359,-220.138570425
5,2.5,117,1.706473325991e-16,1.308885533918e-14,8.434405586377e-16,-3532.599402319,-0.7412247960051,-218.3543404983
5,2.5,118,2.058027668531e-16,1.304751720633e-14,-1.638028636261e-15,-3546.433603765,-1.313993514809,-218.040858861
5,2.5,119,2.120443523049e-16,1.311884969402e-14,-1.12773634558e-15,-3409.36888155,-2.147090345528,-219.3830857461
5,2.5,120,1.96727070964e-16,1.303224008712e-14,-1.71121469622e-15,-3630.108432741,-0.8369505879438,-217.8336020387
5,2.5,121,2.219136929036e-16,1.308313920417e-14,-2.670722404157e-15,-3508.35257747,0.09559046577732,-219.8285816373
5,2.5,122,2.085249410705e-16,1.320226993717e-14,8.510528600866e-16,-3499.781989364,-0.4676197999908,-219.9868707257
5,2.5,123,2.053868226162e-16,1.310652825618e-14,-2.145327440462e-16,-3569.624902105,-4.701596312405,-218.7206841208
5,2.5,124,1.772343392008e-16,1.32628242769e-14,2.335400559645e-16,-3527.062512448,-2.211542866234,-221.3529352421
5,2.5,125,2.282079370572e-16,1.314782204811e-14,-4.010837070484e-15,-3520.314900618,1.373116671498,-219.9859570213
5,2.5,126,1.97237349796e-16,1.311770747783e-14,6.860019020852e-16,-3400.466441909,3.122262406763,-219.5414131189
5,2.5,127,2.070395422798e-16,1.312048200219e-14,1.21508341883e-15,-3404.416908787,-1.064024499356,-219.5914855353
5,2.5,128,2.50273024837e-16,1.312330439932e-14,6.599463473062e-16,-3522.517144503,2.926546980934,-219.2362753691
5,2.5,129,2.331737010279e-16,1.320382768894e-14,-2.753700471785e-15,-3507.471903185,0.6146584800689,-220.5500520033
5,2.5,130,2.044730490303e-16,1.310512019365e-14,6.39998856554e-16,-3627.782397217,-1.283704774868,-218.8660485891
5,2.5,131,2.15843660681e-16,1.306536478705e-14,-2.969752638134e-15,-3419.527492015,1.013084150683,-218.5128500446
5,2.5,132,1.499436757985e-16,1.309893249928e-14,-4.428962844259e-16,-3650.425486742,-1.391601098037,-218.6678526677
5,2.5,133,1.825697063203e-16,1.310351382365e-14,-1.085779299941e-15,-3576.303025302,2.050906221384,-218.8114561928
5,2.5,134,2.703340811789e-16,1.307039892453e-14,-1.862205755442e-15,-3496.494036446,3.377338584424,-218.0345269477
5,2.5,135,1.533149172853e-16,1.309942657064e-14,-1.501776424742e-15,-3499.105694215,0.8414777452175,-218.3618167653
5,2.5,136,1.927715700669e-16,1.319518900198e-14,3.306112368642e-17,-3548.440010333,-2.553088743589,-220.2382317836
5,2.5,137,1.750342827692e-16,1.315862485244e-14,-9.198639265897e-16,-3445.383013691,-2.391776571109,-218.8906246291
5,2.5,138,1.998934215262e-16,1.307958823838e-14,-3.939400751602e-15,-3479.029548579,-0.9201747202954,-218.9672797858
5,2.5,139,2.858405572422e-16,1.318446980223e-14,5.189594188241e-16,-3606.390698044,0.8022895911164,-220.136885839
5,2.5,140,1.435742712514e-16,1.307642771954e-14,8.969874271198e-16,-3509.910993355,2.897920967372,-218.5482540417
5,2.5,141,2.500754454551e-16,1.303359913252e-14,-4.866993693868e-15,-3479.939494255,-1.366743854994,-217.7180160294
5,2.5,142,2.406095203097e-16,1.317130644177e-14,-1.719643614904e-15,-3331.718280441,-1.741474805703,-219.3915887201
5,2.5,143,2.532639654554e-16,1.301775869197e-14,-8.885295994233e-16,-3550.200690582,-2.246643182366,-217.2810234028
5,2.5,144,2.290493366482e-16,1.313713583384e-14,-2.536120635482e-15,-3585.110747322,-0.6220199991727,-219.125787406
5,2.5,145,2.195108418966e-16,1.307653571585e-14,1.285643542062e-15,-3518.184108314,0.9411205644359,-219.2296671385
5,2.5,146,2.093244044275e-16,1.321947738463e-14,9.979259975842e-16,-3477.205078866,-1.710257421212,-220.9702016277
5,2.5,147,2.198182601038e-16,1.33417161902e-14,1.207257926289e-15,-3331.532103592,-0.1602506676386,-222.3574544462
5,2.5,148,2.555855325915e-16,1.309867061399e-14,-1.880092196311e-15,-3665.29536904,-0.7877120606789,-219.1130820889
5,2.5,149,1.936656287377e-16,1.321032227709e-14,1.509808485318e-15,-3447.24495452,2.197777666814,-220.3399748176
5,2.5,150,2.445972655333e-16,1.312884556084e-14,-2.22985113316e-15,-3424.265677873,-1.21376666517,-219.3953482626
5,2.5,151,1.971307857139e-16,1.319178109848e-14,-1.760620962018e-15,-3483.121489592,-1.835565602189,-220.7327680785
5,2.5,152,2.176247313758e-16,1.316392001081e-14,-1.966307232474e-15,-3552.401634921,-0.8967731466282,-219.6281307503
5,2.5,153,2.627394304252e-16,1.305896211291e-14,-9.35901847067e-16,-3584.208325344,-1.105437073982,-218.2365689099
5,2.5,154,2.067684362675e-16,1.313595557099e-14,6.266554379396e-16,-3475.678448785,0.7317368153086,-219.2882351553
5,2.5,155,2.04662295057e-16,1.308298265067e-14,-1.485727784804e-15,-3384.375947388,1.655501331788,-218.0432689837
5,2.5,156,2.688572833027e-16,1.309641414598e-14,-2.120288061644e-15,-3388.290848701,1.007454475629,-219.2876595208
5,2.5,157,2.330279665668e-16,1.330241013033e-14,3.709029296665e-15,-3589.163157849,-0.07115618340964,-222.38320053
5,2.5,158,2.639863816576e-16,1.319747138364e-14,1.772973975111e-15,-3546.966728344,0.1279600371555,-221.2496400523
5,2.5,159,1.871623675129e-16,1.311564037365e-14,-6.764546269976e-16,-3547.050923336,-0.8859924333404,-219.4599702951
5,2.5,160,2.043154411043e-16,1.302946248401e-14,-2.27427610526e-15,-3385.633638765,-0.8771004210596,-217.7191947145
5,2.5,161,2.464145991118e-16,1.318272828469e-14,-2.480359282403e-15,-3428.609893232,0.0707999851937,-220.6939275008
5,2.5,162,2.038777652144e-16,1.309744206352e-14,6.09685004226e-16,-3527.441173764,-0.438296171102,-219.5079948402
5,2.5,163,2.513613596124e-16,1.313040719407e-14,-5.753307767712e-16,-3553.956365532,0.563644573822,-219.8133749461
5,2.5,164,2.222238948455e-16,1.319117492323e-14,-2.053228720929e-15,-3447.630368541,-0.4171869271442,-219.8654559962
5,2.5,165,2.340380468156e-16,1.312533660136e-14,-4.518555976116e-16,-3537.639846552,-1.481734501537,-219.683293273
5,2.5,166,2.486468579172e-16,1.305488638225e-14,2.566833457897e-16,-3546.442214279,0.3048876227478,-217.9517831132
5,2.5,167,1.850339658998e-16,1.305147651615e-14,9.153721820717e-17,-3538.810974041,1.976954576119,-217.9024158186
5,2.5,168,2.168619294701e-16,1.325582653315e-14,-8.516801719699e-16,-3403.796556326,2.66283675724,-221.3409393015
5,2.5,169,2.330148469883e-16,1.316143683069e-14,-4.036483499991e-16,-3577.368396781,-1.722549526174,-220.4477346651
5,2.5,170,2.216818453619e-16,1.316818572809e-14,-1.720730204777e-15,-3550.650860538,-3.25311556014,-220.0367328292
5,2.5,171,2.618155531089e-16,1.314530563642e-14,6.577516047813e-16,-3483.324380428,1.144714582527,-219.8002202949
5,2.5,172,2.251815628486e-16,1.319268720386e-14,-1.772972414749e-15,-3439.582500471,-0.533280174265,-220.4462935079
5,2.5,173,2.582192205515e-16,1.329804344461e-14,2.696370527282e-16,-3409.306930754,-2.58394115075,-221.5504596031
5,2.5,174,2.200040782587e-16,1.320609726866e-14,1.257791194453e-15,-3495.58899966,1.880105004309,-220.7326857688
5,2.5,175,2.116815392062e-16,1.313205838282e-14,8.728007092911e-17,-3446.413067985,3.265066164646,-219.0472697874
5,2.5,176,2.372874823656e-16,1.30702931159e-14,-9.336107173086e-16,-3490.147239947,-0.9393041460344,-219.253555005
5,2.5,177,2.325470983297e-16,1.319529027692e-14,4.882380977761e-16,-3567.043245155,2.841185978791,-220.4498838194
5,2.5,178,1.968447692501e-16,1.309359658768e-14,-6.376136809232e-17,-3513.855753474,0.375784972221,-219.1370525825
5,2.5,179,2.110267096565e-16,1.310900217507e-14,-1.631976621063e-15,-3554.559928721,2.228875349967,-218.9825239867
5,2.5,180,1.958421955648e-16,1.305394800338e-14,-3.420241694105e-15,-3503.832815885,-2.928698405896,-218.2940954992
5,2.5,181,1.814610722713e-16,1.313394152323e-14,-3.823772001501e-16,-3380.891322028,-1.993526355232,-219.223475817
5,2.5,182,2.228322554513e-16,1.319298017907e-14,-3.710835840692e-15,-3473.716491557,1.726908264029,-220.6504243831
5,2.5,183,2.646759413267e-16,1.324725330353e-14,-2.063685719833e-15,-3552.359886245,0.3334794840172,-221.0376928892
5,2.5,184,1.762811745069e-16,1.310196805785e-14,-2.147884024782e-15,-3578.255635432,-0.1624719921067,-218.658845912
5,2.5,185,1.583512690798e-16,1.317839442017e-14,-2.844369225466e-15,-3647.955969063,-0.3208663078093,-220.3775797496
5,2.5,186,2.299173189524e-16,1.323508306696e-14,2.482632995743e-16,-3473.18035789,-3.244271335975,-220.6915347848
5,2.5,187,1.876880173957e-16,1.303345655195e-14,-2.668893420922e-15,-3601.528503694,1.229617255089,-217.7867511086
5,2.5,188,2.002323355169e-16,1.306575623896e-14,-2.494157393546e-15,-3536.903096251,2.985502177609,-218.3415506374
5,2.5,189,2.301697585671e-16,1.327070169261e-14,1.169578493194e-15,-3417.534700875,-0.9939338511216,-221.6569565692
5,2.5,190,2.032528044119e-16,1.304983850679e-14,-4.993901043153e-16,-3461.105068845,0.5895234862909,-218.3388117494
5,2.5,191,1.800499225242e-16,1.315246695792e-14,-2.200036359327e-15,-3635.702991593,0.5100039548937,-219.7643139917
5,2.5,192,1.964448727452e-16,1.312611940184e-14,2.696466138165e-16,-3708.499458226,-1.38683227067,-219.2943023283
5,2.5,193,2.412425479502e-16,1.302623439202e-14,-9.06647166912e-16,-3539.936124227,-0.2942887995526,-217.5140905048
5,2.5,194,2.236716019439e-16,1.323728814041e-14,1.552265661463e-15,-3406.702520509,2.281550877895,-220.7824701338
5,2.5,195,2.104770134131e-16,1.311061323798e-14,1.346706144051e-15,-3397.495831771,-1.68729786673,-219.3002562637
5,2.5,196,2.119172404199e-16,1.317867459769e-14,-1.224918167915e-15,-3409.400059463,-0.1752025488954,-220.5377498009
5,2.5,197,1.885793413074e-16,1.333920694574e-14,-4.722141639667e-15,-3620.982347657,0.08912418989659,-222.5088305036
5,2.5,198,2.685192341753e-16,1.314981833697e-14,-2.958324814575e-15,-3401.473775251,0.1642667053718,-220.2673576324
5,2.5,199,2.223291801242e-16,1.313058854055e-14,-4.971955066039e-17,-3478.131765033,2.115969734255,-218.9729775802
5,2.5,200,1.606121977716e-16,1.300676043792e-14,-2.684462474595e-16,-3410.846754925,-0.820308397069,-217.7180079941
5,2.5,201,1.897740503623e-16,1.308527692515e-14,9.877273088214e-16,-3528.630487868,1.104609395571,-218.8584448703
5,2.5,202,1.876561393243e-16,1.322723988033e-14,-1.215254794978e-15,-3485.595043513,1.509686731385,-220.7512273533
5,2.5,203,2.199777494534e-16,1.314695226536e-14,-1.211180869069e-15,-3524.299489917,-1.995199197821,-219.2356436127
5,2.5,204,2.099864081374e-16,1.321949838133e-14,-7.414419297424e-16,-3626.743522316,-3.298984752107,-220.2103874265
5,2.5,205,2.31728647865e-16,1.317749434679e-14,9.160363210942e-16,-3485.407253474,-0.3186897342935,-219.3332797155
5,2.5,206,1.964267128069e-16,1.315789284816e-14,1.113093882025e-15,-3639.613227042,1.048132112685,-220.1782178948
5,2.5,207,2.022841658879e-16,1.314919269698e-14,-1.502978090303e-15,-3442.804668972,-0.1216400789827,-219.7453410484
5,2.5,208,2.113558106949e-16,1.316480091414e-14,-1.01878889878e-16,-3427.796606089,1.954746281036,-219.9665492881
5,2.5,209,2.296405118239e-16,1.320438093462e-14,-2.151168193844e-15,-3546.077343132,-0.786507803527,-220.5809346572
5,2.5,210,1.929806216637e-16,1.307636599291e-14,-5.694052032664e-16,-3535.793367211,0.6033976614786,-218.8490367303
5,2.5,211,2.248166504732e-16,1.310812549236e-14,-1.262587416602e-15,-3488.33608785,0.124709539859,-218.844320877
5,2.5,212,2.093479464318e-16,1.325424470068e-14,1.99964508247e-15,-3388.089520709,-1.171873574305,-220.955683049
5,2.5,213,2.286393199896e-16,1.309002953497e-14,-1.446046046314e-15,-3395.690265854,-1.887070746742,-219.3531262158
5,2.5,214,1.513417426997e-16,1.318304812955e-14,-1.380141154213e-17,-3417.837776415,0.06357799878851,-220.5040318766
5,2.5,215,1.546743817538e-16,1.318119069425e-14,-4.316481590648e-16,-3517.329878707,1.973821335477,-219.852416342
5,2.5,216,1.855645678653e-16,1.317477931773e-14,-3.365245484051e-15,-3487.851017043,0.117294406264,-219.7262681989
5,2.5,217,2.424644566441e-16,1.312440714265e-14,9.350718561201e-16,-3464.382431681,-1.223150061384,-218.9131540488
5,2.5,218,2.483139302756e-16,1.306367113565e-14,-1.381216373772e-16,-3566.021474785,0.8677661027121,-217.9108192336
5,2.5,219,2.350054932673e-16,1.314488445781e-14,-5.783829543631e-16,-3586.010836619,-0.511166558487,-219.5225592598
5,2.5,220,2.10938371101e-16,1.304707402406e-14,-1.563812156687e-15,-3562.707087223,1.533103068259,-218.3850276082
5,2.5,221,2.092762134407e-16,1.323224386313e-14,-4.392732286521e-15,-3482.550429383,-0.5249089383611,-221.2930122155
5,2.5,222,2.147341826151e-16,1.334286978675e-14,9.576932287751e-16,-3559.634967177,1.226714367528,-222.2886827685
5,2.5,223,2.475593232944e-16,1.312053525924e-14,-2.220725169642e-15,-3531.941949761,0.5184063356757,-219.416079786
5,2.5,224,1.993486666534e-16,1.309829699071e-14,-1.0233705634e-15,-3365.001820631,-1.356758290451,-218.99356834
5,2.5,225,2.266533148552e-16,1.297625329552e-14,-2.528631605417e-15,-3353.518668767,-0.5784263068671,-217.651241831
5,2.5,226,1.896150476768e-16,1.316515597236e-14,-1.548426841492e-15,-3569.175621236,-2.923908003472,-220.1458672367
5,2.5,227,2.329467573679e-16,1.312460851996e-14,2.26686157068e-17,-3627.561220882,-0.7126019608159,-219.2461694077
5,2.5,228,2.150061236386e-16,1.323651718082e-14,-3.280380035341e-15,-3531.888579056,-0.3172730241845,-221.0793781281
5,2.5,229,1.883556692369e-16,1.313949712927e-14,7.528371574954e-16,-3639.325799105,-0.2206584981128,-220.2047375057
5,2.5,230,1.98245259981e-16,1.317624105607e-14,-1.442372065318e-17,-3617.765353051,-5.354304417585,-219.658652665
5,2.5,231,2.29821326044e-16,1.315845144553e-14,-5.772313250241e-17,-3498.978917904,3.008016833152,-219.5126011011
5,2.5,232,2.42728176453e-16,1.319141070397e-14,-1.15044718527e-15,-3475.632414842,1.327929803324,-220.5958113614
5,2.5,233,1.832535674176e-16,1.304754918033e-14,-2.486731130307e-15,-3547.508228604,-3.703727764851,-218.3612459228
5,2.5,234,2.311947441312e-16,1.31971518251e-14,9.517907582882e-16,-3497.34501776,0.5796419268666,-220.3478023124
5,2.5,235,2.13023190496e-16,1.311945317983e-14,-2.683685334555e-16,-3611.644957171,2.364515204918,-219.0588553597
5,2.5,236,2.026713623036e-16,1.314400614147e-14,-1.012431286017e-15,-3382.802254744,2.055860628835,-220.1670362917
5,2.5,237,1.940806805391e-16,1.309507499607e-14,-3.782054352803e-15,-3606.153578779,1.010067467913,-218.6069526235
5,2.5,238,2.313782796886e-16,1.33064765003e-14,-2.524231365698e-15,-3637.201538079,-0.7468058800767,-221.9562444584
5,2.5,239,1.937792896575e-16,1.305048862722e-14,-7.881096146577e-16,-3475.808420888,2.193344853694,-217.9540229317
5,2.5,240,1.727111821682e-16,1.30731362133e-14,-2.658164495992e-15,-3537.897589392,-0.5604655297218,-218.6291893944
5,2.5,241,1.823650921716e-16,1.311138016537e-14,-4.757438581287e-15,-3489.349218411,-1.565837623778,-218.9351158341
5,2.5,242,1.884036156245e-16,1.323907195509e-14,-1.22803448497e-15,-3454.942551887,-0.2926700285456,-221.6547868131
5,2.5,243,2.35503576674e-16,1.31661886447e-14,-9.986055790674e-16,-3357.945349682,-1.245542907199,-219.6759137728
5,2.5,244,2.099622884691e-16,1.307395130047e-14,-6.348847670124e-16,-3454.462242662,-3.21289955059,-218.4112398494
5,2.5,245,2.245670878681e-16,1.316334539334e-14,-9.563896170781e-16,-3487.885999288,0.2398891655248,-219.9729973576
5,2.5,246,2.374004095736e-16,1.305266609845e-14,-2.222055917596e-15,-3583.659126117,4.016770277673,-217.8915525699
5,2.5,247,1.954672889618e-16,1.316844376896e-14,-7.00035375583e-16,-3479.751437871,0.8864890365305,-219.7819166287
5,2.5,248,2.038710547998e-16,1.312548192122e-14,-1.852004990305e-16,-3454.780604279,0.8624026821774,-218.604527933
5,2.5,249,1.825409522957e-16,1.322558521785e-14,-1.065382415797e-15,-3596.048109401,0.3514660470379,-221.0677469754
5,2.5,250,1.639586358347e-16,1.323781443288e-14,-2.448891622571e-15,-3603.858620085,-4.551984557686,-221.3273742987
5,2.5,251,2.176993271876e-16,1.30101089623e-14,-1.696018346602e-15,-3441.356724709,-2.7917057224,-217.9073573225
5,2.5,252,2.140962476017e-16,1.310729928606e-14,1.039754569999e-15,-3549.437146842,1.176287696742,-218.9460692549
5,2.5,253,2.01730967174e-16,1.318531572207e-14,-1.809424552181e-15,-3573.35513843,-0.2611084909275,-220.1537038229
5,2.5,254,2.201895562608e-16,1.313244245136e-14,-1.698332221043e-15,-3600.604551557,2.147939144396,-220.2015678469
5,2.5,255,2.193142476855e-16,1.298639493921e-14,-3.561140374313e-16,-3522.61383003,-1.286522295734,-217.0207002525
5,2.5,256,2.169569735505e-16,1.311030551917e-14,-3.243655123962e-15,-3614.130175774,2.640215028295,-219.108521286
5,2.5,257,2.515999481419e-16,1.321575115729e-14,5.11033176879e-16,-3499.302888366,1.168531418396,-221.0544255388
5,2.5,258,2.237230005551e-16,1.313748291488e-14,-1.262074283556e-15,-3429.240696506,-0.9222370017631,-219.4775559843
5,2.5,259,2.624716260424e-16,1.330521261322e-14,-3.897461965998e-15,-3478.44727578,-0.2932337227511,-221.4184731504
5,2.5,260,2.094705356939e-16,1.31413090523e-14,3.208695571253e-16,-3535.663504663,0.5073809452641,-219.5157735002
5,2.5,261,2.423308789677e-16,1.301575074211e-14,-1.254628100531e-15,-3548.22233206,1.368832459631,-217.9336685407
5,2.5,262,2.058614164744e-16,1.311445268191e-14,-1.537539010673e-15,-3523.814493365,0.3084727190162,-219.1613243145
5,2.5,263,2.393713118785e-16,1.306531556181e-14,-4.583635572288e-16,-3458.705026148,-3.193954845118,-218.6075422931
5,2.5,264,2.148674831747e-16,1.302713048766e-14,-1.596845009273e-15,-3400.037158001,-0.9000943677191,-218.1351705632
5,2.5,265,2.123793964871e-16,1.308262709944e-14,-1.082834605863e-15,-3577.174562141,-1.758934256852,-218.0341413193
5,2.5,266,1.921716495705e-16,1.323000958758e-14,-4.979343777872e-18,-3500.208334392,1.58270119576,-221.2533656153
5,2.5,267,2.348633488685e-16,1.301174959668e-14,-2.930303747597e-15,-3546.827079243,-1.342822056885,-217.5458110876
5,2.5,268,2.336221475285e-16,1.320374108656e-14,8.010658095779e-17,-3462.678952281,1.535301199825,-220.3237872457
5,2.5,269,2.052266796312e-16,1.314996166163e-14,-2.238819885438e-15,-3660.54146688,-1.369997936338,-219.2410555218
5,2.5,270,2.393916822261e-16,1.317481887348e-14,-2.288039384632e-15,-3426.250388409,0.7302630861109,-220.2860520037
5,2.5,271,2.386498507381e-16,1.32600723261e-14,-6.936089123878e-16,-3509.487493844,-0.2344503763977,-221.4623116826
5,2.5,272,1.991244065644e-16,1.313883425264e-14,-5.028980370978e-16,-3486.690824851,1.433006670005,-219.1537463316
5,2.5,273,2.712444585903e-16,1.316964541779e-14,-2.845261711229e-15,-3476.039562168,1.879210375342,-220.1371660077
5,2.5,274,1.889070201947e-16,1.299144356558e-14,-1.047866432576e-15,-3524.442911831,1.223056798419,-217.5318034518
5,2.5,275,1.86128706625e-16,1.301687928734e-14,-1.140433410344e-16,-3454.977704963,-1.170509843411,-218.0316585247
5,2.5,276,1.871115720987e-16,1.310784591794e-14,-2.764507149386e-15,-3628.604800265,-1.812526333835,-219.2207122984
5,2.5,277,1.815531271759e-16,1.312356497819e-14,-1.89575042234e-15,-3634.152935909,0.9194145107277,-219.4836424127
5,2.5,278,2.159796693651e-16,1.314411705451e-14,-2.939401456828e-15,-3513.962174234,1.618753071392,-219.9540721781
5,2.5,279,2.269573447288e-16,1.311770776043e-14,4.633733710116e-16,-3565.656799297,-0.5720818895224,-218.9120032713
5,2.5,280,2.16945802335e-16,1.30612525123e-14,1.303450359041e-15,-3536.264135075,1.07082359159,-218.4829578856
5,2.5,281,1.758792257529e-16,1.306472707987e-14,6.458936807994e-17,-3514.210883935,3.888020974247,-219.1208082614
5,2.5,282,2.336460017051e-16,1.322583579799e-14,-1.115307367079e-15,-3461.430292737,-3.480285202292,-221.5536489391
5,2.5,283,1.965651006231e-16,1.314775919449e-14,-3.026407905318e-15,-3568.191532784,-1.384922336518,-219.9591931389
5,2.5,284,1.843546968645e-16,1.307618243948e-14,-6.324683019728e-16,-3572.392865408,-1.264012024452,-218.5540461668
5,2.5,285,1.796738080415e-16,1.309577111822e-14,-1.050565871328e-15,-3496.24014571,-2.012175364332,-218.4055391957
5,2.5,286,2.425029827189e-16,1.301781693397e-14,-2.062198874401e-15,-3567.251561928,0.947925378339,-217.6084679603
5,2.5,287,2.103300360003e-16,1.311584164863e-14,-1.117427275301e-15,-3509.135593294,0.3003392497435,-218.9996639038
5,2.5,288,1.93749060063e-16,1.30202735881e-14,-3.28386025554e-15,-3504.922912899,1.33058102331,-217.677820757
5,2.5,289,1.911072913242e-16,1.32082067241e-14,-7.358219542403e-16,-3368.410555108,-0.3969419304644,-219.7153424971
5,2.5,290,2.068561624729e-16,1.311749694903e-14,-5.610567423186e-15,-3459.615815413,-1.389316787143,-219.1271650085
5,2.5,291,2.357967486737e-16,1.32321333442e-14,-3.166996841489e-15,-3554.724762803,-2.317984880886,-220.4496764019
5,2.5,292,2.269029721745e-16,1.323927866302e-14,-9.553032886427e-16,-3485.164437951,-0.8062062143505,-220.3052116568
5,2.5,293,2.142900564505e-16,1.31363175158e-14,-3.31213279998e-16,-3419.663242825,0.3629368241233,-219.4881865943
5,2.5,294,2.156239853455e-16,1.316629281172e-14,-2.66367209903e-15,-3400.632436196,-1.516163801759,-219.7220750333
5,2.5,295,2.099934244344e-16,1.31850539087e-14,1.173702225168e-15,-3499.945528734,-1.837677306827,-220.5498484126
5,2.5,296,1.927985876889e-16,1.316472438835e-14,-8.037567685143e-16,-3345.207751833,0.1155435047052,-220.1452866634
5,2.5,297,2.30952411581e-16,1.317053544967e-14,1.513962020611e-15,-3505.011662963,1.586431873929,-220.0378097615
5,2.5,298,1.991305647537e-16,1.305521151144e-14,-8.311426710229e-16,-3605.659030706,1.391199200697,-218.1244283245
5,2.5,299,2.212160823071e-16,1.313920766699e-14,-1.082607873057e-15,-3648.965858247,2.279151527508,-220.4127677566
5,2.5,300,1.979287915313e-16,1.30833047187e-14,3.741567797645e-16,-3503.168906394,-0.5732914831126,-219.1109841841
5,2.5,301,2.070946625853e-16,1.319684542702e-14,-4.42896337579e-16,-3462.522895649,-0.1364300747811,-220.5855200833
5,2.5,302,2.108418629389e-16,1.311814971301e-14,1.377124781903e-15,-3508.478560088,1.492700059999,-218.7952152955
5,2.5,303,2.008826222441e-16,1.305390545507e-14,-5.948582936305e-16,-3469.552815331,0.04260726172538,-218.2075751513
5,2.5,304,2.136370150344e-16,1.323266208938e-14,-1.278026026892e-15,-3426.866859766,0.7378226832247,-221.2837117022
5,2.5,305,2.0063034374e-16,1.304716739885e-14,-6.739486392494e-16,-3485.713920095,1.090746869908,-218.4968928101
5,2.5,306,2.5278549719e-16,1.321748566538e-14,-2.568522262495e-15,-3477.960284629,0.5566861635943,-221.0171216105
5,2.5,307,1.998660494379e-16,1.310137461835e-14,-1.15013369311e-15,-3350.49160494,-0.6011644121306,-218.775517671
5,2.5,308,1.864934697943e-16,1.305321851865e-14,-3.330742575415e-16,-3467.064628151,-3.01493235801,-218.3193354782
5,2.5,309,1.992133842407e-16,1.314794446302e-14,-1.990920610018e-15,-3432.667924073,-1.323874291658,-219.8302178486
5,2.5,310,1.715968853685e-16,1.305503630797e-14,6.665525882999e-16,-3555.107352939,-0.01473908582322,-217.9962898061
5,2.5,311,1.64083084629e-16,1.323603573215e-14,4.930679922278e-16,-3556.507779782,-1.578864454104,-221.0003975907
5,2.5,312,2.586844108677e-16,1.324538389378e-14,-1.618816130523e-15,-3553.088779087,-1.905498738166,-221.6203627861
5,2.5,313,2.134974882604e-16,1.319177780115e-14,-4.090551567503e-16,-3355.704517501,0.3628460213999,-219.8990697312
5,2.5,314,2.073862076916e-16,1.309145811288e-14,-3.609136662443e-15,-3496.51384601,-1.252731175374,-218.9023512049
5,2.5,315,2.396657392156e-16,1.316963097711e-14,1.012981150179e-15,-3633.511315915,0.6507313337269,-220.171833417
5,2.5,316,2.466196050887e-16,1.303247225563e-14,-9.733534302444e-16,-3576.384559503,0.167527253836,-217.2398768729
5,2.5,317,1.969474138437e-16,1.308177648445e-14,-1.180472949195e-15,-3442.183092941,-0.2612169048703,-219.0927667189
5,2.5,318,1.815643074221e-16,1.312922911141e-14,-1.86960594946e-15,-3546.086044867,0.5941054459321,-219.4319646428
5,2.5,319,2.685133618854e-16,1.294425201561e-14,-3.795126828516e-17,-3476.371591882,-1.278811786366,-216.6584434263
5,2.5,320,2.322264226843e-16,1.308964403895e-14,-1.370738010813e-15,-3453.513475878,-1.953766997835,-219.2327758324
5,2.5,321,2.223749402944e-16,1.313385965065e-14,-5.744431397801e-16,-3523.433945168,-1.653211584044,-218.9493551589
5,2.5,322,2.390541768065e-16,1.317177886297e-14,1.674918136754e-15,-3599.297913639,0.7754338063862,-220.0985820115
5,2.5,323,2.536070477575e-16,1.317661547978e-14,3.637868555893e-16,-3489.915668276,-1.956758805921,-220.5886118643
5,2.5,324,2.089949804753e-16,1.314011629982e-14,-3.514808857246e-15,-3521.644900533,1.775069574353,-219.4478843336
5,2.5,325,2.154455160868e-16,1.326530426613e-14,-1.097127344577e-15,-3504.140243703,3.21624457874,-221.3864333185
5,2.5,326,1.951779847619e-16,1.319096589494e-14,-1.753127377428e-15,-3534.732972684,0.5722012082414,-219.6959119203
5,2.5,327,1.830213223074e-16,1.310217101706e-14,-3.289735143808e-15,-3508.586988061,-0.02361386498654,-218.7810017696
5,2.5,328,2.133331459572e-16,1.305842274099e-14,-5.723394270768e-16,-3470.048593493,-2.966154417529,-217.7895535932
5,2.5,329,2.131180272897e-16,1.309949249835e-14,-3.104041399734e-16,-3461.938628867,2.616102680276,-219.1993542332
5,2.5,330,2.229047693951e-16,1.308092832063e-14,3.953608358193e-16,-3562.823552369,-1.546912407178,-218.5798293535
5,2.5,331,2.356662004647e-16,1.326330746262e-14,1.98190108528e-15,-3548.939912011,-1.68881491255,-221.6025242541
5,2.5,332,2.262945523091e-16,1.327502959844e-14,-1.791422133482e-15,-3455.044150765,-1.21094495781,-221.3010738783
5,2.5,333,2.048883168907e-16,1.320405304711e-14,-1.363851184267e-15,-3448.538888169,3.046948694984,-220.619392214
5,2.5,334,2.035016109043e-16,1.293678380061e-14,-1.316686612296e-15,-3497.003665084,-0.6071227683847,-217.0102427786
5,2.5,335,1.995768125403e-16,1.315085720701e-14,-2.370763065616e-15,-3681.216860221,-3.099871244661,-219.6869624668
5,2.5,336,1.608482206003e-16,1.3042377448e-14,-1.641662137045e-15,-3587.292626465,-0.8031061102405,-217.3812337157
5,2.5,337,2.240202451751e-16,1.310654076402e-14,-1.718846773794e-15,-3586.962630964,3.076159521924,-218.6869949803
5,2.5,338,2.161817127415e-16,1.310264402568e-14,-1.207105593753e-15,-3533.838350286,0.2933180113356,-219.2196909792
5,2.5,339,1.883699210802e-16,1.316977518728e-14,-1.360438335682e-15,-3545.868481077,2.800711396304,-219.5802116821
5,2.5,340,1.885209809699e-16,1.309417114767e-14,-2.917497626775e-15,-3604.695409609,0.3768568622638,-219.7551732947
5,2.5,341,2.263500806225e-16,1.31718025248e-14,-1.686677278147e-15,-3490.608132581,1.350273079854,-220.3131766892
5,2.5,342,2.057394156412e-16,1.325432939714e-14,6.026666927253e-16,-3483.02816436,-2.992060885814,-221.0444820033
5,2.5,343,1.66838994394e-16,1.312887597834e-14,-2.752930400222e-15,-3449.256463232,-1.616804131243,-219.7079072993
5,2.5,344,2.673781651757e-16,1.309173365491e-14,-2.914946677915e-15,-3476.53633712,-0.5877009717978,-218.8661181779
5,2.5,345,2.009313383318e-16,1.296703226955e-14,1.031156479079e-16,-3524.857120699,-1.763621647007,-216.3927344835
5,2.5,346,2.042614556519e-16,1.32714367752e-14,-4.989155341027e-15,-3554.651185502,-0.2874820592022,-221.0195180084
5,2.5,347,1.847528084466e-16,1.317309719073e-14,2.637510894939e-17,-3630.433023726,-5.662642721752,-220.488078047
5,2.5,348,2.036282746504e-16,1.319674397292e-14,-1.849772984214e-15,-3627.967910374,-0.3270537908973,-219.9540119763
5,2.5,349,2.101716970862e-16,1.317043528675e-14,2.915257682902e-16,-3446.606334573,-0.1631591566651,-219.6722053092
5,2.5,350,1.922486408376e-16,1.317719420649e-14,-2.384556972915e-15,-3464.524299365,0.09256012889293,-220.1235906348
5,2.5,351,2.289925894119e-16,1.307192477524e-14,-2.253052902998e-15,-3517.540842477,1.071577741476,-219.5742580387
5,2.5,352,1.760473583916e-16,1.305575593823e-14,-1.122684398604e-15,-3545.144241075,0.7327086295853,-218.157932742
5,2.5,353,2.286345139455e-16,1.318101451606e-14,-1.975119512362e-16,-3642.626424303,2.702101394338,-220.4595240675
5,2.5,354,2.48903354569e-16,1.303400297651e-14,-6.942157099853e-16,-3623.521525948,4.496153220699,-217.2096333291
5,2.5,355,2.412626072425e-16,1.313378941284e-14,-1.596569271043e-15,-3560.040566406,-1.532694567453,-219.876952783
5,2.5,356,2.644782868615e-16,1.305897889111e-14,-1.21515741714e-15,-3652.405337132,-0.9386645540037,-218.5006044515
5,2.5,357,1.81567725475e-16,1.306745187244e-14,-1.609111087044e-15,-3486.488073399,2.135240130246,-218.097425635
5,2.5,358,2.165007017978e-16,1.313136944616e-14,-2.416897230201e-15,-3421.329701778,-3.05928378593,-219.0495046694
5,2.5,359,2.261194009883e-16,1.303173866072e-14,4.723644753925e-16,-3595.008779035,1.479240085376,-218.9014440923
5,2.5,360,2.03609987873e-16,1.306667610159e-14,8.425503947996e-16,-3426.399259856,-0.9945640656748,-218.2773583541
5,2.5,361,2.127197863539e-16,1.310718866081e-14,-3.219944938465e-15,-3606.459492164,0.04560033341066,-219.0536397138
5,2.5,362,2.044964723936e-16,1.314577735745e-14,-3.032065268317e-16,-3387.036716358,-0.08772256143089,-220.0145332287
5,2.5,363,1.85581298133e-16,1.297390888238e-14,-3.491480966435e-15,-3517.780080571,2.624184567113,-217.3735226898
5,2.5,364,1.850980967035e-16,1.300490920091e-14,-7.664080382038e-16,-3531.531338182,1.939534417464,-217.6550455882
5,2.5,365,2.341392480046e-16,1.311700638977e-14,-3.789243484777e-16,-3585.761903876,1.760311072328,-218.8627352705
5,2.5,366,2.409321158875e-16,1.320847680115e-14,-3.435032571012e-15,-3467.990948506,-2.661811476238,-220.2232821931
5,2.5,367,2.053748225089e-16,1.319646147096e-14,8.360171945789e-17,-3485.085862268,0.6476178038436,-220.6646437561
5,2.5,368,1.937815731789e-16,1.311037162588e-14,-8.312258949024e-16,-3610.558644653,0.3457037579647,-218.0177892632
5,2.5,369,1.938010768238e-16,1.323402701772e-14,-8.020471027239e-16,-3280.726570503,-0.160724812602,-220.9248878765
5,2.5,370,1.871164680771e-16,1.310817444531e-14,-4.160521514754e-16,-3386.804434485,2.220423838495,-219.0762783176
5,2.5,371,1.95744785962e-16,1.316430523424e-14,1.387675056496e-15,-3473.091237344,-2.414024357527,-219.2921062297
5,2.5,372,2.697400544766e-16,1.319440957653e-14,-7.727374688333e-16,-3527.216699693,2.189690375087,-220.6040471303
5,2.5,373,1.986298407958e-16,1.302157682291e-14,-5.527510916306e-16,-3565.16477399,2.732095373451,-217.3462145206
5,2.5,374,2.092913861311e-16,1.328188102863e-14,-1.192125413591e-15,-3551.663798623,-3.159490905717,-221.348602473
5,2.5,375,2.497027882493e-16,1.31352152678e-14,-2.438030426674e-15,-3550.837808007,0.1481187407835,-219.709931672
5,2.5,376,1.872984474131e-16,1.296198592569e-14,-3.929472940456e-15,-3560.410653093,-1.91157025734,-216.1332352124
5,2.5,377,2.276219890313e-16,1.31385191224e-14,-1.960361359182e-15,-3547.324574319,-0.6282986529947,-218.8884165878
5,2.5,378,2.235730985616e-16,1.314882676975e-14,3.214332579628e-16,-3740.048517928,2.413229087009,-220.2328647726
5,2.5,379,2.401100448299e-16,1.323400942311e-14,-2.009419589147e-15,-3496.972779769,-2.150859422969,-220.8667787507
5,2.5,380,2.09554723903e-16,1.319965052851e-14,-9.176507453457e-16,-3512.153669125,-0.8098710775356,-219.606343082
5,2.5,381,1.786957855192e-16,1.318081806831e-14,-6.440632675359e-16,-3597.548244902,2.56449695052,-220.3259946967
5,2.5,382,2.369866312191e-16,1.30823979353e-14,-2.860560757436e-15,-3579.093774496,1.730162131113,-218.9556267571
5,2.5,383,1.987743753134e-16,1.314426738404e-14,-2.009953010426e-15,-3685.334883263,-2.07634830181,-219.0897023374
5,2.5,384,2.166683285702e-16,1.322623548093e-14,-1.41015178961e-15,-3443.197653699,-0.517254583813,-220.2838042193
5,2.5,385,2.434529792687e-16,1.312282958058e-14,-1.930941963131e-15,-3520.222253528,-1.238699801277,-219.9976523987
5,2.5,386,2.036475714266e-16,1.296604426463e-14,-5.688584441219e-16,-3363.49799413,-1.176930705328,-216.9796179118
5,2.5,387,2.709010346913e-16,1.309848697701e-14,-1.743713635408e-15,-3533.270103831,-0.9413083273807,-219.186238884
5,2.5,388,2.196409446629e-16,1.31354626506e-14,1.113067951204e-15,-3451.256680107,-1.007829370952,-219.2649436233
5,2.5,389,2.097335788514e-16,1.301185053394e-14,-2.523974947011e-15,-3564.392339722,0.09075224503522,-217.7651331375
5,2.5,390,2.316256286062e-16,1.317656913255e-14,-9.746979465642e-16,-3516.177064763,0.8872535637368,-220.4920024967
5,2.5,391,2.046545602715e-16,1.303836851015e-14,-1.552955993144e-15,-3606.203691111,-0.3407329705936,-217.9127969417
5,2.5,392,2.195246617915e-16,1.321541337498e-14,-2.900537339833e-15,-3490.153909267,0.7547551473125,-220.2287159523
5,2.5,393,2.375483941297e-16,1.305437163017e-14,-1.235672659996e-15,-3479.096541816,-0.9285518654954,-218.2506361485
5,2.5,394,1.815531757068e-16,1.307799105381e-14,-1.052820200883e-15,-3478.41407761,1.700045600358,-218.7768853614
5,2.5,395,2.249675249348e-16,1.309744795506e-14,-3.350290799648e-15,-3448.506892699,0.4629287370989,-219.4312772056
5,2.5,396,2.254636474258e-16,1.307448035517e-14,1.491346575997e-16,-3399.367025261,-2.64638617618,-219.7363682427
5,2.5,397,2.112819475728e-16,1.29979452955e-14,-1.469712407127e-15,-3435.273146772,1.762914944894,-217.5058080295
5,2.5,398,1.990464274022e-16,1.315500447158e-14,-2.546406269469e-15,-3589.732622302,0.6483102047334,-219.6052082886
5,2.5,399,2.207499654235e-16,1.319126160382e-14,-1.269921740952e-16,-3425.120059723,3.361592998141,-220.4534183053
5,2.5,400,2.509909174947e-16,1.314939565389e-14,-5.369804464061e-16,-3592.071170881,1.74157500311,-219.2876917915
5,2.5,401,2.366984870424e-16,1.332550391296e-14,-2.456038217015e-15,-3454.420578454,0.4445595538016,-222.7042625504
5,2.5,402,1.798796575653e-16,1.302162244279e-14,-8.198655087287e-16,-3499.747189639,-3.08795287866,-218.2850590933
5,2.5,403,2.097912880662e-16,1.328621265815e-14,3.419756712382e-16,-3513.6456238,0.7857287994737,-222.2256287037
5,2.5,404,2.258406896719e-16,1.306898006651e-14,-1.755720401048e-15,-3454.167534248,-0.6989844551464,-218.8872924485
5,2.5,405,2.017137146387e-16,1.318166472186e-14,-2.700441926582e-15,-3481.0594389,0.376329795402,-220.3346277284
5,2.5,406,1.887466952273e-16,1.307335916507e-14,-2.308385833644e-15,-3467.693650116,-2.620926546698,-218.1073228468
5,2.5,407,2.053044688389e-16,1.32109257906e-14,-1.763341760945e-15,-3514.297336666,-0.6617483806863,-220.7811152748
5,2.5,408,2.172433711766e-16,1.318323996003e-14,-1.575165271482e-16,-3515.461311757,1.249173857446,-220.1317477866
5,2.5,409,2.254671090876e-16,1.311528338007e-14,-2.77009346811e-15,-3487.47608224,0.7406802161883,-218.786657349
5,2.5,410,2.194229969217e-16,1.308634945831e-14,1.130027814005e-15,-3486.697408228,0.2979091963387,-219.0929366831
5,2.5,411,2.130189122463e-16,1.317408700063e-14,-3.836933463896e-15,-3448.298260886,-0.8599815097271,-220.1395422804
5,2.5,412,2.309921076267e-16,1.308332170629e-14,1.477920502555e-16,-3564.165449393,2.948211024107,-218.3397909661
5,2.5,413,2.119195091935e-16,1.303330175538e-14,-3.505285333418e-15,-3377.069060779,-1.880564590838,-217.3499809343
5,2.5,414,2.11025743387e-16,1.309654040465e-14,-1.542620649035e-16,-3462.784795817,0.7883959066186,-218.7243121537
5,2.5,415,1.994972877333e-16,1.305401121943e-14,-1.395372423473e-15,-3473.477883498,2.366338024795,-218.200964888
5,2.5,416,1.977850018825e-16,1.313463889732e-14,-2.512633877109e-15,-3496.977481626,-0.8281986404936,-219.6540115774
5,2.5,417,2.289819118586e-16,1.314338585442e-14,-8.02541764024e-17,-3593.551705893,1.027113413723,-219.0684251675
5,2.5,418,2.13836357484e-16,1.319310987746e-14,-1.491335588162e-15,-3474.728374096,-3.813872456063,-220.1743867946
5,2.5,419,2.807412530189e-16,1.305745802084e-14,1.645037960261e-15,-3391.873341634,-0.254735251655,-218.628439246
5,2.5,420,1.956631948527e-16,1.316095336078e-14,-6.261187648938e-17,-3661.310748252,-3.474816330597,-219.8688469703
5,2.5,421,2.107526823236e-16,1.327672166275e-14,-6.304637466341e-16,-3473.251094936,2.755665925528,-221.3696455073
5,2.5,422,2.161412907931e-16,1.310164927538e-14,-1.113631377638e-15,-3469.537051013,1.714146294864,-218.721770112
5,2.5,423,2.06618844267e-16,1.308081892485e-14,-1.638612968574e-15,-3473.922199547,-1.782959620666,-218.5377090168
5,2.5,424,2.627780454851e-16,1.323035681134e-14,-1.900808900764e-15,-3458.621513959,1.64409335728,-220.3403408916
5,2.5,425,2.078188609385e-16,1.310797916075e-14,-1.680417524229e-15,-3530.171221727,-4.831059499128,-219.2890356759
5,2.5,426,2.115180710843e-16,1.329539760473e-14,-2.9272520855e-15,-3463.312501517,2.049470927471,-222.436801449
5,2.5,427,1.590343038071e-16,1.312183652756e-14,-3.221427795935e-16,-3364.299092937,-1.294169540418,-218.7267418074
5,2.5,428,2.16606987825e-16,1.305881164817e-14,-3.592703623085e-15,-3471.185957052,-1.383865052234,-218.2213749189
5,2.5,429,1.56409710935e-16,1.324575370902e-14,-2.904279592981e-15,-3526.026229407,0.6042849484796,-220.8064589032
5,2.5,430,2.240613344559e-16,1.316168133693e-14,-5.503726635111e-16,-3473.785368583,3.423108011267,-220.046409568
5,2.5,431,2.116734030311e-16,1.322993897433e-14,9.465170620079e-16,-3501.043576776,2.513927910808,-220.0850114162
5,2.5,432,2.112963491269e-16,1.317951637899e-14,-7.290197890694e-16,-3404.68641599,-0.7004566715234,-218.8565017517
5,2.5,433,2.440303759069e-16,1.312877267739e-14,-4.435738724805e-16,-3515.224502575,1.706815182446,-219.1146869659
5,2.5,434,2.220158574171e-16,1.305446431633e-14,2.187168340833e-16,-3572.409202617,-1.575058018882,-218.4186108428
5,2.5,435,2.344585453357e-16,1.308226578102e-14,-1.437035650866e-15,-3538.06435721,-1.611179384596,-218.4776696918
5,2.5,436,2.282437116715e-16,1.31383025823e-14,-4.827363280564e-17,-3431.571776608,-2.739903688387,-219.7681900927
5,2.5,437,2.298398610815e-16,1.323281721716e-14,-1.010463817049e-15,-3457.273838866,-0.001425034720187,-220.939056833
5,2.5,438,2.293522491022e-16,1.319207104423e-14,-4.082229378627e-15,-3565.745187,2.367784606564,-220.463962579
5,2.5,439,2.018869655292e-16,1.314007294221e-14,-1.504305665866e-15,-3427.261985613,1.177623137712,-218.9992844466
5,2.5,440,2.310019683477e-16,1.320002688766e-14,-3.364190453718e-15,-3499.133839124,1.597442428711,-220.6565621879
5,2.5,441,2.186512569385e-16,1.311675176493e-14,-1.581414585275e-15,-3635.573363291,-0.05586041792193,-218.8296074726
5,2.5,442,1.924102824398e-16,1.325015699803e-14,-4.23588193134e-15,-3413.044413003,-1.165428021092,-220.8275190214
5,2.5,443,2.434357453885e-16,1.317413399995e-14,-1.766389570797e-15,-3571.150694672,1.085737089752,-220.5313902929
5,2.5,444,2.424234479656e-16,1.314085154388e-14,-9.706697605467e-16,-3486.540602512,4.210272461243,-219.5315314898
5,2.5,445,2.183179578995e-16,1.301359010067e-14,-1.55228151504e-15,-3629.084428945,2.021013319497,-217.362316015
5,2.5,446,1.879591384355e-16,1.309905877742e-14,-3.329387292322e-15,-3479.35428054,-1.788174296189,-218.7370412756
5,2.5,447,2.235091398439e-16,1.306858717806e-14,-1.634661811999e-15,-3490.912748409,0.5113553957174,-218.0813453617
5,2.5,448,2.267635731753e-16,1.315490938029e-14,2.233744869523e-15,-3487.520236626,0.7055351419875,-219.7329200374
5,2.5,449,2.006090271791e-16,1.31572186311e-14,-3.450284996628e-15,-3582.574307261,1.108674544121,-219.568311564
5,2.5,450,2.261750752184e-16,1.31074552068e-14,-8.486771772552e-16,-3594.7844691,0.2780559985441,-218.9826863632
5,2.5,451,2.322385748178e-16,1.318346271273e-14,-1.788678749246e-15,-3501.297930633,-4.225098972915,-219.7688703131
5,2.5,452,2.455244595928e-16,1.302548987908e-14,-3.154422225499e-15,-3540.239205738,-0.6091848103918,-217.9219490427
5,2.5,453,1.644461072196e-16,1.310766045925e-14,-1.29586130503e-15,-3448.322003586,-0.1776333642843,-219.0057235882
5,2.5,454,2.049513901941e-16,1.316636692691e-14,-1.650426637444e-15,-3611.37261338,0.4692328409486,-219.4709535064
5,2.5,455,1.890054673602e-16,1.303464843582e-14,-1.571148654216e-15,-3627.739694698,0.7222478115459,-217.9318629535
5,2.5,456,2.49340777996e-16,1.316104423025e-14,-2.520541894257e-15,-3466.938470648,-0.3530059924172,-219.7459977285
5,2.5,457,1.745527606797e-16,1.323834863908e-14,5.539597592628e-16,-3473.957705675,2.472699337308,-220.5576213472
5,2.5,458,1.771593606687e-16,1.316135914862e-14,-2.210456100937e-15,-3679.43292645,4.94627707392,-219.0577747699
5,2.5,459,2.333138126711e-16,1.309058502839e-14,1.016966579028e-15,-3576.574246939,2.546556785888,-219.367295322
5,2.5,460,2.118630284809e-16,1.308922505735e-14,-1.285850353624e-15,-3480.61358331,-0.1460429173659,-218.3691494461
5,2.5,461,2.451721638496e-16,1.309056239177e-14,5.254964419502e-16,-3464.034667323,2.777132937551,-218.306251924
5,2.5,462,2.538412278808e-16,1.325338336063e-14,-2.644285714272e-15,-3584.642027907,0.6382153818384,-221.6388459319
5,2.5,463,1.717626211141e-16,1.320977654972e-14,-5.877066715511e-16,-3562.829051765,-0.381398658734,-220.0782384363
5,2.5,464,2.45410379744e-16,1.323484929916e-14,1.320378427571e-16,-3478.047867164,1.224166937904,-221.2709747872
5,2.5,465,2.118295245341e-16,1.316124657658e-14,9.064005471715e-16,-3543.11276183,-5.392677512443,-220.1172144231
5,2.5,466,2.009132140023e-16,1.31533511424e-14,-2.829213954847e-15,-3313.895958598,0.8075366764562,-219.7050177333
5,2.5,467,1.798895200219e-16,1.321875604614e-14,7.889359176108e-16,-3576.343801446,1.474923032473,-220.7734260575
5,2.5,468,2.050190300887e-16,1.299322611354e-14,-9.134879046145e-17,-3539.326634929,1.078651105016,-217.5216661657
5,2.5,469,2.222303451077e-16,1.321492678043e-14,-3.906939516647e-15,-3739.866363866,0.1295667057448,-220.449713102
5,2.5,470,1.637942925603e-16,1.308689125874e-14,-1.564555012793e-15,-3435.670006665,-0.8410199335915,-218.4167092113
5,2.5,471,2.053415344744e-16,1.328305468047e-14,-1.262509563607e-15,-3549.737953951,2.160097642373,-221.6578065885
5,2.5,472,2.416726231063e-16,1.311650627959e-14,-1.44591412844e-15,-3271.967630652,-2.818112686462,-219.3609718126
5,2.5,473,1.797807698249e-16,1.305911536278e-14,-3.52880581176e-16,-3443.202132159,-3.142885482015,-217.2100773664
5,2.5,474,1.915680074784e-16,1.31675872671e-14,-5.985676270223e-16,-3417.460750122,-0.7867522639173,-220.3548252844
5,2.5,475,2.216005741459e-16,1.319365331475e-14,-1.692746131617e-15,-3501.060656933,4.910434028265,-220.4332729705
5,2.5,476,2.231003570602e-16,1.307368106879e-14,-2.734001606329e-15,-3564.287615442,2.379246438421,-218.9267331203
5,2.5,477,2.093191708744e-16,1.321498729554e-14,1.438859270928e-15,-3495.19181585,-2.385935784987,-221.1532470824
5,2.5,478,2.046300795183e-16,1.30894573169e-14,-1.988709304318e-15,-3503.818580737,0.2878165179344,-218.846705015
5,2.5,479,2.16393328589e-16,1.317069555034e-14,-2.703324727238e-15,-3492.129876804,-1.344330165866,-219.9840099232
5,2.5,480,1.773576892149e-16,1.316174593662e-14,-2.211828546945e-15,-3517.988803017,1.467892970093,-220.014747709
5,2.5,481,2.396888174469e-16,1.314820627889e-14,-2.298911894774e-15,-3559.067898938,-5.584511067758,-219.3110742349
5,2.5,482,1.705897897337e-16,1.316153610974e-14,-1.758385357005e-15,-3583.65166257,-2.396378331311,-220.0275072371
5,2.5,483,2.075699523844e-16,1.31844150351e-14,-6.143114897735e-17,-3524.208947239,1.876593597735,-220.0471411403
5,2.5,484,2.109983826285e-16,1.311636318695e-14,-8.587376926052e-16,-3492.10357495,-0.334064996159,-218.7894598385
5,2.5,485,2.446419465929e-16,1.331499344267e-14,-1.152680518562e-15,-3545.730869742,-0.6754885556919,-222.7940487137
5,2.5,486,2.059463417969e-16,1.306482758705e-14,-1.825319017006e-15,-3348.275053816,0.09617913849779,-218.5972497521
5,2.5,487,2.117853600112e-16,1.312546574543e-14,-1.138688472383e-15,-3504.104728064,2.134297326733,-219.3946177338
5,2.5,488,2.307693696518e-16,1.28536179105e-14,-1.198533252687e-15,-3538.92153622,1.484484611161,-215.9218443368
5,2.5,489,2.187554574253e-16,1.307617952413e-14,5.62796509757e-16,-3487.251484129,-0.722112838775,-218.061851966
5,2.5,490,2.239128899117e-16,1.304201398969e-14,-1.186422633742e-15,-3480.566789827,-2.232028622836,-218.3129420033
5,2.5,491,1.791092137177e-16,1.311989113238e-14,-7.416450813543e-16,-3593.28056453,-1.557486472104,-219.2387985984
5,2.5,492,2.231373895235e-16,1.316592441964e-14,-3.055991374158e-16,-3522.950147477,-0.7366235550118,-219.9420282013
5,2.5,493,2.231972478918e-16,1.29967730584e-14,-1.438554305153e-15,-3574.206098489,-0.8234270009261,-217.4418311939
5,2.5,494,2.162544280994e-16,1.320832223691e-14,-2.89071785267e-15,-3609.808703197,-0.6844534676563,-220.6754875222
5,2.5,495,2.021003362537e-16,1.311019576203e-14,-3.430695222303e-15,-3481.181503989,-2.076828554601,-219.1816262583
5,2.5,496,1.754184237953e-16,1.31587035835e-14,-3.300798032739e-15,-3526.161896075,-1.100175161643,-220.681995282
5,2.5,497,2.454843677975e-16,1.320416642256e-14,-6.889564256834e-16,-3524.091540054,2.439740093057,-220.1045777022
5,2.5,498,2.225946178608e-16,1.316590756054e-14,-2.011168349933e-15,-3403.941613638,-0.9924493266786,-219.633158107
5,2.5,499,2.24619213825e-16,1.316265964902e-14,-1.931901909663e-15,-3545.197306925,-2.394337587568,-220.0141742931
5,2.5,500,2.238662600538e-16,1.313865133759e-14,-1.998684740492e-15,-3564.352838334,-4.406625856518,-219.4143904871
5,2.5,501,2.188319177261e-16,1.31247116589e-14,-1.307551042421e-15,-3528.474625791,1.051350779956,-219.9374151845
5,2.5,502,1.875052220013e-16,1.318321594565e-14,-3.802061767886e-15,-3506.422742196,-0.5847581482651,-219.4718610239
5,2.5,503,1.945346583282e-16,1.310157052452e-14,-7.079343151435e-16,-3542.555190476,-0.7413696315542,-218.7946703623
5,2.5,504,1.816768446687e-16,1.308572682792e-14,-1.255398122185e-15,-3521.766211149,1.060869187994,-218.8521256257
5,2.5,505,2.132131711306e-16,1.313337652352e-14,-9.101950508081e-16,-3434.596072943,0.001058331193968,-219.7388257338
5,2.5,506,2.661447706716e-16,1.319518848517e-14,-3.528466188487e-15,-3526.237118751,-2.439235176962,-220.6717605995
5,2.5,507,1.737801888032e-16,1.320390035559e-14,-6.106539139186e-16,-3601.482763566,-0.2462638760018,-221.0787792899
5,2.5,508,2.244520554274e-16,1.319225426157e-14,1.101521398554e-15,-3470.332087005,2.029135049814,-220.1414695872
5,2.5,509,2.03223470253e-16,1.310488653579e-14,-6.094900018138e-16,-3537.55567097,-1.232765404198,-218.9051732459
5,2.5,510,2.01496348709e-16,1.31088757138e-14,-1.882338546459e-16,-3509.646615625,3.493403111675,-219.2921372935
5,2.5,511,2.386936493681e-16,1.310798355104e-14,4.967111887629e-16,-3459.087982108,0.2673347203635,-219.3254129218
5,2.5,512,1.773154975488e-16,1.312871066041e-14,-1.444935554627e-15,-3476.184395184,1.293850788991,-219.2626702665
5,2.5,513,1.739201372759e-16,1.329397692621e-14,-2.18606087906e-15,-3574.554574958,-0.7647869954888,-220.9636204768
5,2.5,514,2.052200132074e-16,1.311436307063e-14,-1.648014608146e-15,-3491.40922512,-1.48760173439,-219.1807076439
5,2.5,515,2.370679498951e-16,1.323535765187e-14,6.676251749303e-16,-3529.901381377,-0.7802561981308,-220.6558575389
5,2.5,516,2.086952969642e-16,1.306911301947e-14,-1.117485962543e-15,-3507.81627659,-0.1783691407004,-218.7160544165
5,2.5,517,2.366182113938e-16,1.317617131699e-14,-2.568264362456e-15,-3476.898079818,0.6576577792786,-220.2448968159
5,2.5,518,2.460894720996e-16,1.315866370375e-14,-1.582703955036e-15,-3435.788305668,2.801252505536,-220.0906206354
5,2.5,519,1.653364158368e-16,1.313894411354e-14,-8.810181611781e-16,-3542.86554531,-0.009883149638638,-219.6139735017
5,2.5,520,1.808807134836e-16,1.322437213419e-14,-2.80886839481e-15,-3460.594621643,-1.809665397178,-220.5438024856
5,2.5,521,1.625405734146e-16,1.303482217875e-14,-3.114676042257e-15,-3576.262942918,2.173309343876,-217.7455150819
5,2.5,522,1.875703861102e-16,1.311537742005e-14,-4.117200419996e-15,-3524.725164113,-1.289076985282,-218.5286943021
5,2.5,523,2.394509045407e-16,1.314959022663e-14,-1.381634365068e-15,-3635.64016249,0.8499286207673,-219.8127877554
5,2.5,524,2.020821763245e-16,1.31436583431e-14,-1.379337455355e-15,-3442.039518421,0.8323911384191,-219.5926333571
5,2.5,525,2.203793459009e-16,1.310679271666e-14,-8.188648466254e-16,-3521.14223148,-0.3067826992266,-218.6660290271
5,2.5,526,2.357924477065e-16,1.328076943393e-14,-1.511488154973e-15,-3415.329577453,0.6631162495107,-222.4935513204
5,2.5,527,2.405187873829e-16,1.309383338524e-14,3.034848217076e-16,-3515.380694257,-1.197517377921,-218.4575732192
5,2.5,528,2.280233835893e-16,1.298157554621e-14,-1.974376957462e-15,-3529.487402097,-1.617532395154,-217.7368347364
5,2.5,529,2.421573708897e-16,1.296166242611e-14,-2.69320284331e-15,-3510.381185653,0.07496358096401,-217.1336023651
5,2.5,530,2.219561187994e-16,1.3091981423e-14,-3.567190716977e-16,-3563.353419191,1.599752781601,-218.8849544221
5,2.5,531,2.134918723726e-16,1.294772960742e-14,-1.662292274674e-15,-3546.011354205,2.285585148988,-216.5369846426
5,2.5,532,2.073395927256e-16,1.303580964955e-14,-9.664157804095e-16,-3354.188177056,-0.9333100543283,-218.2268778762
5,2.5,533,1.648531473412e-16,1.327599812268e-14,-2.540564105378e-15,-3679.741990588,-0.2077819196946,-221.4365618013
5,2.5,534,2.043659350769e-16,1.325109913637e-14,-1.842222148535e-15,-3515.741430351,1.344587625224,-221.3666206405
5,2.5,535,2.2105347454e-16,1.310833551355e-14,-7.230937191152e-16,-3534.149009814,1.091388851151,-218.6886121702
5,2.5,536,2.210118913743e-16,1.314107440055e-14,-3.479758186858e-16,-3583.469719547,1.755140792519,-219.9261418764
5,2.5,537,2.378337375542e-16,1.318150648859e-14,-2.541072995631e-16,-3638.887489816,-2.125579808117,-220.0193564979
5,2.5,538,1.874846367283e-16,1.321133322809e-14,-1.215251005963e-15,-3476.919626356,-0.9544947731916,-220.9537022418
5,2.5,539,2.860192919755e-16,1.331019095122e-14,-3.437057300781e-16,-3549.644861711,0.8837118816427,-221.8782079835
5,2.5,540,2.07246992134e-16,1.320569489993e-14,-5.796458430792e-17,-3457.379457379,-0.4820162254938,-220.1037031709
5,2.5,541,1.584100133521e-16,1.303808295065e-14,-3.271400289532e-15,-3573.987768202,-3.095410474218,-217.912091231
5,2.5,542,2.275182257838e-16,1.306189706727e-14,-2.329386344156e-15,-3629.063060875,-2.718385292077,-219.2147125323
5,2.5,543,1.895299557129e-16,1.313765002473e-14,-9.909957265372e-16,-3405.775456803,3.352207658197,-219.2922441992
5,2.5,544,2.055113776195e-16,1.311224937878e-14,-6.790550462062e-17,-3474.843308873,0.8330765839588,-219.1879814881
5,2.5,545,2.385022363322e-16,1.317552193668e-14,9.365144362219e-17,-3460.548252636,0.2344438117926,-220.1195895781
5,2.5,546,2.322661685381e-16,1.292723510704e-14,4.800398016452e-16,-3511.112073114,2.078997192113,-215.6445715145
5,2.5,547,2.15241492372e-16,1.310390399019e-14,-3.545376111117e-15,-3529.559151332,0.3344011020186,-219.4248253408
5,2.5,548,2.245972072211e-16,1.311747500903e-14,7.143365666784e-16,-3435.512886317,3.535392978568,-219.5069661561
5,2.5,549,2.117280125123e-16,1.307069953613e-14,-1.694166861917e-16,-3433.553773715,-2.861946607322,-218.2582721853
5,2.5,550,2.102242143001e-16,1.303448494129e-14,-6.162134855046e-16,-3469.92224777,1.397621877415,-217.8131009876
5,2.5,551,2.228865440422e-16,1.30272615539e-14,-2.545475550949e-15,-3504.538218202,-2.394706941537,-218.3055191565
5,2.5,552,1.669574932729e-16,1.306662784505e-14,2.087544328236e-15,-3685.215349955,-3.536228768826,-217.8452356124
5,2.5,553,2.197267167354e-16,1.315451107942e-14,-4.038220569464e-15,-3577.506018479,-1.726749689481,-219.4756703445
5,2.5,554,1.971881634005e-16,1.310880033176e-14,-2.399256666194e-15,-3600.178158866,-0.5805311970745,-218.7074370822
5,2.5,555,2.06744638859e-16,1.3130008594e-14,-7.22797735777e-16,-3630.192479092,0.005174541180301,-218.8802002988
5,2.5,556,2.471616693174e-16,1.319244984908e-14,9.81834377838e-16,-3474.783510668,0.9587417748313,-220.3235126376
5,2.5,557,1.886992287524e-16,1.303620890529e-14,-2.173673999467e-15,-3619.530694473,0.8172577533269,-218.2849156889
5,2.5,558,2.107443894691e-16,1.319184708098e-14,1.99342028192e-15,-3610.522306749,0.3431239659587,-220.3517482902
5,2.5,559,2.227506088189e-16,1.315557955347e-14,-1.114598040991e-15,-3584.402651157,2.246173523051,-219.8182726608
5,2.5,560,2.028159431404e-16,1.315011799732e-14,1.12693032155e-16,-3501.897593347,1.19192461524,-219.8219266865
5,2.5,561,2.291166083673e-16,1.310680483943e-14,-1.951590554324e-15,-3550.592027,-0.7662867211399,-218.9650945057
5,2.5,562,1.930410685532e-16,1.307543173672e-14,-2.578366271576e-15,-3491.912074731,2.142468649726,-218.4179143845
5,2.5,563,2.010168113659e-16,1.309373130958e-14,3.54839699219e-16,-3520.673349715,1.332249556485,-218.6815963188
5,2.5,564,1.861571552643e-16,1.307989323077e-14,-5.983832871275e-16,-3566.796117141,1.861247483226,-218.6589985774
5,2.5,565,1.90604765658e-16,1.315075336135e-14,-1.712075121048e-15,-3454.422808738,-2.242537459464,-219.6583809766
5,2.5,566,2.154915243881e-16,1.324384440862e-14,-1.968954455315e-15,-3454.599047155,-2.266295333391,-221.6846847414
5,2.5,567,1.90778115136e-16,1.302164560966e-14,-2.272155344552e-15,-3467.671525113,1.577120615393,-218.0190307795
5,2.5,568,2.408692021426e-16,1.300742264971e-14,-3.124145083791e-16,-3476.971510053,2.067503758155,-217.5342282925
5,2.5,569,1.794995512549e-16,1.308308768624e-14,-1.441735227516e-15,-3417.519340989,-2.710715299681,-219.2139007478
5,2.5,570,2.00545328573e-16,1.302183952449e-14,-1.2178323072e-15,-3571.149505396,0.3328088240396,-217.7445199437
5,2.5,571,1.763046123536e-16,1.308772222039e-14,-8.96097795259e-16,-3492.726803018,2.967236935444,-218.7792726883
5,2.5,572,2.077869072119e-16,1.305987019049e-14,-3.662620534579e-15,-3506.513306998,1.360258735994,-217.8678277318
5,2.5,573,2.439548046429e-16,1.323525257941e-14,-8.430107202011e-16,-3512.449763455,-1.340008265386,-221.0943154025
5,2.5,574,1.897646722304e-16,1.310064857184e-14,1.925359811873e-15,-3368.494839381,1.138569044657,-218.9198958336
5,2.5,575,2.186797362191e-16,1.316069223266e-14,-1.3349932142e-15,-3499.113299911,-1.538692035427,-219.6759357223
5,2.5,576,2.239493772252e-16,1.302430601273e-14,-3.061379986407e-15,-3501.394774158,2.299215672946,-217.1923986265
5,2.5,577,1.995257042886e-16,1.30474466327e-14,-2.698981091265e-15,-3413.96384453,-0.4193034687739,-217.8733585802
5,2.5,578,1.812538446849e-16,1.312317337847e-14,-1.805094907965e-15,-3554.5438766,1.795862286886,-219.4213615531
5,2.5,579,1.822573726037e-16,1.306642716417e-14,3.949359898652e-16,-3688.64992653,-4.333966530894,-218.3446344772
5,2.5,580,1.773262968715e-16,1.312201975703e-14,8.074199147175e-16,-3317.21685328,3.00905391025,-218.8680931285
5,2.5,581,1.949839487054e-16,1.32520018932e-14,-2.471587899052e-15,-3352.455917796,3.400249523362,-221.6796697015
5,2.5,582,1.62784404653e-16,1.302103335955e-14,-1.834555918685e-15,-3470.118657273,0.7398687599696,-217.8943745746
5,2.5,583,2.176898025997e-16,1.314993085365e-14,-2.590815477353e-15,-3600.014375489,-1.524981590999,-219.2001127
5,2.5,584,2.149442279525e-16,1.312459020094e-14,-1.457794295078e-15,-3467.257870343,-1.404953393304,-219.5664060038
5,2.5,585,2.286597921168e-16,1.328856710947e-14,-2.099572443387e-15,-3486.800559894,0.8589311165229,-221.7531977962
5,2.5,586,1.889932460664e-16,1.312860365685e-14,-2.991165733474e-15,-3613.025243193,5.29100917084,-219.7221337586
5,2.5,587,2.513792870589e-16,1.312205328235e-14,-1.254524656784e-15,-3538.195038138,2.170732449918,-218.6913275821
5,2.5,588,2.384404760504e-16,1.301193531116e-14,-1.5246985076e-15,-3573.700138693,-0.9983300191356,-217.6224688915
5,2.5,589,2.351435195268e-16,1.325601378006e-14,-8.096297565605e-16,-3470.150909062,0.1423066495113,-220.7457730492
5,2.5,590,2.170649089172e-16,1.313554846085e-14,-8.521433660286e-16,-3509.167282936,0.5262323586961,-219.4907585483
5,2.5,591,1.833483088264e-16,1.306937603142e-14,1.506831240707e-15,-3557.356246569,2.240166269891,-218.8487830142
5,2.5,592,2.204801635923e-16,1.314527580671e-14,-3.191201391471e-15,-3478.644418544,-0.5115762774712,-219.5356417611
5,2.5,593,1.94674844829e-16,1.319409265205e-14,-1.962086654061e-16,-3548.041545263,5.14164879689,-220.4110973137
5,2.5,594,1.779482933563e-16,1.324446315856e-14,-2.27058734558e-15,-3594.371635891,-0.2538901215261,-220.8786376228
5,2.5,595,2.028776758108e-16,1.319381746387e-14,-6.147555827852e-16,-3479.190907764,0.235099131412,-220.6841429398
5,2.5,596,2.29154699208e-16,1.304290066706e-14,-4.198542281412e-15,-3508.886905215,2.345696567907,-217.8707947411
5,2.5,597,2.063546118266e-16,1.314443784157e-14,2.96374564264e-16,-3448.488263486,-3.032982874631,-219.2811955058
5,2.5,598,1.56086273465e-16,1.318865935705e-14,-2.046396675552e-15,-3708.636882901,1.815771796362,-219.8815454649
5,2.5,599,1.661830889e-16,1.309507898691e-14,-1.933498307754e-15,-3441.256532701,0.4837480131049,-218.6339855664
5,2.5,600,2.321062055603e-16,1.311421130735e-14,-1.557824464627e-16,-3427.571091737,0.5914169595915,-219.2517066691
5,2.5,601,2.343487467909e-16,1.304836970688e-14,-2.170941161256e-16,-3554.007707156,-0.8442954030701,-218.8602299058
5,2.5,602,1.760247740153e-16,1.320746988794e-14,-1.891520205872e-15,-3457.258399547,-0.09772413660798,-220.2586262469
5,2.5,603,1.954578658203e-16,1.31883783111e-14,-1.026127309319e-15,-3517.0893872,-2.73956456409,-220.3422492077
5,2.5,604,2.342182483418e-16,1.319045924492e-14,2.179271162412e-16,-3490.485214752,-0.9409323944442,-220.3223285999
5,2.5,605,2.269886693626e-16,1.321872485928e-14,-1.370380433868e-15,-3523.728582214,-1.969432164354,-220.9350027967
5,2.5,606,2.329781933604e-16,1.310799659746e-14,9.068440192611e-16,-3480.881509555,-1.353924562827,-218.8307691898
5,2.5,607,1.869397332577e-16,1.300508803424e-14,-4.346263249782e-16,-3414.655696899,2.375306344853,-217.1590265758
5,2.5,608,2.785538999389e-16,1.323101215592e-14,-2.243510239466e-15,-3522.780585065,0.6756562132084,-221.064280405
5,2.5,609,1.712058363573e-16,1.326197738566e-14,-1.068566963982e-15,-3542.304837155,0.4943198383207,-221.5325329192
5,2.5,610,2.419553274388e-16,1.312361077282e-14,8.121352801143e-18,-3556.008929123,-1.783705261791,-219.2753201316
5,2.5,611,2.476200738952e-16,1.311754271913e-14,-2.203734111189e-15,-3510.883843035,-3.865816294589,-218.9919999341
5,2.5,612,2.096161706711e-16,1.305409656718e-14,-1.099651890613e-15,-3626.489621699,-0.0327449740794,-218.0468479085
5,2.5,613,2.237179536443e-16,1.321130499561e-14,8.270287771654e-16,-3543.883034296,-1.339667868382,-220.2958042465
5,2.5,614,2.199616542775e-16,1.325801103403e-14,-3.602583124637e-16,-3513.300173658,0.004356167405628,-220.621673789
5,2.5,615,2.316575798113e-16,1.310102595425e-14,-1.333981532056e-15,-3522.924054383,2.559864686451,-219.1172023732
5,2.5,616,2.247005376786e-16,1.311497992912e-14,-4.463278227976e-16,-3586.83300327,-1.036987400485,-219.0442490965
5,2.5,617,2.041659994207e-16,1.309193282434e-14,-2.893020572171e-16,-3552.048672732,2.757343050451,-218.497273401
5,2.5,618,2.284192171674e-16,1.306289916586e-14,5.525219325423e-17,-3510.560865562,2.321325557914,-218.0013485579
5,2.5,619,2.508090718014e-16,1.311952472795e-14,-6.002858123128e-16,-3492.946995179,1.523101320077,-219.0708970643
5,2.5,620,2.149168968166e-16,1.318099217177e-14,-1.513808166315e-15,-3535.913534583,-0.4602912179146,-220.814723514
5,2.5,621,2.392363694897e-16,1.323548611984e-14,3.404246944201e-17,-3481.607427345,2.905726891737,-221.1798645404
5,2.5,622,2.050520752649e-16,1.310799570464e-14,1.178275049901e-15,-3408.25181945,3.028196507299,-218.641810006
5,2.5,623,2.660995267044e-16,1.326383757843e-14,-6.136561947176e-16,-3525.186127417,-1.658809426941,-221.0495955184
5,2.5,624,1.983005851938e-16,1.306159079118e-14,-2.06920867117e-15,-3569.286007984,0.199671028458,-218.1144557524
5,2.5,625,1.984301819199e-16,1.310531404178e-14,-9.219772041818e-16,-3629.696170035,3.968458019788,-219.2140580805
5,2.5,626,2.362216994335e-16,1.304283815034e-14,-4.17081926622e-16,-3588.161406602,0.9485795067053,-218.3314861659
5,2.5,627,2.281614121032e-16,1.313655377381e-14,-1.085899959756e-15,-3575.845657764,-0.8076964099223,-219.1246374413
5,2.5,628,2.065132052572e-16,1.323165426056e-14,-6.160360703104e-16,-3509.512337089,-1.09883457129,-220.2457300806
5,2.5,629,2.038976934108e-16,1.305104951727e-14,6.53247396924e-16,-3619.820077079,-1.52436909192,-218.0383464276
5,2.5,630,2.110497051798e-16,1.307912069879e-14,3.599902353493e-16,-3479.481121009,-1.104976802338,-218.0541029991
5,2.5,631,1.997541641663e-16,1.302472697019e-14,-6.594915975679e-16,-3475.000766236,-0.1065069612484,-217.2836196795
5,2.5,632,2.12222149144e-16,1.316553419757e-14,-1.189608830259e-15,-3613.481788876,-0.208115357209,-220.2588428897
5,2.5,633,1.986292803829e-16,1.323909126948e-14,-1.483317181944e-16,-3467.400586562,0.8922425793009,-220.6897465087
5,2.5,634,2.149016770067e-16,1.296281047199e-14,-1.910529607098e-15,-3550.083209346,3.500915472322,-216.1776327052
5,2.5,635,2.19680554774e-16,1.328631866584e-14,-3.360859254176e-17,-3454.999700818,1.154172493058,-221.8917237727
5,2.5,636,2.126699855961e-16,1.308387752501e-14,1.425155234595e-15,-3540.40075061,3.561480064461,-218.3625237384
5,2.5,637,1.66957381915e-16,1.323674692435e-14,-7.210857092298e-16,-3476.652618908,0.4277270731557,-221.248769325
5,2.5,638,1.700253999209e-16,1.318116054441e-14,4.315636427175e-16,-3504.478711911,0.6012649341638,-219.8230118023
5,2.5,639,2.152425286783e-16,1.308320005682e-14,-6.665254589951e-16,-3440.730794961,0.21899904541,-218.2870498463
5,2.5,640,1.950153992497e-16,1.31163395923e-14,-1.103997755179e-15,-3653.58002955,-0.5332946640854,-219.2815528074
5,2.5,641,2.293968972753e-16,1.296452893611e-14,-9.439250775902e-16,-3464.64752819,1.404260758845,-216.9424927669
5,2.5,642,2.052035547291e-16,1.311389179619e-14,-2.448598400804e-16,-3418.880586925,2.855674556878,-218.6757736004
5,2.5,643,2.188909669277e-16,1.31880424866e-14,-1.058285267553e-15,-3512.09968535,-0.07746674792485,-220.6015993835
5,2.5,644,2.643628337015e-16,1.31655905827e-14,-1.927631332459e-15,-3533.876305632,-2.371340441097,-219.761813344
5,2.5,645,2.170045147651e-16,1.306619879673e-14,-1.863030003442e-15,-3421.029062909,-0.4886070484459,-218.7360031422
5,2.5,646,2.527732666228e-16,1.321448725085e-14,-6.177171147779e-16,-3569.599269683,2.378358508229,-221.1142902156
5,2.5,647,1.56862785743e-16,1.294538568755e-14,-8.078014144803e-16,-3509.174119287,-1.442655683329,-216.8899742608
5,2.5,648,1.941915047943e-16,1.307055225415e-14,-2.822188481619e-15,-3678.973380557,-1.90578244008,-218.5135926199
5,2.5,649,1.974637169395e-16,1.309303353092e-14,-1.976374371911e-15,-3518.973895654,-0.09110644816941,-219.4093830222
5,2.5,650,2.455394891073e-16,1.309510893091e-14,-1.169291259887e-15,-3587.992715475,2.121397227989,-218.9857198062
5,2.5,651,2.066412160686e-16,1.309742221796e-14,-1.230131725545e-15,-3644.709318,1.906702608775,-218.7854820657
5,2.5,652,1.912249290384e-16,1.3125755189e-14,-2.804717952035e-15,-3505.857011018,1.266169280292,-219.2888186614
5,2.5,653,1.613134105167e-16,1.304598577835e-14,-3.369653037224e-15,-3504.846491133,0.671403963442,-218.5448085756
5,2.5,654,2.12961905377e-16,1.310793553829e-14,-1.249958001496e-15,-3532.462476861,2.965097194534,-219.5824717595
5,2.5,655,2.191734917688e-16,1.312746122848e-14,-3.770386192007e-15,-3534.74243588,-4.551271995729,-219.708349731
5,2.5,656,2.161821749105e-16,1.312910809686e-14,-7.354780631852e-16,-3510.563623343,-1.259980430265,-219.4828344415
5,2.5,657,2.359175807453e-16,1.323982525146e-14,-8.435123534032e-17,-3482.585780686,0.9486259369242,-221.3172800605
5,2.5,658,2.439431442362e-16,1.31216519931e-14,-3.567794003741e-15,-3269.51724784,-0.6356529963735,-218.6863444955
5,2.5,659,1.987572125956e-16,1.316554975318e-14,-7.536865206586e-16,-3551.354582295,-1.224059077305,-220.9149358849
5,2.5,660,2.063714563153e-16,1.322599834926e-14,-1.15787470462e-15,-3650.04988204,0.3833186554547,-220.6571987195
5,2.5,661,2.328983201972e-16,1.320556573942e-14,-1.91337129748e-15,-3546.51537069,-0.8738339256105,-220.0981519887
5,2.5,662,2.182036987257e-16,1.31386366109e-14,-1.988425677044e-15,-3520.126557811,1.139362455747,-219.2219336884
5,2.5,663,2.379733022329e-16,1.320839975154e-14,-2.502473038488e-15,-3483.8546859,-1.276159248811,-221.0498441853
5,2.5,664,1.966532566663e-16,1.305240031018e-14,-2.063284861221e-15,-3631.063698428,4.092546394276,-218.2750769333
5,2.5,665,2.148968356447e-16,1.319558694499e-14,-4.311638193024e-16,-3457.263047453,2.690259614889,-220.8616529307
5,2.5,666,2.317484832263e-16,1.309163629461e-14,-2.233906360534e-15,-3494.572335253,-1.477404602971,-218.7975438782
5,2.5,667,2.353606176563e-16,1.307128168746e-14,-1.917467190288e-15,-3410.050958492,2.514587883257,-218.8437292503
5,2.5,668,2.223025546799e-16,1.301438702675e-14,-7.584569937297e-16,-3519.492718846,1.626245771853,-217.7803683106
5,2.5,669,1.969222073147e-16,1.323420139881e-14,-2.192135045594e-15,-3441.326212069,0.2943416374161,-220.6097127251
5,2.5,670,1.557468647815e-16,1.300256820645e-14,-6.201555814315e-16,-3390.022226714,-0.7517714785132,-217.9044228006
5,2.5,671,1.964848137045e-16,1.32227916832e-14,1.67039044799e-16,-3495.95151235,2.709006576482,-220.4124229763
5,2.5,672,2.281004109309e-16,1.319509590561e-14,-1.164542144776e-15,-3539.139210141,1.637320101769,-220.3492884671
5,2.5,673,1.871681142409e-16,1.305467124184e-14,8.596824118726e-16,-3435.716010594,0.3220577769582,-218.272324005
5,2.5,674,2.21943404353e-16,1.293801349423e-14,-1.261426921678e-15,-3503.840680519,0.9176107672059,-216.5936798984
5,2.5,675,2.253192517098e-16,1.313639619145e-14,-1.14200955206e-16,-3390.591715905,-0.6434350190134,-219.5960989446
5,2.5,676,1.816511538198e-16,1.301769552017e-14,-4.689261540659e-16,-3639.784726503,1.29323499807,-216.9397297759
5,2.5,677,1.953011541948e-16,1.309428109702e-14,-1.236841006533e-15,-3561.738354457,-0.8688103352938,-218.7359327823
5,2.5,678,2.16377701596e-16,1.311742078029e-14,-1.581418309962e-16,-3579.481412805,-0.5249024659184,-219.3656072433
5,2.5,679,2.234416789947e-16,1.316922890522e-14,2.130548699528e-17,-3401.588887254,-0.1050568335418,-219.6321557852
5,2.5,680,1.809460461977e-16,1.301905009356e-14,-1.017139921517e-15,-3411.854301442,0.5450404999218,-217.8309493935
5,2.5,681,1.933243005406e-16,1.304204413817e-14,-5.259376797356e-16,-3493.601853885,3.115376730263,-217.9515785887
5,2.5,682,2.390091610982e-16,1.314103930308e-14,-3.113452441003e-15,-3460.078532561,-0.351267420785,-218.6756951322
5,2.5,683,2.192055559957e-16,1.321496861672e-14,-1.621731820277e-16,-3513.761129258,-1.499282523475,-221.0286395142
5,2.5,684,2.4199861846e-16,1.3076109402e-14,-2.24316884132e-15,-3480.012208421,-0.3990152467871,-218.6591212881
5,2.5,685,1.94653414853e-16,1.308336122914e-14,-2.893662393839e-15,-3509.968517302,0.4158968957357,-218.7418829761
5,2.5,686,2.120646668626e-16,1.31941338331e-14,-1.669019755301e-15,-3481.877557314,-2.232467945423,-219.8393076317
5,2.5,687,2.364917712366e-16,1.314401020155e-14,-3.992952038035e-16,-3671.649254025,0.2632000649306,-219.2855261162
5,2.5,688,2.327800860581e-16,1.314035607921e-14,7.457296998783e-16,-3565.861839774,2.417253119478,-219.4927127271
5,2.5,689,2.222384364471e-16,1.308697001928e-14,-3.562994073839e-15,-3513.916206914,0.5280989635598,-218.3317949208
5,2.5,690,2.106271933841e-16,1.326481948125e-14,-2.310071911915e-15,-3526.789439101,2.813839736128,-221.3400352403
5,2.5,691,2.329893467849e-16,1.319621694091e-14,-8.589059609948e-16,-3443.564823684,-1.951085513737,-220.6580184741
5,2.5,692,2.32652881409e-16,1.309443376908e-14,-2.632744588839e-15,-3609.750280535,0.9986269016261,-218.8629377541
5,2.5,693,2.013772917546e-16,1.305537828555e-14,6.207945557788e-16,-3400.532341599,1.033102342589,-218.3727027034
5,2.5,694,2.240031838971e-16,1.303827320595e-14,-3.461639817009e-15,-3545.04664834,-0.1253656188978,-217.6347471549
5,2.5,695,2.140582986719e-16,1.311951028581e-14,-5.689871143286e-16,-3542.31020115,0.6266624792104,-219.4809556574
5,2.5,696,2.790552734526e-16,1.326736624687e-14,-2.998719236676e-15,-3434.311745535,1.196401042328,-222.1539515725
5,2.5,697,2.043380847366e-16,1.326019836564e-14,5.777200392723e-16,-3488.134818889,1.925480797622,-221.509424273
5,2.5,698,2.268754943646e-16,1.323770509946e-14,3.060750676873e-15,-3369.337297682,4.382829800111,-220.2050797023
5,2.5,699,2.612623365001e-16,1.318689095322e-14,-1.515688461659e-15,-3409.091487885,2.754870701373,-220.3117783515
5,2.5,700,2.262492053731e-16,1.315027508696e-14,-4.107734818069e-16,-3552.8618747,0.1840932762381,-219.1912865773
5,2.5,701,1.920359000861e-16,1.301871329699e-14,-1.599591888666e-15,-3487.656452159,-1.118012538684,-217.830259848
5,2.5,702,2.510244241765e-16,1.297549130497e-14,-4.345095486298e-16,-3703.85914989,-0.7264131425846,-217.2248840974
5,2.5,703,1.796304493713e-16,1.300651298972e-14,-4.0397715318e-15,-3565.173405149,1.137259569507,-217.9621709208
5,2.5,704,1.989629970725e-16,1.319334361272e-14,8.553735389321e-16,-3504.412260059,1.456416080641,-220.6955711426
5,2.5,705,2.134688642871e-16,1.309532820059e-14,-4.381286821032e-15,-3635.046898153,0.5626938878034,-218.9078981975
5,2.5,706,2.039650414645e-16,1.31658562868e-14,1.986057840967e-15,-3468.173809635,-0.6902376826135,-220.2950568582
5,2.5,707,2.568908012057e-16,1.320886033822e-14,-2.53011110307e-16,-3526.578633421,0.4275756118206,-221.3552589382
5,2.5,708,1.975598902102e-16,1.30966352786e-14,-3.78808076921e-15,-3470.371637071,-0.1796879592573,-219.0223577103
5,2.5,709,2.054037247607e-16,1.317061397074e-14,-4.696021307565e-17,-3495.98789069,3.490313019753,-220.6823764467
5,2.5,710,2.183558116222e-16,1.299016566053e-14,-3.782501049346e-15,-3583.32840319,1.167133443146,-217.0914786212
5,2.5,711,1.963775848426e-16,1.311024367664e-14,1.706045497719e-15,-3607.406203287,0.5234435440986,-218.7604344596
5,2.5,712,2.17397271495e-16,1.308393306809e-14,3.817691786205e-16,-3428.778241717,-1.919419838407,-218.7074105184
5,2.5,713,1.972541821632e-16,1.31403005591e-14,1.337078103168e-15,-3500.960623043,-1.370019929205,-219.7575939624
5,2.5,714,2.474587891369e-16,1.322595581979e-14,-3.374706912012e-15,-3363.357859909,0.1315256042693,-220.241666992
5,2.5,715,1.864003803914e-16,1.31708690615e-14,-7.431117268484e-16,-3466.349930055,0.09376083468114,-220.1393531809
5,2.5,716,2.204107261277e-16,1.31422311662e-14,-3.372360308381e-15,-3452.256559526,-1.184107892027,-220.1267030527
5,2.5,717,2.065975591672e-16,1.324755087281e-14,-4.648570124943e-16,-3473.534084028,-4.370067496507,-220.3154578856
5,2.5,718,2.113248410574e-16,1.290394361516e-14,-2.527219493507e-15,-3327.895292993,-1.965126982396,-215.5451670644
5,2.5,719,2.423648899244e-16,1.305451270483e-14,-7.031473436374e-16,-3463.093387266,-1.434072091075,-218.5004958707
5,2.5,720,2.007749829987e-16,1.318451979888e-14,-1.413353296306e-15,-3558.196279536,1.390524861499,-220.8553492965
5,2.5,721,2.559642986565e-16,1.316951901906e-14,-1.116896022092e-15,-3497.334736959,0.2288657275925,-219.7355798112
5,2.5,722,2.151350528121e-16,1.310032188084e-14,-1.222102939676e-15,-3584.70098295,0.9766783758707,-218.5686456088
5,2.5,723,2.240304602104e-16,1.317430520021e-14,-2.238442372277e-15,-3516.592408766,-0.5335161961411,-220.6692636218
5,2.5,724,2.254584500095e-16,1.308166233714e-14,-1.114435362553e-16,-3498.122669608,2.081676816607,-218.9920331252
5,2.5,725,2.088984770044e-16,1.303694837336e-14,-1.82411696968e-16,-3479.039837886,-0.07501242279062,-218.1552103236
5,2.5,726,2.409688653814e-16,1.314302622825e-14,-1.398191329445e-15,-3500.83756817,-0.9105092669265,-220.108154569
5,2.5,727,2.320236747865e-16,1.325409921539e-14,1.023349585456e-15,-3513.122753896,-2.139602626269,-221.4795684084
5,2.5,728,2.05611535292e-16,1.312632709417e-14,-3.099693996748e-15,-3484.697656822,-1.214477849217,-219.6782607617
5,2.5,729,2.600811380459e-16,1.317603144392e-14,-1.624832633769e-15,-3260.327210484,1.549463627428,-220.7923119048
5,2.5,730,2.187447009377e-16,1.313848977763e-14,-3.564341116972e-15,-3468.35453446,-1.595858909444,-219.0823575197
5,2.5,731,2.358858322095e-16,1.318558105061e-14,-1.388286915918e-15,-3605.895242958,-3.837158088889,-221.0354180851
5,2.5,732,2.34201844014e-16,1.313670957973e-14,-3.991860018519e-15,-3453.063210732,-3.706369624478,-220.2725550895
5,2.5,733,1.894104810757e-16,1.316969060661e-14,-1.849489685053e-15,-3437.63532909,2.380058037539,-219.5737039069
5,2.5,734,2.359893599163e-16,1.306092398915e-14,-3.987304761943e-15,-3464.08812867,-1.93104302426,-218.110803937
5,2.5,735,2.59365845006e-16,1.319248763163e-14,-2.195844809871e-15,-3371.24634303,-1.076845064883,-220.1056132443
5,2.5,736,1.968109993683e-16,1.319773025177e-14,1.676425024427e-15,-3437.998678909,0.5234045552399,-220.1984939898
5,2.5,737,2.005224806236e-16,1.310555611557e-14,-1.706912046191e-15,-3548.448725742,-2.418984880085,-218.6973734168
5,2.5,738,2.266275181313e-16,1.308969189342e-14,2.523568218642e-16,-3483.200948382,0.8003499152853,-218.5458896519
5,2.5,739,2.136106120082e-16,1.317702650619e-14,-1.836323439154e-15,-3521.680459759,0.2786895425146,-220.1015559454
5,2.5,740,2.012458409496e-16,1.305999842774e-14,-2.568853883539e-15,-3535.045813632,1.712961743512,-219.0822907499
5,2.5,741,1.936241511751e-16,1.300291500939e-14,-1.412098790229e-15,-3577.19235053,-2.518800229986,-217.5156418111
5,2.5,742,2.142877817176e-16,1.30994984701e-14,-2.324670756269e-15,-3653.910996946,1.276510734942,-218.6648541232
5,2.5,743,2.298539925246e-16,1.323705263453e-14,-2.22638056818e-15,-3496.544733841,0.4804591854736,-220.9402273685
5,2.5,744,1.298068920066e-16,1.321127581465e-14,-2.203975232819e-15,-3377.230975364,-0.1400996248388,-220.7569386718
5,2.5,745,2.619609386313e-16,1.318418990061e-14,-1.134727125486e-15,-3409.31328834,-0.8827780359396,-219.4107597899
5,2.5,746,1.68602375023e-16,1.323989755724e-14,-4.284815722261e-16,-3479.43806923,-1.247532767413,-220.9232836856
5,2.5,747,2.031913777051e-16,1.320164568258e-14,-3.674552427836e-16,-3405.465780322,1.031645886713,-220.4193131842
5,2.5,748,2.523401853043e-16,1.305705172763e-14,-8.626530510745e-16,-3476.768924332,-0.1307096770423,-218.2800693121
5,2.5,749,1.983150333416e-16,1.308915563802e-14,-1.036181587084e-15,-3479.978784149,-2.3428164593,-218.8187071065
5,2.5,750,2.293144417726e-16,1.319646634231e-14,-2.0847937934e-15,-3579.312596586,-1.399875915982,-220.501248384
5,2.5,751,1.924855081186e-16,1.312133051764e-14,-1.767896211444e-15,-3525.816621791,-1.210833214906,-219.3656783207
5,2.5,752,1.933850497548e-16,1.303987025904e-14,-3.986953467913e-15,-3629.754058165,1.421987293505,-218.221802831
5,2.5,753,1.887993681652e-16,1.308748291494e-14,-6.301607598523e-17,-3530.848808876,-2.548804169346,-218.9363130625
5,2.5,754,2.505219210948e-16,1.307100541943e-14,-1.753581062431e-15,-3526.540577993,-3.035119262698,-218.4420313884
5,2.5,755,2.279397165802e-16,1.32395467983e-14,-2.016694196188e-15,-3419.614015369,4.232618286,-221.1775768516
5,2.5,756,2.16887259158e-16,1.317986612794e-14,1.019713228294e-15,-3555.081667911,-0.4682230319597,-219.9899211389
5,2.5,757,1.841037518804e-16,1.31209727439e-14,-2.491116894984e-15,-3574.614894637,0.09017539925789,-218.714231459
5,2.5,758,1.908767754322e-16,1.320429356052e-14,-1.61731373771e-15,-3531.874053315,0.07537908332488,-220.6126604087
5,2.5,759,2.48041959399e-16,1.308359350679e-14,-1.028882913552e-15,-3555.471342166,-2.219056368757,-219.189248961
5,2.5,760,2.14657103306e-16,1.319747997909e-14,-9.273071043004e-16,-3598.100428541,-1.164205944745,-221.0990634689
5,2.5,761,1.97659959541e-16,1.302305835136e-14,-4.061695763989e-15,-3653.192764733,3.696826581835,-217.7289286572
5,2.5,762,2.383721883098e-16,1.310308943617e-14,-3.454737399986e-15,-3520.757186588,2.734561040309,-219.0101077014
5,2.5,763,2.110314912092e-16,1.315890144809e-14,-1.316589846158e-15,-3574.631219899,1.270151590845,-220.1459128131
5,2.5,764,2.209035323927e-16,1.318144992374e-14,-3.733319337048e-16,-3677.248812323,1.622665076448,-219.4296853452
5,2.5,765,2.105951901828e-16,1.317765870076e-14,-2.204149745254e-16,-3537.633744509,-2.394219428108,-220.1377669687
5,2.5,766,1.984120433243e-16,1.32750522759e-14,-2.36920174234e-15,-3549.240255708,0.3776914477287,-221.5457991639
5,2.5,767,1.889492035865e-16,1.311247031204e-14,-7.01314083217e-16,-3503.752915491,-1.350610221097,-218.925456212
5,2.5,768,2.06288644575e-16,1.29700173575e-14,1.072687728933e-15,-3630.794082512,-1.609985226393,-216.7887684858
5,2.5,769,2.353041602644e-16,1.316053623913e-14,-1.7058197959e-15,-3377.918569254,-0.9317420303459,-220.2542452398
5,2.5,770,1.755313202307e-16,1.308418798935e-14,-2.556792155797e-17,-3491.963310789,1.38235696633,-218.8176902556
5,2.5,771,2.064356004801e-16,1.323902608602e-14,-6.531480015248e-16,-3610.363608221,-0.9867675959903,-221.0833678749
5,2.5,772,2.06472659033e-16,1.315591589621e-14,1.163581603424e-15,-3520.273515705,-0.9603525844634,-219.4165111545
5,2.5,773,2.427936238435e-16,1.317855717352e-14,3.744816183295e-16,-3584.585278296,0.7042232466159,-219.9200146177
5,2.5,774,2.653715087455e-16,1.320021698368e-14,-3.560536678746e-15,-3627.519311353,2.573242571656,-220.5051566351
5,2.5,775,2.072746301314e-16,1.313005110114e-14,-2.110260798006e-15,-3487.888488598,0.07336881940543,-219.7044396766
5,2.5,776,1.781155711001e-16,1.303197452253e-14,1.046461052085e-15,-3460.432970341,1.442179136668,-217.136176773
5,2.5,777,2.350230036462e-16,1.313439821416e-14,-2.223474960551e-15,-3562.073542194,0.410670184205,-219.9105628843
5,2.5,778,2.649806390229e-16,1.323507824123e-14,-1.827766166896e-15,-3475.057047148,4.071967721084,-221.072618073
5,2.5,779,2.019174815858e-16,1.306526217385e-14,-9.896887880915e-16,-3603.600882093,-0.009517642904889,-218.5946222108
5,2.5,780,2.237060658908e-16,1.320639295251e-14,-2.475070827126e-16,-3358.462658374,-0.009254202372467,-220.289743253
5,2.5,781,2.245859244885e-16,1.323684696894e-14,-1.785957439588e-15,-3602.28841,-5.198609884545,-221.4473837165
5,2.5,782,2.061482483828e-16,1.323316621594e-14,-1.819462529201e-15,-3486.993748491,0.8806494372942,-220.9124005377
5,2.5,783,2.292723766167e-16,1.299538975868e-14,-1.594235817102e-15,-3453.609529002,1.523930656832,-217.2259479309
5,2.5,784,2.230958828938e-16,1.310032219606e-14,-2.466590572546e-15,-3532.794991136,2.606607834183,-218.9837239628
5,2.5,785,2.381546323143e-16,1.325287881549e-14,-3.735366455857e-16,-3561.363041111,5.657664069436,-221.2233941441
5,2.5,786,2.429218860203e-16,1.315531301064e-14,2.3655344558e-15,-3469.293337978,-1.792170802192,-219.3410567591
5,2.5,787,2.183532411988e-16,1.315641876947e-14,-1.017841433681e-15,-3569.886915379,2.50892330123,-219.0599377639
5,2.5,788,2.024687981904e-16,1.303431854071e-14,-1.452317937938e-16,-3399.8060501,-0.9728673647091,-218.4042953845
5,2.5,789,1.871939421344e-16,1.314553196343e-14,-1.958282725104e-15,-3486.037955004,-3.51494250297,-219.2375290734
5,2.5,790,2.298865894117e-16,1.325537901246e-14,-1.399343490256e-15,-3591.457730113,2.905631110228,-220.8023181134
5,2.5,791,2.410893328123e-16,1.313019314513e-14,-1.526069961115e-15,-3469.669155233,2.060598814401,-219.5041696435
5,2.5,792,1.845643846101e-16,1.306924215812e-14,-3.577680455238e-16,-3511.772432021,0.13158740065,-218.3304946638
5,2.5,793,2.231027527228e-16,1.305020251886e-14,-1.033578411449e-15,-3513.344523899,-1.028519426097,-218.5967107141
5,2.5,794,2.066125970828e-16,1.319900210101e-14,4.287592010532e-16,-3567.835399441,-2.10945616534,-220.4245173976
5,2.5,795,2.040624803885e-16,1.324277540643e-14,-2.388999858579e-16,-3584.207544284,-1.703879249613,-221.0746641211
5,2.5,796,2.548712843476e-16,1.328007791352e-14,-9.4703265172e-16,-3486.564283806,1.679247003778,-220.6311398056
5,2.5,797,1.854401661006e-16,1.317627368557e-14,2.205140174586e-16,-3393.838083649,0.9716635149487,-220.7732996892
5,2.5,798,1.438251928707e-16,1.305808690297e-14,-2.262829802449e-15,-3532.835249234,0.7089792937166,-218.0485101543
5,2.5,799,2.37964566111e-16,1.315120569482e-14,-2.023548245242e-15,-3496.975770628,-0.9214095618404,-219.5156695829
5,2.5,800,1.857092244915e-16,1.332245437435e-14,-3.925444830555e-15,-3559.866228968,1.588345231071,-222.5184314403
5,2.5,801,2.044629380682e-16,1.318626229452e-14,-1.42948317293e-15,-3649.517683704,-0.02133906125771,-220.448409267
5,2.5,802,2.446746100472e-16,1.30769160248e-14,-9.925664701682e-16,-3408.946341916,1.770241058569,-218.2267004978
5,2.5,803,2.294067633242e-16,1.305380494252e-14,5.6820329767e-16,-3481.122125397,0.02837777353463,-219.0859015388
5,2.5,804,1.972864192242e-16,1.309160661956e-14,1.03486179087e-15,-3310.441843625,0.3661225942009,-218.9860517946
5,2.5,805,1.606513191824e-16,1.312517517558e-14,-2.840021213121e-15,-3333.341030315,-0.006018074848175,-219.8718674428
5,2.5,806,2.195912388399e-16,1.320463770398e-14,-4.504395481876e-15,-3474.319752366,-3.316191832556,-220.6456081499
5,2.5,807,1.582924646611e-16,1.316844796439e-14,7.393380977254e-17,-3437.035394799,1.100229201809,-219.3216889977
5,2.5,808,1.662185070422e-16,1.309635983947e-14,-3.023708947757e-16,-3451.009792387,2.026199678463,-218.4097319809
5,2.5,809,1.669607744791e-16,1.322923319043e-14,-7.954930811129e-16,-3568.758624017,0.4658363685932,-220.7938021953
5,2.5,810,2.339001173379e-16,1.300424210227e-14,-6.129249523062e-16,-3477.812113442,-0.2322569142739,-216.7995353966
5,2.5,811,2.322004779822e-16,1.309912686099e-14,-2.879428662236e-15,-3517.720878646,-0.395136838205,-218.1552387265
5,2.5,812,2.138282415881e-16,1.313171295346e-14,2.312192573521e-16,-3493.146402256,-3.308161886933,-219.1778535605
5,2.5,813,2.161386970749e-16,1.311825369387e-14,-1.499474172929e-15,-3351.505232612,3.79066343674,-219.6268224297
5,2.5,814,2.088918622899e-16,1.320510492058e-14,-4.032078313055e-15,-3701.008324015,-0.08838409316948,-220.3288755243
5,2.5,815,1.839644843885e-16,1.32094403054e-14,8.999116671741e-16,-3461.478011863,0.07681053590631,-219.9586913259
5,2.5,816,2.356363473449e-16,1.30538503064e-14,4.434943350516e-16,-3551.992224482,-2.022254733264,-218.4471269892
5,2.5,817,1.92127323005e-16,1.321834131551e-14,-3.054544234627e-15,-3526.695815883,1.158617681395,-221.0164105531
5,2.5,818,2.065651162007e-16,1.306495802418e-14,-2.908268448276e-15,-3610.970018065,-1.766962618176,-217.8139809782
5,2.5,819,2.174793840864e-16,1.319444297578e-14,-3.323192881485e-16,-3501.435881976,-2.191307348541,-220.3396319838
5,2.5,820,2.209217637368e-16,1.307808570512e-14,-2.788980769774e-15,-3543.565162204,-3.034358980977,-218.8871813462
5,2.5,821,2.478704631749e-16,1.318147163337e-14,4.589570915519e-18,-3404.711416644,0.228684168738,-220.702152161
5,2.5,822,2.243767582617e-16,1.317258254115e-14,3.653433770087e-17,-3642.384297681,-2.605886581915,-220.6409477926
5,2.5,823,2.212523922675e-16,1.316684500521e-14,-2.296613961019e-15,-3319.602711892,2.830517933471,-219.6942186384
5,2.5,824,2.223860509011e-16,1.320996200045e-14,-2.589057562435e-15,-3475.970484042,-0.3249591933004,-220.5015736423
5,2.5,825,2.375288463014e-16,1.318635668212e-14,-1.432785794317e-15,-3484.674303417,-1.41135495807,-220.3161837821
5,2.5,826,2.210586918459e-16,1.309677853815e-14,-2.526270765951e-15,-3406.332320501,-1.433553991911,-218.7258003016
5,2.5,827,2.369692646603e-16,1.320808346107e-14,-3.53249704078e-15,-3493.049872624,-5.140243717342,-220.5291671059
5,2.5,828,2.513655706739e-16,1.320479838989e-14,-4.587755952e-16,-3649.133413559,-0.365240549722,-220.2227230844
5,2.5,829,1.798710191686e-16,1.305140123488e-14,-1.184736955684e-15,-3438.220962481,0.07439549793486,-217.7942861286
5,2.5,830,1.621628993895e-16,1.302769072731e-14,-1.734718623544e-15,-3592.430080975,1.767014573282,-217.2192029581
5,2.5,831,2.353677479737e-16,1.306330645738e-14,-1.645896604489e-15,-3472.385075145,0.5632481865078,-217.8274043087
5,2.5,832,1.894473500737e-16,1.316020341993e-14,-1.922295016809e-15,-3472.790848364,0.7640123014351,-220.2463426111
5,2.5,833,2.185810968272e-16,1.312236096498e-14,-1.066047027749e-15,-3370.444893838,-1.166065146334,-219.2626388128
5,2.5,834,2.328995507301e-16,1.321982092654e-14,-1.889321803635e-15,-3479.314716814,0.5492299813873,-221.1672423054
5,2.5,835,2.472875581236e-16,1.304834866864e-14,-3.248548786707e-15,-3514.325092853,3.165303867783,-217.9908339711
5,2.5,836,2.082084976675e-16,1.307045596745e-14,-8.954306479763e-16,-3449.672762476,-0.4283846780497,-218.5254482203
5,2.5,837,2.053189042172e-16,1.322354492839e-14,-2.329997551615e-16,-3488.287368705,-1.389191672684,-220.9270237011
5,2.5,838,2.280525097019e-16,1.310058339641e-14,-2.972963910799e-15,-3474.526824681,-1.021793847912,-218.7893723512
5,2.5,839,2.31191983681e-16,1.317707544854e-14,3.737025888748e-16,-3425.112242935,-0.6218106897836,-220.3246730783
5,2.5,840,2.172552654804e-16,1.312482593153e-14,-6.733517622424e-16,-3622.392786394,3.264862467708,-219.3710393149
5,2.5,841,2.2118800872e-16,1.315100598105e-14,-2.139268881828e-15,-3532.381464669,2.223466305037,-219.2319227548
5,2.5,842,2.027876158487e-16,1.308124717655e-14,-7.2401733955e-16,-3582.846635568,1.135726139147,-217.6140353921
5,2.5,843,2.542059226234e-16,1.31672305109e-14,-1.071688961932e-15,-3495.137357644,2.650667024182,-219.9533580516
5,2.5,844,2.1513321504e-16,1.299802663228e-14,6.063048169226e-16,-3485.607091136,1.799610793791,-217.3893111998
5,2.5,845,2.163177198051e-16,1.344947159037e-14,-4.384272838733e-17,-3435.222085874,0.4625957264832,-223.9628046172
5,2.5,846,2.194520694748e-16,1.325654015007e-14,5.170592591447e-16,-3647.10898735,1.401258457115,-221.3840074507
5,2.5,847,2.491895356257e-16,1.325856412204e-14,-1.966234922861e-15,-3519.535165879,1.323338154192,-221.593123132
5,2.5,848,2.124965429959e-16,1.310717575184e-14,-7.786478130949e-16,-3545.55876585,-3.759414822452,-219.2096393811
5,2.5,849,2.351773701056e-16,1.320038446006e-14,-1.85004953137e-15,-3486.184131445,-0.1636694106131,-220.3482784864
5,2.5,850,1.910139725414e-16,1.300605611946e-14,-1.06007402057e-15,-3559.542734461,-2.143663843141,-217.2504698011
5,2.5,851,2.265042907016e-16,1.311720868218e-14,9.849963017545e-16,-3413.853362779,0.9816828967063,-218.9972305651
5,2.5,852,2.167947852322e-16,1.307370681445e-14,-1.533841789775e-15,-3510.600713497,-0.9368245266513,-218.2504464634
5,2.5,853,2.016822407943e-16,1.292529123676e-14,-2.734710538216e-15,-3465.438507936,1.417043093867,-216.0375156932
5,2.5,854,2.146314752826e-16,1.304662410048e-14,-3.376913867151e-15,-3646.890243113,2.15323008553,-218.8104795588
5,2.5,855,2.566045135781e-16,1.322651578365e-14,-2.069185471375e-15,-3531.863181519,-0.7386207572096,-220.7501142202
5,2.5,856,2.247251134998e-16,1.30299218245e-14,-2.915917685303e-15,-3475.098760852,0.3073151364949,-217.8894641446
5,2.5,857,2.096629790346e-16,1.326433004921e-14,-3.300464446785e-15,-3449.6561245,-2.435038985898,-221.3811256529
5,2.5,858,1.982150028021e-16,1.314523460909e-14,-2.772336485518e-15,-3546.894076808,-0.4152660882927,-219.6509654756
5,2.5,859,1.82009745307e-16,1.302615777905e-14,-1.749045977426e-15,-3367.922259071,-2.265536590685,-217.8354799354
5,2.5,860,2.050905981809e-16,1.323491373318e-14,-2.686092681286e-15,-3529.577392541,-0.5790809275657,-220.7308594714
5,2.5,861,1.86375901422e-16,1.311667380091e-14,-1.25843955385e-15,-3544.760883609,0.5699294069245,-218.9278327508
5,2.5,862,2.03234075796e-16,1.309806959325e-14,1.833469932305e-15,-3536.359249913,1.598326591306,-218.7391356837
5,2.5,863,2.463674155035e-16,1.314374985828e-14,-2.545730600983e-15,-3508.443371224,-0.305535918374,-220.0181176937
5,2.5,864,2.187357331854e-16,1.320340598823e-14,1.573286026409e-15,-3418.717606923,5.586703916901,-220.758567539
5,2.5,865,1.816875504903e-16,1.303418744236e-14,-1.884311795346e-15,-3548.743606682,-1.171214144991,-217.4527638712
5,2.5,866,2.030836114363e-16,1.310226767783e-14,-5.261432175717e-16,-3470.587623956,-0.4343014144977,-219.3655681748
5,2.5,867,1.511688327039e-16,1.300041447386e-14,5.561294099401e-16,-3430.101275508,4.712768443022,-217.5379349789
5,2.5,868,2.164263270568e-16,1.324894205308e-14,-3.42869439601e-15,-3464.108847731,-2.330571812612,-221.0543274076
5,2.5,869,2.017569782275e-16,1.313021505157e-14,-1.114783271135e-15,-3532.420144755,2.119455366963,-219.6120126233
5,2.5,870,2.637785619664e-16,1.30687470972e-14,-1.389214287046e-15,-3510.022558728,2.455495775468,-218.4590785265
5,2.5,871,2.064502557028e-16,1.319681005663e-14,-2.656902697789e-15,-3575.620253686,1.120101351439,-219.6166238876
5,2.5,872,2.171236884157e-16,1.311277107293e-14,-7.081044859581e-16,-3540.841675707,-1.059145950357,-218.9718339677
5,2.5,873,2.013977375986e-16,1.316932726533e-14,-4.860200683095e-16,-3380.684340339,1.334729757592,-220.2366316775
5,2.5,874,2.270082038756e-16,1.297841659411e-14,-4.276066313814e-16,-3556.929493449,0.567629291905,-217.6419331705
5,2.5,875,2.324285743429e-16,1.312582283379e-14,-4.576686709185e-16,-3560.007109002,0.628533769662,-219.3642558303
5,2.5,876,1.973122321029e-16,1.309912172618e-14,-5.433840245906e-16,-3514.736365588,-1.493469625355,-219.3815766004
5,2.5,877,2.247929855021e-16,1.31723883581e-14,-9.690522993527e-16,-3480.281635729,-4.360494709009,-219.7710675093
5,2.5,878,2.387694303979e-16,1.314766927659e-14,-1.98894289013e-16,-3642.896492093,-1.310983131119,-219.9359228511
5,2.5,879,2.148087067467e-16,1.31620823723e-14,9.677537630823e-17,-3479.879513818,0.9507700284548,-219.5990170157
5,2.5,880,1.781729735086e-16,1.302201686646e-14,-1.839654876664e-15,-3361.539810016,1.970073441071,-217.2502936753
5,2.5,881,2.197498060685e-16,1.311809478574e-14,4.651518289961e-16,-3553.279775164,0.6848950737138,-219.1021701287
5,2.5,882,1.999864398676e-16,1.307327085791e-14,-1.870349015904e-15,-3482.153738942,1.084016642541,-218.1268121871
5,2.5,883,2.028724214158e-16,1.323184649475e-14,-2.545258399809e-15,-3450.551949945,0.4938042249977,-221.6734849874
5,2.5,884,2.212161429289e-16,1.321374084072e-14,-9.39781376079e-16,-3478.27869884,-1.611812494161,-220.4397466449
5,2.5,885,2.30462904751e-16,1.312738410548e-14,-4.292282087272e-17,-3481.152394143,0.4930374163508,-219.1913780063
5,2.5,886,2.149975140527e-16,1.311870021108e-14,-2.436704753038e-15,-3586.347254823,-1.706413644236,-218.7021392082
5,2.5,887,2.071560745494e-16,1.316323059584e-14,3.740394490781e-16,-3413.624836283,3.42414239551,-220.0892225228
5,2.5,888,1.682319325048e-16,1.306830895473e-14,-1.097643645201e-15,-3551.535393094,1.940616533378,-218.760890642
5,2.5,889,2.22793673951e-16,1.316607968733e-14,-1.864789354403e-15,-3544.256490472,2.549999792799,-219.7338666383
5,2.5,890,2.247779426836e-16,1.295365208196e-14,1.197094780749e-15,-3439.394426705,0.05356336347656,-216.7862104833
5,2.5,891,1.524880948813e-16,1.324942431235e-14,-3.685609025128e-15,-3487.45310601,0.51547662211,-221.0850772104
5,2.5,892,2.155298901476e-16,1.301056332741e-14,-1.037814327968e-15,-3465.9853093,1.253206232868,-217.8983575486
5,2.5,893,2.34744404999e-16,1.30595723202e-14,-1.229812545731e-15,-3449.850927341,1.480085108571,-218.7653074072
5,2.5,894,2.212061526623e-16,1.30555683429e-14,-6.168746108878e-16,-3462.014750808,2.209331534306,-218.0081853607
5,2.5,895,1.975014242389e-16,1.317922062808e-14,-4.714164463032e-16,-3559.883618259,2.055096432311,-219.8110833034
5,2.5,896,2.572112848583e-16,1.320872519008e-14,1.610686421864e-15,-3473.312578784,2.813264998619,-220.3535420479
5,2.5,897,2.458756244219e-16,1.318975485727e-14,-1.569614950083e-15,-3528.354577489,-1.182052479504,-219.9249234921
5,2.5,898,1.719837894411e-16,1.317331142532e-14,2.385737347427e-16,-3601.102122464,1.656899082484,-219.954702046
5,2.5,899,1.865593219701e-16,1.309916597839e-14,-2.596512543976e-15,-3466.726597167,2.78876717629,-219.11461935
5,2.5,900,1.638961628734e-16,1.311001714469e-14,-2.365206182232e-15,-3421.902259308,3.685027635666,-219.3093845062
5,2.5,901,2.276799287274e-16,1.310957903605e-14,-1.025704134206e-15,-3514.764288864,-2.024897126975,-219.1404875337
5,2.5,902,2.131282761913e-16,1.319354363802e-14,-1.693668794248e-15,-3485.043445836,-0.9009443383708,-220.2566163658
5,2.5,903,2.042849077621e-16,1.306842593972e-14,-1.479703589483e-15,-3530.890702834,-1.5114696325,-218.5316955738
5,2.5,904,1.90869320677e-16,1.306270458333e-14,-5.141098387287e-16,-3532.471742075,-0.545246788927,-217.9568771036
5,2.5,905,2.197704592935e-16,1.309939205196e-14,-2.301146124893e-15,-3436.211404589,2.113849977864,-218.6967829159
5,2.5,906,1.99047089836e-16,1.316745764201e-14,-2.969413494665e-15,-3514.190650796,3.733325182458,-219.620110059
5,2.5,907,2.046130620148e-16,1.309055983011e-14,-1.80846391599e-15,-3429.483699487,-2.973561621941,-218.7386674903
5,2.5,908,2.015020097336e-16,1.312344456598e-14,-2.955648261284e-15,-3441.688855937,-1.341910173704,-218.5164693801
5,2.5,909,1.969442960977e-16,1.315409093594e-14,1.538127777569e-15,-3562.327651901,-0.7056143517789,-220.2041285033
5,2.5,910,1.915011505332e-16,1.320728039849e-14,-5.587101964277e-16,-3578.230137017,2.592188984891,-220.3906166968
5,2.5,911,2.113375896078e-16,1.322750038863e-14,-2.236530792441e-15,-3546.30823629,-1.278028032377,-220.1721680836
5,2.5,912,2.053895907511e-16,1.322721382008e-14,-1.481084269989e-15,-3392.588727831,-1.301119160206,-220.4681241352
5,2.5,913,1.729881379116e-16,1.308440089144e-14,-6.681897879863e-15,-3419.728063898,1.036424270138,-218.6191718175
5,2.5,914,2.41840781992e-16,1.327404188661e-14,-2.571787356609e-15,-3472.466691683,-1.639204032898,-221.1097449413
5,2.5,915,2.09881358892e-16,1.312165478851e-14,-1.070712555825e-17,-3594.8238861,1.557052160831,-218.674965506
5,2.5,916,1.840499360631e-16,1.311530753635e-14,1.533855894665e-15,-3617.419669734,1.038211493188,-218.8487875419
5,2.5,917,2.050747403681e-16,1.308108939737e-14,-2.68840839762e-15,-3591.664589786,0.03835269662855,-217.9024721009
5,2.5,918,2.31027646954e-16,1.318655262426e-14,-8.099371792715e-16,-3407.744457478,-1.744933352913,-220.3635049059
5,2.5,919,1.680099070808e-16,1.292423891752e-14,-4.216072723122e-15,-3497.284694585,2.174155239743,-215.7122649033
5,2.5,920,2.164558636757e-16,1.302396092068e-14,4.112102826626e-17,-3451.839124963,0.03061578114888,-217.6994161599
5,2.5,921,1.999571867227e-16,1.320308169721e-14,3.677505050385e-16,-3764.894032205,-0.5450420658441,-220.6635306308
5,2.5,922,2.43898925474e-16,1.318331745841e-14,-1.121593339863e-16,-3508.772893992,1.048693898093,-220.1393156349
5,2.5,923,2.377257784241e-16,1.316399231506e-14,5.623060149913e-16,-3479.018479029,1.785357370337,-219.8074013382
5,2.5,924,1.993000589412e-16,1.309248174371e-14,-2.554437519175e-15,-3565.318215245,-1.882944470567,-218.4111675546
5,2.5,925,1.976806296647e-16,1.314466566209e-14,-1.501798229778e-15,-3419.124783541,-0.5282863807663,-218.8355033397
5,2.5,926,1.834624724163e-16,1.311463987445e-14,-2.866841936558e-15,-3430.623627957,-1.680420617484,-219.5056333721
5,2.5,927,2.275687920585e-16,1.317325612712e-14,-3.723528837411e-16,-3618.201020964,0.9392823223951,-219.9862094636
5,2.5,928,1.750034361137e-16,1.302014825751e-14,-2.717150416441e-15,-3603.819449482,1.239223759678,-217.6646151362
5,2.5,929,2.321087618094e-16,1.304616102742e-14,-3.617401529007e-15,-3580.298742349,0.7567623555914,-218.2952083015
5,2.5,930,2.513689878796e-16,1.315628774234e-14,-1.453919518557e-15,-3521.869645142,1.379139092039,-219.7589727199
5,2.5,931,1.811073397254e-16,1.302231147209e-14,-8.448577429132e-16,-3459.937460474,0.8218508560685,-217.7017425721
5,2.5,932,2.041006065812e-16,1.322799524651e-14,-3.419352160807e-15,-3505.984500222,0.04705419308238,-221.0169376786
5,2.5,933,2.194371299689e-16,1.310042112765e-14,-2.10814314189e-15,-3701.711952585,2.033678464974,-218.7216603749
5,2.5,934,2.47976084338e-16,1.307477744418e-14,-4.255428539023e-15,-3472.329821434,0.8489608333969,-218.5988579233
5,2.5,935,2.613337641791e-16,1.326030453055e-14,-1.718560321439e-15,-3428.831655641,0.7282873223475,-221.1382820288
5,2.5,936,2.057414494108e-16,1.29002653152e-14,-1.61034331495e-15,-3612.824629351,1.425262876088,-215.9716801626
5,2.5,937,2.144824763233e-16,1.322203814119e-14,-6.345604823142e-16,-3487.811475602,-2.401024369315,-220.2067235525
5,2.5,938,1.955293814951e-16,1.30116585579e-14,-1.891598881226e-15,-3587.030607985,1.935325933338,-217.9021092573
5,2.5,939,2.508260122264e-16,1.320656907612e-14,-3.948164136772e-16,-3437.733054741,-0.07490096866842,-220.3777629935
5,2.5,940,1.996215319316e-16,1.307847514631e-14,-1.19021513547e-15,-3507.622411654,-0.3445613435753,-218.0042016103
5,2.5,941,1.937868036345e-16,1.326862966472e-14,1.829469689105e-15,-3510.974129891,0.8045250835494,-221.6670786551
5,2.5,942,2.056290830947e-16,1.314035856903e-14,2.338324883994e-16,-3408.839124436,-2.222667278657,-220.1485595132
5,2.5,943,2.316960292235e-16,1.323559131646e-14,-6.91498312964e-16,-3489.945019847,-1.633241328099,-220.9122170509
5,2.5,944,2.0801983448e-16,1.305467942543e-14,-4.79002292371e-16,-3494.034556707,1.596952166419,-218.1596524214
5,2.5,945,2.049138434888e-16,1.311379153731e-14,-1.001431467636e-15,-3589.114828875,0.3346661419807,-219.7528573759
5,2.5,946,2.270250465105e-16,1.318540367085e-14,-2.791635438014e-15,-3417.995686124,-0.7329950377792,-220.4219217087
5,2.5,947,2.225661506714e-16,1.321058493749e-14,-1.417668262269e-15,-3435.23074907,-2.264737546715,-221.3879537484
5,2.5,948,1.98370185541e-16,1.308525317491e-14,1.670483676988e-15,-3518.716692462,3.710107109416,-218.6896764342
5,2.5,949,1.616973894578e-16,1.314681580437e-14,-1.753988989321e-15,-3540.331171613,-0.2735138642068,-219.1455367459
5,2.5,950,2.314479730945e-16,1.290640171102e-14,7.77056066696e-16,-3565.774029963,1.420181863794,-216.5513154448
5,2.5,951,1.77084836383e-16,1.318163848735e-14,2.123232428873e-16,-3461.511671214,1.620824653805,-219.6133992166
5,2.5,952,2.09656136451e-16,1.319364705144e-14,-1.031978110169e-15,-3533.630447732,0.9508174779122,-220.8787568977
5,2.5,953,2.351658742625e-16,1.316249197616e-14,-1.472109523279e-15,-3442.902285392,0.5505162931215,-219.8924322462
5,2.5,954,2.29194514835e-16,1.31371473294e-14,1.946446335483e-15,-3482.560222596,1.159597208142,-218.8683850194
5,2.5,955,2.28826244834e-16,1.318891123047e-14,-1.720722353252e-15,-3526.5055392,-2.873667073596,-220.1595722495
5,2.5,956,1.673609502301e-16,1.308367803862e-14,-2.499275518752e-15,-3717.199699592,3.459134133077,-218.2766606556
5,2.5,957,2.318630306157e-16,1.305372071202e-14,-3.377390106242e-15,-3466.813883314,-2.386961656222,-218.1257446744
5,2.5,958,2.630609627474e-16,1.310626741691e-14,-7.635815513911e-16,-3390.316363907,-0.8598631093294,-218.91946905
5,2.5,959,2.039231800434e-16,1.307172299246e-14,-1.816080541893e-15,-3494.71115318,1.141502389089,-218.9949136763
5,2.5,960,1.604782030566e-16,1.313275746663e-14,-2.844338195686e-15,-3501.187827273,-1.520438963904,-219.2854964489
5,2.5,961,2.05269457112e-16,1.322480486815e-14,-1.76656499079e-15,-3533.530243891,0.2461195027762,-220.9614216067
5,2.5,962,2.191329748382e-16,1.320373736361e-14,8.955379442334e-17,-3483.049164672,1.43787819322,-220.3595056128
5,2.5,963,2.233050818071e-16,1.305073504226e-14,-9.50321163365e-16,-3443.990996815,-3.102307383851,-217.8937967352
5,2.5,964,2.094779268689e-16,1.325083865406e-14,-6.119704159491e-16,-3559.322520391,-0.6417146046931,-220.83079779
5,2.5,965,2.307892480301e-16,1.317912775673e-14,-7.887918534075e-16,-3490.05878261,-2.564402786136,-219.952584442
5,2.5,966,1.912117424065e-16,1.313306049287e-14,-1.907158968064e-15,-3482.064469572,0.0445059626714,-219.5478443397
5,2.5,967,2.064573208277e-16,1.319212295884e-14,1.554526976796e-15,-3570.478820062,2.816028377624,-219.8130477515
5,2.5,968,1.983154879013e-16,1.3150055471e-14,-6.774900167733e-16,-3437.666655603,2.132440637595,-219.5662927426
5,2.5,969,2.144722662876e-16,1.325508853914e-14,1.917594488527e-16,-3544.98408228,2.081804704776,-220.5964358026
5,2.5,970,2.172616651177e-16,1.324693075618e-14,7.977701584293e-16,-3476.544048122,1.909572842847,-220.8961462428
5,2.5,971,2.500566542081e-16,1.310304812501e-14,2.346341176426e-15,-3365.81704656,2.727808392337,-218.9187333873
5,2.5,972,1.942328285809e-16,1.315845814991e-14,-2.511102394107e-15,-3456.471216672,-0.2351643458703,-219.7212351964
5,2.5,973,1.887856014053e-16,1.309749554603e-14,4.651920914277e-17,-3529.726973777,-1.109005526826,-219.1997180845
5,2.5,974,2.07715811655e-16,1.320154553056e-14,-2.819253575449e-15,-3437.184813271,1.162020772268,-220.5497729737
5,2.5,975,1.978851439254e-16,1.301566889133e-14,-1.194105822717e-16,-3513.210308838,1.152173441504,-217.2814880638
5,2.5,976,1.969111898324e-16,1.313337396378e-14,-1.457066956662e-15,-3583.036579783,-1.70567440172,-219.9674976207
5,2.5,977,2.211813526334e-16,1.313254475107e-14,-1.736981533334e-15,-3563.128372693,-0.2978745425548,-219.0270129746
5,2.5,978,2.379280203094e-16,1.311444991242e-14,-3.680078327047e-15,-3577.52220719,1.113862405808,-219.4547874613
5,2.5,979,2.736792957706e-16,1.323729453948e-14,-1.255562741628e-15,-3472.236298047,-1.753252955512,-221.0948727707
5,2.5,980,2.229995223774e-16,1.298743414247e-14,6.825270890473e-17,-3387.895033434,-2.661575121813,-217.5637944651
5,2.5,981,2.38773017296e-16,1.310035369974e-14,-1.464486812525e-15,-3566.457054633,1.783600880789,-218.5832019657
5,2.5,982,2.077713412979e-16,1.303614785918e-14,-1.655212884821e-15,-3453.370318928,-2.003348752876,-217.7473844218
5,2.5,983,1.763140910617e-16,1.327802289831e-14,-4.84217700373e-16,-3595.702383183,1.501617278229,-221.2138041688
5,2.5,984,2.32555699533e-16,1.312746650541e-14,-1.401435721191e-15,-3536.468194232,1.571444720917,-219.2759027442
5,2.5,985,2.238654384637e-16,1.314586562346e-14,-1.417548217745e-16,-3535.551918823,-0.2579063102945,-219.9217240222
5,2.5,986,1.574532929015e-16,1.321708732352e-14,7.727042497271e-16,-3399.621065808,-2.586410438365,-220.5328366505
5,2.5,987,2.319489268689e-16,1.307310355887e-14,-2.419105558243e-15,-3578.353197071,0.0122283675904,-218.7298549997
5,2.5,988,2.177552171863e-16,1.331129492891e-14,-2.222532107698e-15,-3537.783901958,-1.652286955851,-222.350321271
5,2.5,989,2.187456106506e-16,1.315599259095e-14,-2.479873995851e-15,-3654.53944035,-2.399962657881,-219.8639510984
5,2.5,990,1.805731020736e-16,1.312826348463e-14,6.320995838094e-16,-3490.836112768,2.948666147724,-219.6446369952
5,2.5,991,2.782137653864e-16,1.306978904225e-14,-3.202276626448e-16,-3534.102832523,-0.302181680053,-217.9277424837
5,2.5,992,2.37717947245e-16,1.311146550622e-14,3.68825693387e-16,-3550.063256312,3.084309195187,-219.3891526223
5,2.5,993,2.288165282682e-16,1.313911244567e-14,1.282254868594e-15,-3260.234589922,1.50864765012,-219.5311244356
5,2.5,994,1.836731255303e-16,1.310933911705e-14,-1.503342752585e-15,-3529.723668756,-1.962766677356,-219.1100842126
5,2.5,995,1.802479142134e-16,1.308055832412e-14,-2.090766736092e-15,-3475.476541404,2.40784068567,-218.4444063
5,2.5,996,2.055144473687e-16,1.318116131146e-14,-1.43875020039e-15,-3464.78743947,1.50972914097,-219.4824732139
5,2.5,997,2.283135583696e-16,1.31761779863e-14,-1.021235155463e-15,-3457.26415125,0.511273748095,-220.041367507
5,2.5,998,2.163617268892e-16,1.288982533222e-14,7.507935337385e-17,-3321.160188993,0.05437822007089,-215.4473997571
5,2.5,999,2.514227724918e-16,1.311805723944e-14,2.4982492563e-15,-3563.891738783,0.7551593856567,-219.5576205149
5,2.5,1000,1.914022330825e-16,1.318420688884e-14,3.554635359137e-16,-3578.168870858,0.9811732799657,-220.0086125848
10,5,1,3.401184362691e-16,2.149984712928e-14,-2.446541711404e-15,-4751.930888578,3.48579482682,-358.7369107175
10,5,2,3.988581237882e-16,2.133506684372e-14,-4.064236437091e-15,-4950.673198394,0.8568697619377,-356.6333093029
10,5,3,3.893519838344e-16,2.161537782658e-14,-6.253106467577e-15,-4936.845435253,-0.09471399171145,-360.834755532
10,5,4,3.698780728616e-16,2.168155859848e-14,-3.54919780986e-15,-4811.835858096,-1.910198471636,-362.1299739785
10,5,5,4.470133041513e-16,2.170005426014e-14,-2.346024287479e-18,-5033.534228639,-0.9260107456486,-362.6954851619
10,5,6,4.062601820795e-16,2.132079037561e-14,-5.428726695931e-16,-4928.691789604,0.9745426544257,-354.8479707064
10,5,7,3.375881673642e-16,2.135332067701e-14,-3.137275861843e-15,-4797.884549073,0.9543760498204,-355.0940107203
10,5,8,4.169858482546e-16,2.153279916052e-14,-3.087779338103e-15,-4911.057257284,-1.471383409603,-359.6401401121
10,5,9,4.658336737986e-16,2.148637090876e-14,-5.937646237065e-15,-5047.669925279,-2.210825943743,-359.5963821697
10,5,10,4.135264121546e-16,2.136601469026e-14,8.52823379583e-16,-4927.57675525,-0.6324765454542,-356.402054484
10,5,11,4.218661968979e-16,2.125012448667e-14,-1.979805444955e-15,-4973.823198249,-2.540574740012,-355.1306761516
10,5,12,3.255620868483e-16,2.109888212554e-14,-6.092919524413e-15,-4760.943569486,-2.792234509734,-353.3755769476
10,5,13,3.700986728473e-16,2.134184726359e-14,1.162239907622e-15,-4908.283975304,-2.393563145957,-356.5462195239
10,5,14,3.724958272689e-16,2.149119248212e-14,-3.675574008061e-15,-4850.509364386,-0.6329789449361,-359.7095504963
10,5,15,3.795385879903e-16,2.129140494929e-14,-4.768210173053e-15,-4959.649589937,-0.3220198411301,-355.0028593326
10,5,16,4.147846379433e-16,2.13576798566e-14,-2.871570701927e-15,-5006.956389416,3.515533439466,-357.3479581537
10,5,17,4.346849378243e-16,2.154825085294e-14,-6.328315655865e-15,-4983.1293047,3.287094564945,-359.5719285988
10,5,18,3.952885341323e-16,2.125214594627e-14,-3.481856485809e-15,-4966.831022016,4.362534036276,-356.0690563058
10,5,19,3.351191734103e-16,2.145952075755e-14,-3.487756925097e-15,-4895.660499768,-0.482127289059,-358.3658114189
10,5,20,4.353431219966e-16,2.131056452651e-14,-5.873165600443e-15,-4782.857823391,-5.951372410932,-356.2351199484
10,5,21,4.271484499016e-16,2.125178200198e-14,7.033089917848e-16,-4913.206970715,0.5394546228029,-356.6461731081
10,5,22,3.90348588502e-16,2.151723297184e-14,3.628191451777e-16,-5013.115561192,-1.282799403455,-358.800659019
10,5,23,3.718070235594e-16,2.127154664658e-14,-1.787623114276e-15,-4818.834231879,-2.709775931818,-355.8684982357
10,5,24,4.022260644765e-16,2.13745899034e-14,-1.323246916131e-15,-4752.201645037,2.264327290637,-358.1468409899
10,5,25,4.575660739943e-16,2.136880281517e-14,-2.140654671329e-15,-4932.592079538,-0.2748657047338,-357.0661753692
10,5,26,3.705956789705e-16,2.125981063475e-14,-1.114019816031e-15,-4840.197941573,5.27608318442,-355.3698613956
10,5,27,3.583821312893e-16,2.14925919218e-14,-2.159023626418e-15,-4716.9046837,1.566227498945,-358.4538747871
10,5,28,4.220279809014e-16,2.140304694483e-14,-1.064576475371e-15,-4918.059068247,3.14181214554,-357.3061656432
10,5,29,3.694364274037e-16,2.150042343061e-14,-2.582372113829e-15,-4774.951876157,0.8716099602194,-359.6900671164
10,5,30,4.293082869388e-16,2.136849056193e-14,-7.810139516472e-16,-4934.699892586,1.126673028902,-356.1955623543
10,5,31,3.500829508721e-16,2.16065060133e-14,-5.172312022276e-16,-4760.053817428,-4.59314142902,-360.2822000717
10,5,32,4.260041824645e-16,2.127850383207e-14,-3.331420285533e-15,-4862.116281509,-0.2250005757638,-356.5342241595
10,5,33,3.499511117505e-16,2.158928265928e-14,-2.445591835627e-15,-4747.131757841,-0.7429502544896,-360.470088122
10,5,34,4.465825559176e-16,2.1516663683e-14,-1.550790348904e-15,-4754.032824968,-2.632666102275,-359.8412713241
10,5,35,4.039752853393e-16,2.14228999281e-14,-2.841282160911e-15,-4919.375744783,-1.0192142018,-356.8439398312
10,5,36,3.968496929461e-16,2.132428010792e-14,-2.358527478977e-15,-4686.404721543,6.949672536262,-355.5536008056
10,5,37,3.988702672375e-16,2.15005674195e-14,-2.821590102119e-15,-4956.903851169,-0.8401789451498,-358.6348360606
10,5,38,4.257794501318e-16,2.135325061373e-14,-1.008201949618e-15,-4991.725030361,-0.9427425322781,-357.8663744052
10,5,39,4.366687172411e-16,2.16508086968e-14,-1.970030350361e-15,-5054.327568928,0.5758534176597,-362.2223697145
10,5,40,3.6296915529e-16,2.164935003624e-14,-2.953790264001e-15,-4812.526019236,0.779136598518,-360.3986430392
10,5,41,4.079074457049e-16,2.135057472974e-14,5.466335505406e-16,-4845.313557046,2.520693470563,-356.3087228109
10,5,42,2.829795801957e-16,2.133054201961e-14,-4.288346913671e-15,-5069.231615087,0.6048869385676,-356.7810860584
10,5,43,4.434052500962e-16,2.149139929078e-14,-1.060130112628e-15,-4869.343743176,-4.147756118173,-360.1590364871
10,5,44,3.933466447599e-16,2.129569759371e-14,-1.453731827719e-15,-4951.986686502,-0.5443320023452,-356.2493317398
10,5,45,3.730188496492e-16,2.156372244117e-14,-2.029587289912e-15,-4910.584504063,4.569980015755,-360.6016369696
10,5,46,3.371976566195e-16,2.123455198805e-14,-3.864928533147e-15,-4839.75372092,-1.577769510571,-354.8655200487
10,5,47,3.955447744868e-16,2.160693252069e-14,1.340738398779e-15,-4802.731861761,2.831967967991,-361.4001219945
10,5,48,4.151633636641e-16,2.153197209432e-14,-1.275399953126e-15,-5010.697817663,-2.371584641341,-359.1799567987
10,5,49,3.287057543078e-16,2.138497020469e-14,-1.140823412135e-15,-4727.906059477,-1.888665731947,-358.3752928795
10,5,50,3.255485056689e-16,2.137469230368e-14,-1.548518381035e-15,-5077.776186095,3.740256062237,-357.695920477
10,5,51,3.598098891398e-16,2.130782335951e-14,-3.007437016144e-15,-4969.872004585,4.386257588485,-356.1939676674
10,5,52,4.198708092071e-16,2.115241325351e-14,-2.859419565825e-15,-4887.337888873,2.691444084614,-353.7894224173
10,5,53,4.248195378497e-16,2.145403098298e-14,-2.121051611538e-15,-4901.382640417,-2.182073353196,-358.3933563087
10,5,54,4.730705762274e-16,2.131504200164e-14,-8.476417641761e-16,-4763.927966486,-7.886457179805,-355.9338571937
10,5,55,4.18552885081e-16,2.144255406392e-14,-3.347618756908e-16,-4641.97536707,-3.29360580938,-359.8746350208
10,5,56,3.846754626481e-16,2.147752688558e-14,-2.062214478987e-15,-4715.073151092,-0.5468460780522,-359.4895812653
10,5,57,3.514254261905e-16,2.132545377137e-14,-2.522823129421e-15,-5004.947599088,-2.549741878221,-355.9091676246
10,5,58,4.334823758249e-16,2.151084194788e-14,-2.202173727213e-15,-4812.031621248,5.549222486348,-360.1444870355
10,5,59,4.422999650643e-16,2.138928233141e-14,-1.087424524854e-15,-4944.585250236,5.989742026966,-357.0265392376
10,5,60,3.104161163773e-16,2.127213540365e-14,-2.812132088019e-15,-4814.170587695,-2.451727643048,-354.9937594035
10,5,61,3.698701763592e-16,2.141040173555e-14,-1.788292381737e-15,-4858.175867439,-0.9364954605143,-356.3492918779
10,5,62,3.50078976054e-16,2.152154644718e-14,-2.881918681696e-15,-4925.974827417,4.969942875914,-360.3366204048
10,5,63,3.371297563294e-16,2.112814673881e-14,-1.781466167705e-15,-4852.739733951,2.059491933947,-353.7545537043
10,5,64,3.504095848872e-16,2.144778880244e-14,7.610032001114e-16,-5024.760771487,2.023584312142,-359.1910104525
10,5,65,4.732935645463e-16,2.14454327783e-14,-2.886321500042e-16,-4879.958218037,-7.600722093772,-358.9317651477
10,5,66,3.757690377472e-16,2.123988452974e-14,7.410640418741e-16,-4881.794887724,-2.350918746294,-354.9098071336
10,5,67,3.734867565209e-16,2.116559460054e-14,7.471391148428e-16,-4888.405862263,-4.725890010861,-353.3735171629
10,5,68,4.581859302477e-16,2.12958261054e-14,-1.945351551601e-15,-5092.657253111,3.376608163962,-357.0213673844
10,5,69,5.308432628461e-16,2.160292456817e-14,-5.178834402844e-15,-4835.388847854,3.073757694657,-360.4997905837
10,5,70,3.766732481373e-16,2.150051487579e-14,-1.027716108887e-15,-4741.245964646,-2.020492978597,-359.5197915781
10,5,71,4.682895771169e-16,2.14793347994e-14,-8.628498422842e-16,-4898.950668957,-1.203096732155,-358.8330806971
10,5,72,4.666355187979e-16,2.145611369305e-14,-8.930501728388e-16,-4931.773471668,1.451147963247,-359.4544236242
10,5,73,4.261782806374e-16,2.14933924519e-14,1.190965134655e-15,-4997.725356442,1.287922512611,-359.1161559817
10,5,74,4.501372041906e-16,2.146844462568e-14,-2.651822765063e-15,-4926.822365587,0.5984544396159,-357.7009485858
10,5,75,4.00022127881e-16,2.12742652021e-14,-3.987906564321e-15,-4845.844262266,-3.574648887809,-354.8358088427
10,5,76,4.13999138056e-16,2.120248261602e-14,-3.035617798747e-15,-4724.861790296,-0.7029773400391,-355.1745718599
10,5,77,4.664903080655e-16,2.143102240997e-14,-2.577122134955e-15,-4858.451317985,0.3433443625183,-357.8276056742
10,5,78,4.210287612488e-16,2.120304438769e-14,-1.892309917273e-15,-4820.164287609,-3.736680437095,-354.8777893586
10,5,79,3.745387868788e-16,2.152002285204e-14,-4.828784762267e-15,-4844.208204242,-6.330215942969,-359.6530305688
10,5,80,4.189607948442e-16,2.162238366424e-14,-4.645520689419e-15,-4871.948441344,0.3191035429267,-361.4513115927
10,5,81,4.090131260178e-16,2.140316616532e-14,-9.136821316103e-16,-4785.808849665,1.569589209767,-357.4423806626
10,5,82,3.678130378031e-16,2.148332845984e-14,-3.336547587255e-15,-4903.372036561,1.006927495526,-358.7221239189
10,5,83,4.223845784961e-16,2.157756051024e-14,-3.984035516911e-15,-4858.335340184,-0.3765802672576,-360.2788767953
10,5,84,4.048383578803e-16,2.150729324308e-14,5.969124406806e-16,-4806.590731496,-2.645224977526,-360.0208669933
10,5,85,4.556653600344e-16,2.147848944011e-14,-2.932249104629e-15,-4774.133902608,-0.3962178850204,-357.745726838
10,5,86,4.447891302656e-16,2.156275694455e-14,-1.339877478595e-15,-4916.706010878,0.7063861652263,-360.4779249446
10,5,87,3.710532309401e-16,2.133164160218e-14,-5.278804669975e-15,-4994.115285738,-0.2504668181975,-356.6063451386
10,5,88,4.266453785586e-16,2.16211144124e-14,-1.403416699954e-15,-4717.004495336,-6.569756975178,-359.8828381271
10,5,89,4.41437025951e-16,2.137863787615e-14,-2.271147809966e-15,-4809.179258874,-3.679165044245,-356.6468606848
10,5,90,4.534084306324e-16,2.160985419624e-14,-1.737107271285e-15,-4938.55506838,-1.514730570008,-361.2846326056
10,5,91,4.082382659174e-16,2.137733481929e-14,-3.056157894649e-15,-4954.84535953,0.9791384186984,-357.9212503993
10,5,92,3.45085494468e-16,2.133126079169e-14,8.8017694175e-16,-4845.242576841,1.726801121935,-356.6506423201
10,5,93,3.592156974265e-16,2.137374160354e-14,-1.57955333389e-15,-4793.230810328,0.1640049557686,-356.6763736425
10,5,94,4.208525918571e-16,2.149790491469e-14,7.679656739059e-16,-4871.098133792,-2.797324711937,-359.4786110231
10,5,95,3.141549380304e-16,2.122242743494e-14,-3.880040081468e-15,-4942.652391003,3.0514665482,-354.5612706676
10,5,96,4.299376185865e-16,2.150471260091e-14,5.709418549951e-16,-4907.9028856,0.5802987707304,-359.854467566
10,5,97,4.626512036585e-16,2.142656226743e-14,-2.035161132666e-15,-4863.048045018,-2.098726763642,-357.6860540829
10,5,98,4.787450635767e-16,2.134927762387e-14,-1.927307201779e-16,-4687.181546715,2.500223233177,-356.0481343329
10,5,99,4.149544035358e-16,2.123397121905e-14,-4.650137255193e-15,-4784.06233901,3.869946128478,-354.8303929014
10,5,100,4.234694549794e-16,2.137133683775e-14,6.430488373526e-16,-5030.817848436,-2.389925980724,-356.3300648865
10,5,101,3.821594666017e-16,2.146450002361e-14,1.404867704642e-16,-4908.734051287,2.958596154824,-358.33401843
10,5,102,4.042581797234e-16,2.145973775872e-14,-5.626636629658e-15,-4875.657761396,-4.068447392683,-358.3977845555
10,5,103,3.963953951561e-16,2.125152261009e-14,-1.505954556968e-15,-4823.882153687,-3.330267158886,-354.7653371814
10,5,104,3.702056823668e-16,2.158838493382e-14,8.933286639386e-16,-4910.904793034,-0.2187129958412,-360.2401717473
10,5,105,4.596223282117e-16,2.144026219067e-14,-2.846921415757e-15,-4608.139288421,-4.37702306818,-357.6143087672
10,5,106,4.115442291428e-16,2.13673261146e-14,-8.42222727757e-17,-4759.416637706,-0.5492824703277,-357.3004984488
10,5,107,3.769315073984e-16,2.139905402063e-14,1.451851039492e-15,-4975.888617558,0.1045636406725,-357.2768117309
10,5,108,3.942006825358e-16,2.139251169878e-14,-1.806124099632e-15,-4798.951577848,-3.598376067793,-356.8373657038
10,5,109,4.173490581427e-16,2.132205278425e-14,-3.39607265348e-15,-4899.533538014,-2.037272297677,-356.2681662307
10,5,110,3.13756883991e-16,2.115146311268e-14,6.059002416502e-16,-4915.933414826,-0.3906359845095,-353.8663731996
10,5,111,4.570316307696e-16,2.135342833784e-14,8.422104881245e-17,-4938.14873561,0.4633709129166,-357.1933425597
10,5,112,3.695845136276e-16,2.142561274556e-14,-4.888357008952e-15,-5061.140963065,0.4017324753692,-357.811919325
10,5,113,3.618693061709e-16,2.154705444552e-14,-4.316259143699e-15,-4703.03858089,0.9459916466564,-359.8843841315
10,5,114,3.571274153031e-16,2.140356065127e-14,8.599915336739e-16,-5004.534623475,1.139101797278,-356.7189615692
10,5,115,3.264097736627e-16,2.140343065414e-14,-4.261028890897e-15,-4905.420700466,1.248393262989,-356.3944775355
10,5,116,4.328599100304e-16,2.153513076399e-14,2.155004213371e-16,-4916.011239082,0.3874057437073,-359.0574558615
10,5,117,4.095019459038e-16,2.135769593574e-14,-4.408452560322e-15,-4938.580305005,1.721882289144,-356.3406262327
10,5,118,3.858889408723e-16,2.132499661459e-14,-2.747434177613e-16,-4943.954300724,1.85893359728,-355.5482035315
10,5,119,4.368109001463e-16,2.14808028077e-14,-2.729646739783e-17,-4755.19636492,4.161433507923,-357.8836156417
10,5,120,3.744581883028e-16,2.127121883396e-14,7.627448279461e-16,-5059.79858626,3.949503521478,-355.1187062394
10,5,121,3.203356339155e-16,2.151658144375e-14,-1.747628940839e-15,-4887.715101644,-4.020517382815,-358.0393640311
10,5,122,3.773887584681e-16,2.148734982921e-14,-4.662696089907e-15,-4894.510635804,2.154924201499,-358.767988652
10,5,123,3.798570549361e-16,2.132995308228e-14,2.194810907468e-15,-4973.564501649,6.614282352076,-356.5754953122
10,5,124,4.374723250066e-16,2.167418896201e-14,-2.287392043924e-15,-4924.09619915,1.91763572091,-361.289328754
10,5,125,3.934623883992e-16,2.15167547752e-14,-8.327798913856e-16,-4903.533173797,-1.350604329976,-358.6273504095
10,5,126,3.618084049039e-16,2.146873925591e-14,-3.792518153624e-15,-4760.840048428,3.903345423513,-357.8817369265
10,5,127,3.804638691547e-16,2.149511429269e-14,-3.162156526893e-15,-4760.336142887,2.901551035407,-358.0189302156
10,5,128,3.663058421096e-16,2.135195758772e-14,-5.562187498834e-15,-4929.785657985,0.5984132355264,-357.1243396158
10,5,129,3.502939946683e-16,2.144627152147e-14,-1.333110910911e-15,-4888.494521224,-1.921987531655,-359.2083536116
10,5,130,4.525345987673e-16,2.139426405291e-14,-8.252687821544e-16,-5062.012287268,0.8919782989306,-357.0730841207
10,5,131,3.633513586217e-16,2.13202563297e-14,-1.179504839912e-15,-4766.897526332,-0.8589741765504,-356.0927239168
10,5,132,4.529730787474e-16,2.141440787674e-14,-1.18352391672e-15,-5090.173138817,-0.1092984656173,-357.0550365677
10,5,133,3.949637134556e-16,2.143953881922e-14,-3.617025821489e-15,-4996.57919721,1.116088901779,-357.0171826987
10,5,134,3.063182528037e-16,2.11218279985e-14,-2.199259378411e-15,-4886.119436443,3.777761650665,-354.7611291087
10,5,135,4.76319268139e-16,2.13624297838e-14,-2.30087933951e-15,-4881.46347873,-2.103396276253,-356.617419625
10,5,136,4.70594939493e-16,2.15068070414e-14,-3.442586012806e-16,-4950.890331536,4.057377014981,-359.4186907002
10,5,137,4.760283951652e-16,2.135360964978e-14,-7.368992641334e-16,-4806.448802653,4.729400538228,-357.372362563
10,5,138,3.935322980296e-16,2.139025557397e-14,1.618690712895e-15,-4833.548819406,-6.11374425905,-356.9610566407
10,5,139,3.139981930247e-16,2.144729902459e-14,-3.698955727072e-15,-5040.213891238,0.4622308270747,-358.3953647731
10,5,140,4.633015323876e-16,2.142112173066e-14,-5.764389069688e-15,-4912.322842199,-0.6650580002964,-356.8948815861
10,5,141,3.25002309755e-16,2.129686935549e-14,1.596219541718e-15,-4838.325334069,-0.9308459351889,-354.7729821192
10,5,142,3.897450140977e-16,2.132271209636e-14,-9.475920483594e-16,-4644.961003018,0.9139432979796,-357.5059662983
10,5,143,4.198535930745e-16,2.11907043018e-14,-2.733140235666e-15,-4951.726165045,-0.5382634304273,-354.1645785567
10,5,144,4.215013567478e-16,2.1387555485e-14,1.53713533089e-15,-4993.0240688,2.001174687633,-357.3132105822
10,5,145,4.234264299576e-16,2.138386578626e-14,-4.018356474866e-15,-4925.362940764,6.846798400933,-357.325520609
10,5,146,4.011604640198e-16,2.158482987305e-14,-5.104532812322e-15,-4862.4912727,1.341554209827,-360.3014102804
10,5,147,4.331188484905e-16,2.168502591384e-14,-2.524859486105e-15,-4657.969878088,2.59759197851,-362.6648651087
10,5,148,3.963682106706e-16,2.137361262223e-14,-1.210237648078e-15,-5108.942757306,-0.8884990049061,-356.9997526856
10,5,149,4.857419080091e-16,2.146525483963e-14,-5.310090443442e-15,-4829.63323326,4.549449741453,-359.5065847829
10,5,150,3.629888414413e-16,2.135629499461e-14,-2.697672461997e-15,-4771.778696708,-4.237201420112,-357.3551593133
10,5,151,3.862879898342e-16,2.162809193022e-14,-1.114285775633e-15,-4854.182354871,-0.5128616372668,-360.0214339641
10,5,152,4.193232028161e-16,2.138501145459e-14,4.213259317325e-16,-4947.745872834,-0.5919467096061,-358.0613113846
10,5,153,4.014316379553e-16,2.122678575611e-14,-3.39390242241e-15,-5000.254672202,-2.395702818629,-355.4915318295
10,5,154,4.0437337206e-16,2.13754459211e-14,-3.548071062194e-15,-4858.823022988,2.079399078349,-357.5234077389
10,5,155,4.375339232855e-16,2.127046274855e-14,-2.591548389897e-15,-4722.797610148,-2.905801020839,-355.6953959705
10,5,156,3.291746629121e-16,2.130074889726e-14,-1.105578008649e-15,-4728.704501234,2.725269968037,-356.8494466192
10,5,157,4.088978556367e-16,2.172426169032e-14,-6.583252219722e-15,-5033.286357029,4.502064629928,-362.5581803534
10,5,158,3.268741361243e-16,2.152763913572e-14,-3.427689350584e-15,-4965.480783954,7.000272597175,-360.0751161872
10,5,159,3.911906737372e-16,2.146674282707e-14,1.433543011773e-16,-4949.629974332,5.596114659082,-357.8751620542
10,5,160,4.016587525181e-16,2.134576951695e-14,-1.648267589918e-15,-4717.056191329,-2.587665509822,-355.1947837475
10,5,161,3.447052672261e-16,2.148801699286e-14,1.079783629466e-15,-4774.025777987,-1.373171518833,-359.331458207
10,5,162,3.858165911643e-16,2.140440504936e-14,-1.489857115957e-15,-4926.968505886,2.707138736585,-357.6253200056
10,5,163,3.435553411643e-16,2.142283858911e-14,-4.129334756997e-15,-4962.325967044,-3.121252877764,-357.9394272078
10,5,164,3.949486865199e-16,2.136942911675e-14,-1.581145843148e-15,-4801.909982792,-5.605481669317,-358.3536448283
10,5,165,3.391620427698e-16,2.139051031449e-14,-1.012912822977e-15,-4935.443777438,2.737934816076,-357.7182725548
10,5,166,3.934586349022e-16,2.120611806764e-14,-2.561943021188e-15,-4953.371741997,1.24638540466,-355.0953923711
10,5,167,4.383874365386e-16,2.127516673281e-14,-4.650203193665e-15,-4949.111773993,1.163473881309,-355.5222491827
10,5,168,4.429971222015e-16,2.157311398767e-14,-4.235755353058e-15,-4762.91472137,4.120276901107,-360.9241254179
10,5,169,3.939414423554e-16,2.153388621313e-14,-2.276179220743e-15,-4988.987728499,-3.262372380908,-359.2563683608
10,5,170,3.930111013341e-16,2.143596968865e-14,2.093030626057e-16,-4943.278828508,-0.7591813640812,-358.5851640889
10,5,171,3.752649474247e-16,2.138706350837e-14,-3.699994905102e-15,-4867.797667185,-1.306694073077,-357.9408308309
10,5,172,4.050105344035e-16,2.150638849327e-14,-8.666409502445e-16,-4796.161766091,1.171800814144,-359.3139938117
10,5,173,3.847615239025e-16,2.156625171331e-14,1.118218490877e-15,-4755.185169993,4.909359741619,-360.9946124753
10,5,174,3.893225371818e-16,2.155092876421e-14,-3.02548804959e-15,-4889.003680437,2.848223047845,-359.8346580904
10,5,175,4.321833949656e-16,2.129798846139e-14,-2.127698017622e-15,-4818.60751888,2.464682733484,-357.1259912976
10,5,176,3.490354779499e-16,2.139776602933e-14,-2.680540259912e-15,-4867.399637752,-3.113247149332,-357.0460984451
10,5,177,4.071563601347e-16,2.150148924209e-14,-4.886295810831e-15,-4993.320194913,3.319987496376,-359.353469334
10,5,178,4.431604570622e-16,2.141058363451e-14,-4.984521706861e-15,-4909.776933449,-2.934733241809,-357.4396362031
10,5,179,4.331841255359e-16,2.140250227038e-14,-2.292138799248e-15,-4960.900959167,-1.467275107413,-357.1848269616
10,5,180,4.605212764088e-16,2.134162399079e-14,2.303724059486e-15,-4871.040443874,-0.3395621324496,-356.1513785455
10,5,181,4.745024843159e-16,2.14973132697e-14,-3.400632184773e-15,-4719.588968944,-0.8683284861696,-357.9792824958
10,5,182,4.302677553137e-16,2.156182967526e-14,-8.698521227787e-16,-4841.070781634,-0.9184380557365,-359.8050281494
10,5,183,3.750057749964e-16,2.14569931526e-14,-4.240944564333e-16,-4951.737641398,0.1310303574548,-359.9651212624
10,5,184,4.335771598489e-16,2.133960534945e-14,-1.027569972709e-15,-4987.738856082,-0.7427101793352,-356.7376585751
10,5,185,4.358989457766e-16,2.160896416271e-14,-2.202300363074e-15,-5083.750407,-1.236142969548,-359.746737942
10,5,186,4.12449087547e-16,2.143991819968e-14,2.236124652109e-15,-4840.866436607,4.570953787785,-359.6773636189
10,5,187,4.223119214723e-16,2.124621908209e-14,2.36860699963e-15,-5015.782179187,1.344888740968,-355.1703013318
10,5,188,3.594272601202e-16,2.130103757374e-14,-5.231726192893e-15,-4939.200540598,-3.831837742526,-355.8620804512
10,5,189,4.076732137794e-16,2.16666715535e-14,-2.410103565843e-15,-4780.507536869,7.203254910285,-361.4209077699
10,5,190,4.082996344995e-16,2.132531046859e-14,-4.119202036611e-15,-4832.191279807,-3.492909882547,-355.9928440783
10,5,191,4.186194929372e-16,2.152278052277e-14,-4.490831393227e-16,-5064.245092578,-3.247176961106,-358.6633448647
10,5,192,4.881472182289e-16,2.144762532373e-14,-3.763283591141e-15,-5180.048318738,1.434992184663,-357.940748864
10,5,193,3.779930847538e-16,2.119816420275e-14,-2.548168436971e-15,-4939.447290307,-1.017615070834,-354.4700761414
10,5,194,4.207950778114e-16,2.15181722379e-14,-4.525888056645e-15,-4769.111306238,2.009582352763,-359.9859157934
10,5,195,3.709015167638e-16,2.139437351653e-14,-4.061997323993e-15,-4748.91000863,0.3323782265829,-357.4252018138
10,5,196,4.264447969396e-16,2.160814450956e-14,-4.182108952148e-15,-4758.368419786,-3.08208970115,-359.7417732761
10,5,197,4.446626486665e-16,2.168857994286e-14,-2.815404422419e-16,-5033.797257328,-7.94446193547,-362.9902277218
10,5,198,3.561383054703e-16,2.145131458783e-14,-1.499291643583e-15,-4740.516451404,-0.8444964025512,-358.6335444188
10,5,199,4.452358702149e-16,2.130626750056e-14,-1.953635374731e-15,-4862.029974335,3.865189537256,-357.0379103542
10,5,200,3.750133253807e-16,2.135110557965e-14,-2.670851751075e-15,-4759.094689089,-2.01828524793,-355.1918404651
10,5,201,4.700153489735e-16,2.142865578755e-14,-2.531872709104e-15,-4933.780431799,3.960169898491,-357.1667257847
10,5,202,4.368419336252e-16,2.157073374977e-14,-2.824126223953e-15,-4864.455244563,-2.233175273652,-360.1834729851
10,5,203,4.412801769222e-16,2.132312413781e-14,-1.057086788519e-15,-4913.889387997,2.267261309563,-357.4807023809
10,5,204,3.897040139137e-16,2.144438637126e-14,9.805591708744e-16,-5052.791784268,2.606872390248,-359.0583013037
10,5,205,4.475520107141e-16,2.136449512831e-14,-2.302529822258e-15,-4872.368704798,4.813997660702,-357.754171421
10,5,206,4.037024009311e-16,2.151102334729e-14,-4.617953368893e-15,-5090.41943577,1.573952695564,-359.0250093519
10,5,207,4.601871775334e-16,2.144622782654e-14,1.98904087869e-15,-4795.163888147,0.6117795241927,-358.4568610102
10,5,208,3.752753573371e-16,2.140009055311e-14,-3.331782681459e-15,-4793.560293824,3.472672476052,-358.4050487087
10,5,209,4.03988016578e-16,2.159111439174e-14,-2.993109045418e-15,-4944.225160594,-3.088869421755,-359.7229651528
10,5,210,4.736634222021e-16,2.142905862912e-14,-2.318189755564e-15,-4937.97964008,1.373344232011,-357.1821517548
10,5,211,3.678360954752e-16,2.133978905164e-14,-1.952008420779e-15,-4868.07631719,1.062675174511,-356.6500325102
10,5,212,4.380774231993e-16,2.15614085161e-14,-3.755014719025e-15,-4737.038346107,0.5392745106317,-360.435847047
10,5,213,3.753510505627e-16,2.145971096242e-14,-2.038001172003e-15,-4736.385241445,0.07289962211499,-357.4419752191
10,5,214,4.501817131547e-16,2.157058993571e-14,-1.597293323943e-15,-4775.4467427,4.15821235836,-359.8749242989
10,5,215,4.650580610654e-16,2.151599826549e-14,-5.230303022841e-15,-4918.14487186,-0.5861796493321,-358.9784186189
10,5,216,4.213130333706e-16,2.14657193858e-14,-2.24901443621e-15,-4859.195108542,-3.984158612714,-358.509483493
10,5,217,3.537180383313e-16,2.136475386558e-14,-2.259084002057e-15,-4842.630227966,5.658564989118,-356.7965664742
10,5,218,3.691437726e-16,2.118228443243e-14,-4.511277771585e-15,-4987.213359917,3.109988331917,-354.9474479015
10,5,219,4.297636552787e-16,2.13956308018e-14,-2.66658049543e-15,-5003.394728746,-1.265889575787,-357.8675295295
10,5,220,4.182121788942e-16,2.130202082702e-14,-2.480837587934e-15,-4972.20788954,0.009442657753292,-356.0113425523
10,5,221,4.202866156524e-16,2.166255396777e-14,-1.827330320728e-15,-4845.331061351,-6.443113389584,-360.9662419165
10,5,222,4.621730584397e-16,2.167289950218e-14,-2.076605246379e-15,-4979.158780212,6.156700548569,-362.6637016099
10,5,223,4.113321237693e-16,2.140401595304e-14,-1.361588785177e-17,-4925.614488474,3.740170837924,-357.6002270689
10,5,224,4.144320734189e-16,2.139875257628e-14,-3.306481596312e-15,-4691.740178614,-5.256779073748,-357.1485016775
10,5,225,4.006249721889e-16,2.126972237622e-14,-2.125089815847e-15,-4671.14658872,-5.351394422539,-354.6897346344
10,5,226,4.780834214281e-16,2.15068812514e-14,1.580939124764e-16,-4967.721933565,-3.982525486564,-359.2094397109
10,5,227,3.270314452567e-16,2.136303677667e-14,-1.491045843944e-15,-5064.419321684,2.511820666546,-357.1026251866
10,5,228,4.172480099274e-16,2.159643452066e-14,-3.854386497843e-15,-4918.254398012,-9.006209842655,-360.5167517305
10,5,229,4.192639894018e-16,2.156367894352e-14,-4.07418432823e-15,-5087.520596443,1.928942008239,-359.1704963165
10,5,230,3.925084707962e-16,2.138988055418e-14,-9.689073555674e-16,-5043.336409701,2.753078200457,-358.1470235506
10,5,231,4.369837612435e-16,2.139258023101e-14,-3.867692525501e-15,-4893.706931559,1.542674981793,-357.9228233659
10,5,232,4.120296923576e-16,2.143643189999e-14,-3.38208712746e-15,-4854.424276139,0.4507522950216,-359.3539715392
10,5,233,3.373944848346e-16,2.132139518018e-14,1.028864288584e-16,-4937.446220471,-0.2836072471909,-355.8619072794
10,5,234,3.658168834728e-16,2.139886345397e-14,-4.076723558929e-15,-4894.119783027,4.791064192539,-358.9150933837
10,5,235,4.250258065784e-16,2.138173585582e-14,-5.100867823314e-15,-5045.033846715,-3.928193518956,-357.2160030727
10,5,236,3.898163254102e-16,2.148418404997e-14,-2.895297224477e-15,-4725.358138563,-0.6864625156972,-358.853524963
10,5,237,4.557208720668e-16,2.137913923828e-14,-3.481135226308e-15,-5028.715072909,-1.199375309201,-356.7455341047
10,5,238,4.074292107454e-16,2.164880506342e-14,1.008831359864e-15,-5066.073124935,1.184309166181,-361.8823051553
10,5,239,3.798591828151e-16,2.129342432544e-14,-4.001743390401e-15,-4858.439971377,0.5518010403626,-355.398175694
10,5,240,4.626958893073e-16,2.135937873227e-14,-7.937940139529e-17,-4930.720043992,2.28913934047,-356.7207620926
10,5,241,4.644927457213e-16,2.143967655113e-14,3.534660992209e-16,-4852.800942849,-2.562302839898,-357.3478619694
10,5,242,4.543597630062e-16,2.16608502603e-14,-2.083217445809e-15,-4821.751620435,-0.1947425749986,-361.5575322023
10,5,243,3.736739637718e-16,2.144925831602e-14,-1.591043041234e-17,-4682.470595931,0.864425674234,-358.0848182069
10,5,244,3.992523767539e-16,2.132422258433e-14,7.968244248569e-17,-4813.403664304,0.6799814919762,-356.122038834
10,5,245,4.069101601484e-16,2.152167491494e-14,1.385303481713e-15,-4864.050413312,3.530156444467,-358.7062191576
10,5,246,4.28377006237e-16,2.123482979003e-14,-2.050691651261e-15,-5001.835545547,-1.561633043186,-355.2205642471
10,5,247,4.097109243468e-16,2.142042668337e-14,-3.768274830783e-15,-4860.374155419,-0.8986037180635,-358.3793204472
10,5,248,4.366007298434e-16,2.133946427451e-14,-2.896925925104e-15,-4823.792065705,-2.33595917362,-356.6971777154
10,5,249,4.431797661187e-16,2.162248707493e-14,-2.06768850039e-15,-5015.366130914,-3.168982761028,-360.7219617707
10,5,250,4.446355601204e-16,2.163995440915e-14,1.467826577609e-15,-5006.771881869,-5.547208510277,-361.156123074
10,5,251,3.993547492316e-16,2.125516157818e-14,9.988817224241e-17,-4791.999558006,-0.9820700613173,-355.0992199137
10,5,252,3.814178683347e-16,2.127336112644e-14,-4.763265100732e-15,-4967.112270324,2.864518385758,-356.7410816591
10,5,253,4.084797207392e-16,2.149582288746e-14,-1.737755601177e-15,-4982.087139607,-2.255917551323,-359.0347274332
10,5,254,3.454278127668e-16,2.143032747443e-14,-2.081877364003e-15,-5027.504357664,3.084723891766,-358.5864925275
10,5,255,4.197854515276e-16,2.119082077088e-14,-1.185279697727e-15,-4917.452278904,3.246921145493,-353.8453503083
10,5,256,4.155158088866e-16,2.138325669068e-14,-2.128970125944e-15,-5036.799013687,-3.898850993108,-357.2446313672
10,5,257,3.91768743221e-16,2.153876252755e-14,-2.130170455739e-15,-4889.239931176,0.9562408752723,-360.1245817709
10,5,258,3.825412051797e-16,2.138786870945e-14,-1.187993110635e-15,-4784.420033294,1.817427881938,-357.6984894447
10,5,259,4.365727260011e-16,2.153729326857e-14,-1.737729029961e-15,-4843.052158464,-4.592514793119,-360.9857335654
10,5,260,3.916034577545e-16,2.145210356582e-14,-4.111368201714e-15,-4942.801796641,2.377559850161,-357.9532038722
10,5,261,2.930205448099e-16,2.128679199134e-14,-2.605613423276e-15,-4957.199933742,4.08522887223,-354.853751816
10,5,262,4.608847535973e-16,2.141385765467e-14,-4.690977130899e-15,-4919.497275446,-2.45147486881,-357.5276361831
10,5,263,4.160059911109e-16,2.135187856649e-14,-3.729225217113e-16,-4821.210143037,1.368165831552,-356.3353525684
10,5,264,3.678535350265e-16,2.127802925367e-14,1.443916685181e-15,-4735.089827213,0.1304859968753,-355.4371296311
10,5,265,3.8499156137e-16,2.126407453826e-14,-1.272960825149e-15,-4984.582970002,-3.510573488502,-355.5309235972
10,5,266,4.152551186553e-16,2.158126057742e-14,-3.00651948069e-15,-4895.967384556,6.117588433627,-360.8204641904
10,5,267,4.198521074669e-16,2.120365626603e-14,7.542764647623e-16,-4933.557459038,-3.577598746534,-354.5519152647
10,5,268,4.023634297273e-16,2.151036259069e-14,-5.049327260448e-15,-4843.843755128,1.544895800206,-359.2014857757
10,5,269,4.270996223703e-16,2.132260370647e-14,6.696344797052e-16,-5095.529262099,-0.7071347543256,-357.4690124226
10,5,270,3.704363781378e-16,2.150622450548e-14,-6.522002579048e-16,-4775.486507547,-1.936167989851,-358.9532597172
10,5,271,4.474494774139e-16,2.157722964439e-14,-3.211821954129e-15,-4898.195454246,-2.213711125055,-361.0489352886
10,5,272,4.318415385099e-16,2.136901142259e-14,-5.18868901026e-15,-4873.132888997,-1.981173496782,-357.4882297086
10,5,273,3.027482089471e-16,2.139943506303e-14,-1.40416122766e-15,-4844.78276675,-3.112194289692,-358.2187901772
10,5,274,4.097518888073e-16,2.126747630646e-14,-2.6593978147e-15,-4921.638308899,0.7002236146404,-354.7412543977
10,5,275,3.969385213452e-16,2.134866304598e-14,-2.998795482314e-16,-4818.415725499,0.06307655641609,-355.5990675019
10,5,276,4.222186233454e-16,2.142528882597e-14,-2.186802792054e-16,-5050.048050314,-3.029403900612,-357.5715729919
10,5,277,4.256229682102e-16,2.148498519591e-14,-1.787669512028e-15,-5067.289670784,-1.274037973406,-358.0641674131
10,5,278,3.463854890128e-16,2.151237087006e-14,-4.946381310181e-16,-4893.446901037,-4.488228419341,-358.4748749925
10,5,279,3.839741618177e-16,2.132793559585e-14,-3.051981310152e-15,-4981.220854362,1.411886643977,-356.8077347063
10,5,280,3.69377893415e-16,2.135293555094e-14,-2.253628499632e-15,-4947.102894849,5.936012084859,-356.0907355531
10,5,281,4.209307134209e-16,2.140624912551e-14,-5.667954828836e-15,-4918.776891756,-0.118687912401,-357.3191187124
10,5,282,3.441102948566e-16,2.166470547744e-14,1.056855354789e-15,-4822.403550324,3.063247732759,-360.9335016422
10,5,283,4.295390451804e-16,2.148570795625e-14,3.485993303393e-16,-4964.707407206,-3.283078180964,-358.733042998
10,5,284,4.189176272102e-16,2.137562938746e-14,-1.663502941067e-15,-4986.129680483,3.010636822454,-356.5043255103
10,5,285,4.648518551789e-16,2.137605186897e-14,8.53168595732e-16,-4873.802120457,2.886488104738,-356.5970579391
10,5,286,3.960706794067e-16,2.117732773759e-14,7.498889425691e-16,-4972.898093606,2.76199636117,-354.5400646681
10,5,287,4.433874080074e-16,2.14130217144e-14,-3.091756010859e-15,-4899.947867613,0.1633778590275,-357.2617749538
10,5,288,3.678682063674e-16,2.123934052652e-14,-1.069902175406e-15,-4882.440531556,-3.493940947118,-354.7985795358
10,5,289,4.412096279581e-16,2.14294644439e-14,-2.314948666599e-15,-4702.277540547,0.7294769558375,-358.5649603249
10,5,290,4.289286414084e-16,2.132939451555e-14,3.333713974492e-15,-4802.610747638,-2.955278205275,-357.2129478975
10,5,291,4.278732733801e-16,2.143220544536e-14,-2.849090348462e-16,-4946.38615028,-2.625700727326,-359.3843693741
10,5,292,4.06302616078e-16,2.15242628416e-14,-1.859739425817e-15,-4862.622387249,0.04037726139339,-359.3922063914
10,5,293,3.944031720665e-16,2.141331007554e-14,-2.344369816009e-15,-4776.680370573,1.84196273951,-357.8141308309
10,5,294,4.327786592926e-16,2.145700567263e-14,-4.264412954729e-16,-4737.670498208,1.220305103287,-358.3977028411
10,5,295,4.251493589539e-16,2.151008632298e-14,-2.213574255517e-15,-4891.35161275,5.465308588202,-359.5956089693
10,5,296,4.048426751661e-16,2.152020705567e-14,-1.533356447404e-15,-4668.767570654,0.6194632854884,-359.0146277196
10,5,297,4.175690064381e-16,2.14524462331e-14,-5.771689567444e-15,-4908.868712393,2.370385134949,-358.6974609493
10,5,298,4.116818078603e-16,2.12891741156e-14,-2.059333397836e-15,-5033.574336407,0.7404648927813,-355.7280065405
10,5,299,4.201921675815e-16,2.155489502895e-14,-2.773929888388e-15,-5100.561248869,5.211074401671,-359.3023780433
10,5,300,4.236649193246e-16,2.15244484756e-14,-3.388093394218e-15,-4895.163849502,1.670232490412,-357.5381159168
10,5,301,4.189394632639e-16,2.155342832575e-14,-4.362463288104e-15,-4836.784912081,-1.208277723212,-359.7460886045
10,5,302,4.152798891251e-16,2.135980052994e-14,-2.956756284473e-15,-4909.662492816,5.405364813797,-356.8496501675
10,5,303,4.54295117803e-16,2.135608028654e-14,-2.502548233859e-15,-4841.510468985,-1.552712670603,-356.0288295291
10,5,304,3.483506053365e-16,2.155916120777e-14,-3.79850147145e-15,-4785.107526625,-0.661964560735,-360.5005105274
10,5,305,4.091166766386e-16,2.127331066776e-14,-2.877554475287e-15,-4868.251848663,0.2028699698261,-356.09524487
10,5,306,3.789222233588e-16,2.152656956989e-14,-2.910676202813e-15,-4851.336889209,-1.444734308558,-360.0335366076
10,5,307,4.155250488088e-16,2.145146514559e-14,-2.773762464446e-15,-4673.260632057,-3.725654955095,-356.9973732834
10,5,308,4.011755862538e-16,2.135557815546e-14,-7.340548589347e-16,-4832.970363951,0.6076480590788,-356.0731042236
10,5,309,4.004757053141e-16,2.147390698357e-14,2.435314380149e-16,-4779.382341644,-2.911197430666,-358.472279311
10,5,310,4.590518123904e-16,2.132335309026e-14,-2.509223899812e-15,-4968.510239449,3.219147673477,-355.849718911
10,5,311,4.818787433916e-16,2.162588645232e-14,-8.891723388461e-16,-4963.674182704,3.029424701037,-360.8653884606
10,5,312,2.852905538338e-16,2.157464252305e-14,-1.050449673149e-15,-4951.226133069,-1.767403320663,-360.6602125128
10,5,313,4.202497381342e-16,2.142752567616e-14,-2.536625325781e-15,-4686.985475865,0.4232519201196,-358.6266781833
10,5,314,3.708470062738e-16,2.141863863503e-14,1.519200920871e-15,-4862.283514268,-3.072024337068,-356.9100648247
10,5,315,3.830612052636e-16,2.149304514975e-14,-4.4647509038e-15,-5077.494579177,-3.007422005813,-358.8312951783
10,5,316,3.674133347842e-16,2.109248071926e-14,-4.346366295724e-15,-4995.524645219,0.5857480862845,-353.8588379631
10,5,317,3.849780657358e-16,2.146027931596e-14,-1.050200726965e-15,-4802.925861041,1.989319394847,-357.2452802637
10,5,318,4.174650605682e-16,2.143937846351e-14,-1.087065516472e-15,-4941.989797043,-3.379829789087,-357.9488309424
10,5,319,3.25955719383e-16,2.10882238821e-14,-9.499786909594e-17,-4850.986382413,3.550427995369,-352.6427219502
10,5,320,3.78557279155e-16,2.139553996357e-14,-2.864485019135e-15,-4818.976279395,1.667403270199,-357.1662394567
10,5,321,4.137233751929e-16,2.138861588887e-14,-4.180541320729e-15,-4917.276457507,-2.979759874273,-357.1063685742
10,5,322,4.337340975724e-16,2.147812688854e-14,-2.997576948455e-15,-5035.677019531,5.086215137597,-358.8268224796
10,5,323,3.500632329931e-16,2.146066792893e-14,-1.247081701328e-15,-4873.49001524,5.387114049013,-359.1272317435
10,5,324,4.057430065709e-16,2.142264617877e-14,-2.69424525152e-15,-4907.903001192,-4.733983129538,-357.8326608398
10,5,325,3.958797997668e-16,2.164230780833e-14,-2.906891131955e-15,-4894.563637873,-0.5191159205238,-361.0178733277
10,5,326,4.306225877463e-16,2.144849451471e-14,-4.670028795805e-15,-4931.773266431,-5.384775306025,-358.5355910929
10,5,327,4.482861985339e-16,2.133556012221e-14,-1.033010539005e-15,-4887.785250293,-1.672211904469,-356.9449914216
10,5,328,3.765611114368e-16,2.123068410443e-14,1.063926284307e-15,-4834.718646329,1.249279642362,-355.0367867466
10,5,329,3.899499666969e-16,2.14038845855e-14,-4.339300944775e-15,-4838.471661611,-2.296464942973,-357.2979185782
10,5,330,3.885686122154e-16,2.133727503516e-14,-2.180304428565e-15,-4978.432954605,5.722205522068,-356.2930973931
10,5,331,3.793076697042e-16,2.162071368177e-14,-3.913141798968e-15,-4962.210110724,2.259398277661,-361.1522211177
10,5,332,3.970714316456e-16,2.157156820031e-14,2.239368471043e-16,-4814.107961636,0.907478810247,-360.811279949
10,5,333,4.413884009141e-16,2.156303190974e-14,-3.831386735531e-15,-4821.727568615,1.976718307743,-359.8870411505
10,5,334,3.831899723804e-16,2.12597817278e-14,-4.990942273692e-16,-4874.91380967,-0.3450085058952,-353.7628528264
10,5,335,4.770166408405e-16,2.145930191255e-14,1.441167805918e-15,-5124.044935784,2.617510794276,-358.4689658228
10,5,336,5.401694542176e-16,2.133106413418e-14,-8.811683250702e-16,-4997.316663887,-3.587562670634,-355.3240570636
10,5,337,4.51058647128e-16,2.129547319997e-14,-1.225445864114e-15,-5006.923980442,1.709199704222,-356.5693776386
10,5,338,3.645788937465e-16,2.135092908406e-14,-3.292670886825e-15,-4932.086174576,-1.518702940034,-357.177200705
10,5,339,4.658664309266e-16,2.138848347714e-14,-2.637419025909e-15,-4950.510797987,-1.252710666061,-358.219448114
10,5,340,3.855614363175e-16,2.149246795166e-14,-1.087049006352e-15,-5017.74517942,-5.565754764898,-358.200063103
10,5,341,4.160293303083e-16,2.146478422733e-14,-1.227751202678e-15,-4872.041628333,2.557256363512,-359.0732981972
10,5,342,4.261472965264e-16,2.156545461616e-14,-4.514162737896e-16,-4862.953268201,6.414179601126,-360.5564742963
10,5,343,4.568185962646e-16,2.147381707749e-14,-2.468783575845e-16,-4801.791676437,-1.306579087314,-358.5118535716
10,5,344,3.720377011969e-16,2.13324898141e-14,-1.586776222061e-15,-4839.60531383,-6.360909874731,-356.4782572677
10,5,345,4.371586686832e-16,2.11202809716e-14,-1.200329558188e-15,-4919.667700321,3.06430616002,-352.9629794056
10,5,346,4.43648920898e-16,2.15924707154e-14,-2.896097663268e-16,-4939.914144246,-7.828500558441,-360.6892380971
10,5,347,4.498940987765e-16,2.15058351288e-14,-1.832877903053e-15,-5063.476568605,2.998998062435,-359.5978030069
10,5,348,3.881087240283e-16,2.143559853034e-14,-2.801166876355e-15,-5060.206280927,-1.427449764497,-358.6613452404
10,5,349,4.113124252443e-16,2.145026856539e-14,-2.559870756242e-15,-4816.900110466,4.039094365333,-358.3138706111
10,5,350,4.310011981078e-16,2.15172832831e-14,-3.624922848749e-15,-4835.946927171,1.348321293991,-359.1261367775
10,5,351,4.003095855829e-16,2.142639269656e-14,-3.211069627506e-15,-4907.944858134,-2.169741341526,-357.7044930167
10,5,352,4.093196566088e-16,2.132702225185e-14,-1.286492137984e-15,-4943.178076451,-2.054844094727,-355.8724650301
10,5,353,3.790977960698e-16,2.154781213136e-14,-8.291743767211e-15,-5097.160119976,-3.373555922479,-359.3133750946
10,5,354,3.958616974152e-16,2.107449966652e-14,-6.087972513566e-15,-5070.692360858,0.2894500872906,-353.8540748677
10,5,355,3.119029664338e-16,2.140149468374e-14,-2.879921369112e-15,-4965.161001888,-0.7478008298929,-357.928131153
10,5,356,2.991357008656e-16,2.126492959533e-14,-2.056828209957e-15,-5096.377430204,1.744197706739,-355.5958702967
10,5,357,4.136613445836e-16,2.127703823826e-14,-2.18126105321e-15,-4863.224848208,-3.201898608246,-355.7558310934
10,5,358,4.412580307901e-16,2.135650345071e-14,6.450174579621e-16,-4763.498882464,0.8731597772739,-357.2249004772
10,5,359,2.560084622625e-16,2.137520922587e-14,-4.961399469199e-15,-5030.139903448,3.512926633109,-356.20668833
10,5,360,4.161084520027e-16,2.13183528291e-14,-7.639663010071e-16,-4783.822992986,2.115581677802,-355.9764712653
10,5,361,4.278420435487e-16,2.136238678929e-14,-5.53824847952e-16,-5023.715754427,-0.8854500276224,-357.1536481151
10,5,362,4.182696331887e-16,2.15515014985e-14,-4.638645709934e-15,-4732.160793498,-2.224228918079,-358.856453938
10,5,363,4.030541863328e-16,2.125769072864e-14,-2.058938359238e-15,-4904.222717435,-2.573950694129,-354.4874257277
10,5,364,3.480905642894e-16,2.12832413726e-14,-4.447880990323e-15,-4935.555743105,-0.7531472416024,-354.8100122832
10,5,365,3.856196334172e-16,2.13309856438e-14,-2.291027617533e-15,-5009.615433951,2.278484764811,-356.6737110536
10,5,366,3.687266178016e-16,2.144904928041e-14,9.791061929139e-16,-4822.65388826,-1.98863983809,-358.8649338359
10,5,367,4.226579830605e-16,2.159182263314e-14,-1.850832409182e-15,-4866.846238176,1.003066337458,-359.9231054746
10,5,368,5.06073973536e-16,2.126869063471e-14,-9.22385665544e-16,-5034.176268876,-1.311646297915,-355.9982931448
10,5,369,4.647866547797e-16,2.161785504535e-14,-3.87461068397e-15,-4582.407479362,-1.298412054343,-360.5777811526
10,5,370,4.359097387927e-16,2.138414121214e-14,-5.565632521752e-15,-4740.500807026,1.73260181826,-357.3801589463
10,5,371,4.234407449362e-16,2.140502245012e-14,-2.60687076863e-15,-4852.216780668,1.782619246016,-357.775335181
10,5,372,3.785386083106e-16,2.143116074678e-14,-2.937291192677e-15,-4926.038194817,-0.7638745415624,-359.1784544658
10,5,373,3.948258444564e-16,2.117111267125e-14,-5.70801831241e-15,-4984.058240709,-3.091825695523,-354.3434983484
10,5,374,4.328840276532e-16,2.157935865339e-14,-8.690808581894e-16,-4947.693425687,-1.299263884137,-361.0577062676
10,5,375,3.461767314308e-16,2.141298656379e-14,-8.515605215826e-16,-4952.556325103,3.353564338928,-357.8292815341
10,5,376,4.251160837601e-16,2.115513592217e-14,-5.03977745426e-16,-4954.186890024,-2.820043624875,-352.7544403491
10,5,377,3.97338024467e-16,2.128514547888e-14,-2.091931608847e-15,-4945.944317146,-0.501036940887,-356.7616417602
10,5,378,3.89035019011e-16,2.146148340617e-14,-3.922826542937e-15,-5230.357100707,2.585047114289,-358.821085151
10,5,379,4.293075722091e-16,2.149700427414e-14,1.616426327995e-15,-4868.789377587,0.7420992241816,-359.9968088631
10,5,380,4.214407045377e-16,2.143352026107e-14,-1.40351893038e-15,-4902.030265829,3.329013656559,-358.2738432046
10,5,381,4.136937172435e-16,2.155208284071e-14,-2.464854127728e-15,-5025.623144407,1.26574040491,-359.4141422161
10,5,382,3.999014725061e-16,2.135164444669e-14,-1.742716043772e-15,-4986.687018279,-5.004535590605,-356.7766965153
10,5,383,4.037317289668e-16,2.135602555129e-14,1.22927367003e-15,-5127.716152346,-2.675687911384,-357.304655491
10,5,384,4.392116273446e-16,2.144375150842e-14,-3.773150818632e-15,-4805.563630283,-2.385296852925,-359.2904799704
10,5,385,3.638675375389e-16,2.149266168808e-14,-4.957402180019e-16,-4904.043402575,-1.650693953125,-358.3573649257
10,5,386,3.952930511631e-16,2.115303124037e-14,-1.79440134445e-16,-4691.76645474,1.949156696875,-353.6081241392
10,5,387,3.360931800803e-16,2.136035247087e-14,9.606113229745e-16,-4915.652747696,-5.363873826647,-356.8703371953
10,5,388,4.334101095972e-16,2.134139182909e-14,-2.15095839748e-15,-4823.275629275,3.992948767422,-357.4557560114
10,5,389,4.213113135081e-16,2.126038164542e-14,-6.434582977895e-16,-4964.252774219,-2.872994917455,-355.0243171399
10,5,390,3.402649329234e-16,2.146973670365e-14,-2.477058891419e-15,-4909.577835478,1.737305137877,-359.0569700435
10,5,391,3.849980372033e-16,2.12842635398e-14,-4.127291940584e-15,-5034.233052566,-1.123868356743,-355.2673435604
10,5,392,4.253061569663e-16,2.150139027797e-14,-1.923934000824e-15,-4864.044783109,-3.284993694306,-359.2573379422
10,5,393,3.152627410122e-16,2.132320699818e-14,-1.132927276405e-15,-4850.903108989,0.4838434557444,-355.5499016434
10,5,394,3.941524914405e-16,2.13858528502e-14,-2.443961443334e-15,-4855.945867681,-1.021303984734,-356.7704683898
10,5,395,3.890721047363e-16,2.147757126328e-14,1.810038875066e-16,-4804.269894348,1.156192692268,-357.6937300662
10,5,396,3.117168102676e-16,2.145126463819e-14,-1.467996868455e-15,-4746.023845973,3.448311485249,-357.7199113799
10,5,397,3.549663738859e-16,2.120215968906e-14,-4.505848743225e-15,-4797.724838877,-2.79419471497,-354.3474247506
10,5,398,4.606752230079e-16,2.145406660826e-14,-1.24849781734e-15,-5006.178119233,0.7775170936347,-358.3185405494
10,5,399,4.29630397178e-16,2.148283590088e-14,-2.804017383379e-15,-4787.83465145,0.1388651713364,-359.3766070677
10,5,400,3.9865506493e-16,2.143485141491e-14,-3.128222159333e-15,-5015.689069369,-2.293729422739,-357.5710750636
10,5,401,3.567331940945e-16,2.167281742386e-14,-3.609962493227e-16,-4813.496995361,-1.954279949279,-362.7200910296
10,5,402,4.064970312832e-16,2.141665212861e-14,-3.160761357163e-15,-4880.030331875,-3.105671035962,-356.0980912682
10,5,403,3.85647415631e-16,2.168176333538e-14,-2.58262194023e-15,-4912.581393509,4.550250363023,-362.2137675157
10,5,404,3.226498632697e-16,2.134554207044e-14,-7.56835008109e-16,-4818.215022266,3.824709556356,-356.4574348933
10,5,405,4.420940865305e-16,2.147909460596e-14,-9.47726319521e-16,-4852.892585301,1.112150029687,-359.3081841835
10,5,406,4.263270822037e-16,2.131368481739e-14,-1.397485844902e-16,-4827.582028063,-1.770629691537,-355.8590408353
10,5,407,4.159658346442e-16,2.153018055373e-14,-4.272564944414e-16,-4902.993238451,4.575005300542,-359.9763731575
10,5,408,4.45470052385e-16,2.143397986579e-14,-3.530265729836e-15,-4916.910280134,5.318328066204,-358.9438501878
10,5,409,3.640157103531e-16,2.13069081581e-14,-2.177953656869e-15,-4861.03485582,-3.934310588406,-356.5278103421
10,5,410,3.888502823081e-16,2.144758540158e-14,-4.641299963781e-15,-4877.836968688,2.287660477394,-357.1590976923
10,5,411,3.206352200421e-16,2.150042136226e-14,1.471351349795e-16,-4798.387093934,-2.695729847379,-358.7459087376
10,5,412,3.243739057674e-16,2.128914717254e-14,-6.091998730247e-15,-4986.977571543,-0.1062392088267,-355.7028880043
10,5,413,4.146124881338e-16,2.119846709771e-14,8.384347146653e-17,-4698.68808816,-2.833100537886,-354.4803187271
10,5,414,4.133214016205e-16,2.133622191189e-14,-3.11087255103e-15,-4838.404762865,1.013282422871,-356.6313082932
10,5,415,4.900038920308e-16,2.135418713746e-14,-3.536930403961e-15,-4855.493559499,3.002209561979,-356.1597962394
10,5,416,4.146867866749e-16,2.150556180145e-14,-4.930271437679e-16,-4872.508417847,0.03095602541772,-358.3336994418
10,5,417,3.926221440257e-16,2.135286131336e-14,-3.823412912254e-15,-5017.39779723,-3.81497620077,-357.1072973909
10,5,418,3.920310199654e-16,2.151889340192e-14,2.554997403992e-16,-4833.793276113,-4.695372592287,-359.038487511
10,5,419,3.596721979288e-16,2.127137520638e-14,-3.385142103709e-15,-4744.125731792,2.497229869348,-355.8688071867
10,5,420,4.110756973275e-16,2.145898825563e-14,-1.588110987332e-15,-5105.929307923,1.08148312753,-358.596388357
10,5,421,4.182523653817e-16,2.159944387775e-14,-1.968208558627e-15,-4851.079102826,0.05124789128608,-361.0479905525
10,5,422,4.168100748691e-16,2.14037069329e-14,-4.515049425019e-15,-4844.831796417,-3.427580366118,-356.7677215343
10,5,423,3.762769530446e-16,2.129703954719e-14,-9.507515057196e-16,-4844.604762316,2.819637884971,-356.1762896838
10,5,424,4.768911227738e-16,2.140562305972e-14,-2.565311217202e-15,-4826.409345886,-1.377275053832,-359.2227582643
10,5,425,3.686035218245e-16,2.143596007686e-14,2.351489036262e-16,-4917.070711307,2.77952235737,-357.4620963606
10,5,426,3.654538890991e-16,2.175498147575e-14,-3.363724008221e-15,-4828.409348462,-6.141264956857,-362.6114480194
10,5,427,4.818662613825e-16,2.143279483474e-14,-2.388598800293e-16,-4692.081030585,0.7149668081766,-357.3068423368
10,5,428,4.139658155939e-16,2.12908457179e-14,1.594395794768e-15,-4827.025931188,-2.318342322112,-355.7497625057
10,5,429,4.870524381322e-16,2.162543828474e-14,6.740118170779e-16,-4909.886199584,-2.232557128803,-360.7168400849
10,5,430,3.459775348891e-16,2.14506906693e-14,-4.993025263092e-15,-4858.218823693,-0.4805127562284,-358.4763462902
10,5,431,4.268981490913e-16,2.144106340246e-14,-6.222594379443e-15,-4900.178797813,-0.7159688958912,-359.0274467655
10,5,432,4.911550306705e-16,2.133721547913e-14,-7.785013813048e-16,-4746.20791982,-1.984585470445,-357.3068985138
10,5,433,4.252738557966e-16,2.137496905982e-14,-3.855014613237e-15,-4910.125445523,-1.577540261362,-357.2260161642
10,5,434,4.789379358083e-16,2.134217955829e-14,-4.82233285997e-15,-4992.430957255,1.493312898762,-356.2974130617
10,5,435,3.870579548578e-16,2.128556641145e-14,1.186848218591e-16,-4930.945676115,1.528854969332,-356.0303143727
10,5,436,3.794869904694e-16,2.145931344018e-14,-2.587816900766e-16,-4785.88975571,2.193501166299,-358.197139483
10,5,437,4.009810077614e-16,2.151590961395e-14,-1.410212328562e-15,-4822.248373577,-2.178148578752,-360.0653928579
10,5,438,4.139443068335e-16,2.151391815836e-14,-6.661452241173e-16,-4964.375960338,-5.134517950706,-359.4122273535
10,5,439,3.813261826604e-16,2.134401431663e-14,-3.531719014384e-15,-4785.272020955,-1.408131664377,-357.0706183342
10,5,440,4.140876865636e-16,2.156134351851e-14,-1.811582296727e-15,-4875.928409163,-4.31764914061,-359.7525173489
10,5,441,3.662162293516e-16,2.134078288835e-14,-1.641482721581e-15,-5067.378007458,-1.80614636653,-356.6774627375
10,5,442,4.433810606328e-16,2.164284436998e-14,7.163675543361e-16,-4744.702112643,-5.79044738283,-360.511554871
10,5,443,3.926893773918e-16,2.148433576938e-14,-1.463489032473e-15,-4982.520685205,0.3460689120369,-359.2724317954
10,5,444,3.972837448251e-16,2.144191452182e-14,-4.245044611348e-15,-4875.047973751,-1.364395171243,-357.850706483
10,5,445,3.676294097953e-16,2.122335866008e-14,-3.292971782657e-15,-5067.512581809,0.6112272679238,-354.292019418
10,5,446,4.378257720557e-16,2.1419149604e-14,1.176770401371e-15,-4840.839718415,-0.3566899000076,-356.9822068966
10,5,447,4.324312245889e-16,2.129878974314e-14,-2.792251652214e-15,-4869.487687682,-3.326314990107,-355.7132445126
10,5,448,3.82158329446e-16,2.143295761029e-14,-1.965151255754e-15,-4881.190105443,7.615852820228,-358.1224268298
10,5,449,4.079339987829e-16,2.144156664955e-14,-3.372412099335e-16,-4988.372125567,-2.69376577644,-358.113006552
10,5,450,4.255610044125e-16,2.134013743268e-14,-2.262788315145e-15,-5016.653095089,-0.183363976726,-356.9752178213
10,5,451,4.213102285597e-16,2.139970617307e-14,2.298175411492e-15,-4872.862455463,3.751359957815,-358.3109587585
10,5,452,3.516451687819e-16,2.131712789154e-14,-8.630931259182e-16,-4930.404704131,-1.707108295642,-355.0988999362
10,5,453,4.24145419308e-16,2.148803078055e-14,-1.265614177536e-15,-4808.518405002,-2.950644432713,-357.4919158193
10,5,454,4.275025292621e-16,2.143686471402e-14,-6.952025276185e-16,-5029.809829511,-5.195137733912,-358.0356483283
10,5,455,3.882135782677e-16,2.129014435564e-14,-1.715035357075e-15,-5058.544667902,-1.686873357321,-355.3621449561
10,5,456,3.610479652357e-16,2.137254601965e-14,-1.589121153264e-15,-4827.373627959,-5.705246193998,-357.9165599103
10,5,457,4.883380321609e-16,2.157256414874e-14,-3.331300612182e-15,-4862.225909578,5.787496679247,-360.1517428332
10,5,458,4.758427642679e-16,2.143582279908e-14,-7.888920028805e-15,-5139.271941054,-10.08155542604,-357.7714015053
10,5,459,3.751907161399e-16,2.140614921436e-14,-5.774084255682e-15,-5008.461324408,2.766399081659,-357.3544755639
10,5,460,4.566630950387e-16,2.130498421099e-14,-1.43202249472e-15,-4857.577260374,2.861043060303,-356.2519084619
10,5,461,4.194758765383e-16,2.13086034087e-14,-6.782124493566e-15,-4847.056200555,-3.981800749503,-355.9682070954
10,5,462,3.15213529524e-16,2.161712828693e-14,-9.480055116968e-16,-4994.02200654,-3.149232761575,-360.9454443679
10,5,463,4.624192541407e-16,2.150000445099e-14,-1.916890870903e-16,-4972.82285368,5.130525251278,-359.253697973
10,5,464,3.746289067638e-16,2.155397022866e-14,-4.986067236578e-15,-4861.590279412,-2.060212588866,-360.4385634245
10,5,465,4.0959202154e-16,2.14931920258e-14,-1.193733650807e-15,-4940.629740656,1.757817158936,-358.8827052368
10,5,466,3.48286351752e-16,2.152439339163e-14,-5.271746089183e-16,-4617.058423524,-2.337266677721,-358.2582991315
10,5,467,4.179175936545e-16,2.163546420482e-14,-3.547197295417e-15,-5007.737352473,8.434489717363,-360.311114216
10,5,468,4.483044105112e-16,2.126098602323e-14,3.640482947461e-17,-4941.529095639,4.834574047747,-354.7603749098
10,5,469,3.869614827505e-16,2.142406986801e-14,-2.725818715251e-15,-5205.893434044,-6.592602349834,-359.2299769954
10,5,470,4.470877987193e-16,2.134643555675e-14,1.627853288087e-16,-4790.791687823,3.221076697397,-356.4765067494
10,5,471,4.553130279704e-16,2.16545617332e-14,-3.82370678512e-15,-4955.08240875,-3.327027096661,-361.6782476699
10,5,472,3.762004773318e-16,2.135659454603e-14,1.630536538364e-17,-4559.817362901,1.171005340824,-357.3393886488
10,5,473,4.955106658076e-16,2.118001267029e-14,5.407051956193e-16,-4796.351186557,-1.073371969108,-354.7067836545
10,5,474,3.675866674954e-16,2.151813397018e-14,-2.378173204295e-15,-4767.78523984,-2.601012429194,-359.1883114629
10,5,475,4.063411766329e-16,2.153282438661e-14,-5.230990804026e-15,-4892.676428006,-3.460490636147,-359.4087852446
10,5,476,3.826223703057e-16,2.12530751471e-14,-7.281280641952e-16,-4967.057355144,-2.93770304806,-356.5220592023
10,5,477,3.857809775035e-16,2.159354418252e-14,-4.845401578373e-15,-4889.038495588,4.808254153865,-360.4561243015
10,5,478,4.418447765754e-16,2.137116374494e-14,-3.324905906071e-15,-4890.561975741,0.2135634774753,-356.9206116493
10,5,479,4.447475170906e-16,2.140901653852e-14,7.09321750608e-16,-4861.869890817,-0.6026509624894,-358.6657059971
10,5,480,4.449717376965e-16,2.149932274763e-14,-6.783166880564e-16,-4907.737307047,2.0796354531,-358.9658745632
10,5,481,4.008639204667e-16,2.136342240786e-14,-2.499251497457e-16,-4952.562775335,-0.1165203541974,-357.4625063353
10,5,482,4.333786721641e-16,2.146575810808e-14,6.787717613441e-16,-4990.433303159,0.2239929771528,-358.9485347066
10,5,483,4.395201219601e-16,2.144292296274e-14,-3.608888058182e-15,-4925.704478901,1.629752972981,-358.8651763394
10,5,484,4.186630108818e-16,2.129072335066e-14,-3.312381610845e-15,-4877.537657415,1.717714395046,-356.7372553568
10,5,485,3.656339688406e-16,2.174705177368e-14,-5.536822071458e-15,-4949.753411919,-4.676648197699,-362.9375304551
10,5,486,4.02789229089e-16,2.136402252216e-14,-8.873192274672e-16,-4668.861940751,0.5828631798229,-356.4150288283
10,5,487,3.857410785404e-16,2.149912946257e-14,-3.7496269236e-15,-4894.707285634,-0.8191066111527,-357.8128555163
10,5,488,3.17428805126e-16,2.114349980613e-14,-2.297713689678e-15,-4942.153298457,2.159918773423,-351.6616027163
10,5,489,4.224969910818e-16,2.123201995756e-14,-1.702721754576e-15,-4870.444482327,3.003966066878,-355.5051387497
10,5,490,4.365991228863e-16,2.130363222372e-14,-2.390660018756e-16,-4849.369070196,-0.1375965063912,-355.9238137104
10,5,491,4.372425370656e-16,2.14193755172e-14,-1.254969954671e-15,-5010.424891385,-0.6528447528238,-357.6840158576
10,5,492,3.843108554964e-16,2.141896368179e-14,-4.737438846415e-15,-4923.482976347,1.527894469696,-358.4111667258
10,5,493,4.087042821106e-16,2.120673521761e-14,-1.677063580836e-15,-4982.409101596,-2.2655108364,-354.4098122532
10,5,494,3.680040092259e-16,2.153323915027e-14,-4.209474268562e-16,-5026.697489148,-1.596832808541,-359.6571828269
10,5,495,4.602843767104e-16,2.144660678811e-14,5.132073820172e-16,-4840.343202925,-4.456576191766,-357.6262269044
10,5,496,3.642544794441e-16,2.161574406366e-14,-7.119343427543e-16,-4909.906910276,-1.312447809471,-359.7934782969
10,5,497,4.133298070377e-16,2.140752005583e-14,-2.731242003949e-15,-4925.905466375,3.942526202887,-358.7287709259
10,5,498,3.942349039307e-16,2.145148653657e-14,-1.42306898155e-15,-4744.491093324,-1.707074390857,-358.1436801144
10,5,499,3.776220713881e-16,2.150306047768e-14,-8.991025685475e-16,-4938.789681841,-0.6127749562697,-358.6534156784
10,5,500,4.123808919118e-16,2.13506280527e-14,1.488038114873e-15,-4960.202284589,2.389915489321,-357.5795803568
10,5,501,3.898320491629e-16,2.142869172102e-14,-3.802763734779e-15,-4929.669642559,2.020946680669,-358.3019885142
10,5,502,5.138609941701e-16,2.149681673953e-14,2.495030081111e-15,-4875.235763422,-1.67399790609,-358.5458413762
10,5,503,4.638231559988e-16,2.14318713957e-14,-6.127364986596e-16,-4942.94923848,2.282486319588,-357.1496646003
10,5,504,4.415734886033e-16,2.145786738733e-14,-3.209055995611e-15,-4912.534889344,-5.22280835738,-357.1910821933
10,5,505,3.95114691545e-16,2.138769029087e-14,-2.155607967395e-15,-4791.140213688,-2.718266260364,-358.0369426043
10,5,506,3.837477596423e-16,2.144593583757e-14,7.331010139076e-16,-4902.464978966,-4.200468969416,-359.2817761668
10,5,507,4.155571394891e-16,2.159642004686e-14,-3.62911331734e-15,-5025.248737336,-3.233427149545,-360.5715380281
10,5,508,3.787403658191e-16,2.149402141933e-14,-5.265407410201e-15,-4858.509595401,3.272765608082,-358.8967755505
10,5,509,3.937299749545e-16,2.136089064179e-14,-2.377889027535e-15,-4933.721853389,-2.569402880673,-356.9519195088
10,5,510,4.389498493852e-16,2.140859789291e-14,-3.083366634117e-15,-4906.746622893,1.848430092955,-357.6200799124
10,5,511,3.69707018728e-16,2.136756794996e-14,-2.76943371036e-15,-4833.72191851,1.567491531147,-357.2789242667
10,5,512,4.338715594998e-16,2.145042372229e-14,-2.450738546347e-15,-4852.147773302,-0.6148925262805,-357.8146472201
10,5,513,4.997049388345e-16,2.150232345545e-14,2.046728239482e-16,-4979.102902939,-1.195642636638,-360.7940502729
10,5,514,4.049757392951e-16,2.141797569766e-14,-2.077577145955e-15,-4865.592440338,-4.098212058024,-357.4122179236
10,5,515,4.014712418605e-16,2.14939618551e-14,-1.501843641334e-15,-4932.946575192,5.45965136425,-359.6894697459
10,5,516,4.140255549547e-16,2.134878329701e-14,-1.020074042276e-15,-4893.896458176,0.9926844642379,-356.5308865851
10,5,517,3.830110810249e-16,2.150847653223e-14,-2.948561241682e-15,-4848.165676141,-3.587575233132,-358.9843626297
10,5,518,3.747626125306e-16,2.141637138442e-14,-3.433611572537e-16,-4793.450470042,-0.2002564669563,-358.4433494892
10,5,519,4.538751267052e-16,2.154190687016e-14,-4.502684603301e-15,-4946.85713325,-2.402116449973,-358.5804065413
10,5,520,4.353584068704e-16,2.149864197109e-14,-1.766778982294e-15,-4820.356555704,-1.747251715169,-359.8065989286
10,5,521,4.427416745665e-16,2.132097918838e-14,-3.243536069389e-15,-4987.68350558,-4.277355524604,-355.3962892172
10,5,522,4.773386411463e-16,2.130399725469e-14,2.528008990398e-15,-4899.197447202,-1.564485515026,-356.6621768405
10,5,523,3.542983905397e-16,2.141125994432e-14,-1.984368087069e-15,-5072.23520022,-0.2195025305784,-358.0312485057
10,5,524,3.852046335556e-16,2.140075894085e-14,-1.836109470764e-15,-4807.388841596,4.72187771465,-357.9716068297
10,5,525,4.195825232395e-16,2.132117123596e-14,-1.097277136109e-15,-4910.634594333,-0.1898648352612,-356.5826168497
10,5,526,3.496093103783e-16,2.178838243692e-14,-2.359922938187e-15,-4762.152206028,-4.937636378236,-362.5944053076
10,5,527,3.751766750015e-16,2.121522946217e-14,-7.402903944891e-16,-4907.01532292,4.285768705159,-355.8328939266
10,5,528,3.609035691129e-16,2.126719097477e-14,9.153182597017e-16,-4914.240552076,0.6927380814397,-354.6750800591
10,5,529,3.736754034662e-16,2.121132708445e-14,-6.490098220469e-16,-4889.679105245,-2.47804835768,-353.7547009965
10,5,530,4.034792637317e-16,2.1311303619e-14,-2.183771474849e-15,-4978.257049396,2.636148023453,-356.7180184642
10,5,531,3.725134744467e-16,2.111256150578e-14,-5.101254860929e-15,-4958.022241702,1.872243046441,-352.9054911304
10,5,532,3.569052807528e-16,2.135109368155e-14,2.140780696864e-17,-4678.089500701,1.256520800067,-355.6733515036
10,5,533,4.512833304655e-16,2.161579394297e-14,1.04717542864e-15,-5127.095678798,2.842466465831,-361.3579585698
10,5,534,4.129982950941e-16,2.156830302057e-14,-1.917933671713e-15,-4901.895060706,-4.311778748846,-360.898686021
10,5,535,3.851232029084e-16,2.131669642452e-14,-3.24671379693e-15,-4932.934064889,-1.734516765689,-356.4836137619
10,5,536,3.565533516081e-16,2.145295908508e-14,-4.991758552034e-15,-5007.381064643,-2.142798592418,-358.3136141212
10,5,537,3.901591522849e-16,2.146686826092e-14,5.75768885998e-16,-5071.145426702,-0.2777598012041,-358.6518339122
10,5,538,4.285424092175e-16,2.159720047161e-14,-1.712396672137e-15,-4850.419834393,1.093834852404,-360.4265404383
10,5,539,3.448769570814e-16,2.159425529951e-14,-3.414862085457e-15,-4957.631564321,-0.5206438909437,-361.3434518604
10,5,540,4.763211903368e-16,2.154045539054e-14,-4.649929850425e-15,-4833.271716676,2.833627764373,-359.2894689869
10,5,541,4.253561308466e-16,2.131012039469e-14,1.916513861284e-15,-4973.97797546,4.322395832008,-355.5873464732
10,5,542,3.378105512818e-16,2.142058111657e-14,1.222743691173e-15,-5053.043148289,1.635514332909,-357.0368276813
10,5,543,5.097715044912e-16,2.141696477659e-14,-5.369794479756e-15,-4760.075444179,-4.331673673018,-357.9587755261
10,5,544,4.069210506615e-16,2.137881097709e-14,-9.64067037969e-16,-4854.647814865,4.936015242479,-357.3591691729
10,5,545,4.310780800852e-16,2.147947524823e-14,-2.497747545773e-15,-4831.684730785,-2.069184914139,-358.8885725754
10,5,546,4.136418605529e-16,2.098781703855e-14,-4.093275090829e-15,-4911.18270651,1.520036238604,-351.4856581546
10,5,547,4.0844153839e-16,2.143153106978e-14,-1.257930013597e-15,-4916.597093792,-2.039172810205,-357.6934609253
10,5,548,3.234991273146e-16,2.138966042778e-14,-6.324507119028e-15,-4806.869440833,-4.786542010262,-357.5310035286
10,5,549,3.833921302326e-16,2.128963481442e-14,-3.327046155121e-16,-4789.773045224,3.644168954553,-355.8004538656
10,5,550,4.346518994943e-16,2.126283889076e-14,-2.292826397743e-15,-4846.341850882,0.3896820210422,-355.2321194204
10,5,551,4.236616098193e-16,2.134278313717e-14,2.415643163782e-15,-4877.679481264,3.221482442223,-355.9107271696
10,5,552,4.260623253134e-16,2.124720254106e-14,-9.908459220269e-16,-5147.04104517,5.341705247308,-355.4547646839
10,5,553,3.76200123822e-16,2.143710229734e-14,6.558668605462e-16,-4974.180641203,-4.360498153572,-357.8314447427
10,5,554,4.738775833145e-16,2.138057002693e-14,5.164057649392e-16,-5015.636836124,1.470352706903,-356.9588810589
10,5,555,4.6065929146e-16,2.141443691619e-14,-4.61989204946e-15,-5067.834663304,-3.42686792113,-357.2342665292
10,5,556,3.594197788088e-16,2.144639185518e-14,-3.948658931458e-15,-4858.048667444,0.1213084397114,-358.8861996378
10,5,557,4.232414697732e-16,2.126174874206e-14,-2.029023782916e-15,-5049.269926467,0.943644678817,-355.8370015955
10,5,558,3.979653057263e-16,2.146597158239e-14,-3.381884982758e-15,-5053.215617012,6.403951218015,-359.1694786537
10,5,559,3.951174280931e-16,2.139863523266e-14,-3.140655285855e-15,-5006.768646755,-0.1027842595947,-358.2360864357
10,5,560,4.346326201788e-16,2.14221847161e-14,-3.914466786219e-15,-4897.837958949,3.894369505964,-358.4304687658
10,5,561,3.679547346373e-16,2.136434909782e-14,7.150883444767e-16,-4947.698197906,2.460801719155,-356.8281357379
10,5,562,3.697858141205e-16,2.131396968139e-14,-2.38607910143e-15,-4871.669708246,-0.9303833102432,-356.1114775016
10,5,563,4.124237424848e-16,2.138665101312e-14,-4.808653175975e-15,-4922.990111525,0.4373766333526,-356.7348535897
10,5,564,4.329863461688e-16,2.135822700489e-14,-3.712517320427e-15,-4980.0011442,-2.812652969912,-356.7145212384
10,5,565,4.768733628855e-16,2.146619004142e-14,1.799257447315e-15,-4808.847026359,0.6225037857524,-358.4911430104
10,5,566,3.60357848121e-16,2.162784832098e-14,9.119454145145e-17,-4812.427689902,0.9117627343671,-361.2082134982
10,5,567,4.126191468731e-16,2.128126306572e-14,-4.130893609493e-15,-4837.248316581,-5.536720499063,-355.4759384298
10,5,568,3.290840926783e-16,2.12771286546e-14,-2.364285030331e-15,-4857.211199475,0.4627829011207,-354.4065809986
10,5,569,4.276121334445e-16,2.151617864089e-14,1.883250553278e-15,-4759.038043163,1.837460802391,-357.6853886361
10,5,570,3.966489366254e-16,2.135168946526e-14,-1.681621076167e-15,-4983.273477886,1.105612926925,-355.199620211
10,5,571,3.960855842199e-16,2.142014180942e-14,-5.477412844701e-15,-4883.538283321,-1.124745890233,-356.9015798507
10,5,572,4.151388125738e-16,2.125280154791e-14,-1.57348363403e-15,-4886.691413489,-1.410689273052,-355.3376269629
10,5,573,4.599312433479e-16,2.152405949435e-14,1.008379567474e-15,-4900.209023821,5.731314801732,-360.4110952081
10,5,574,4.546727407014e-16,2.137698046351e-14,-4.376268050363e-15,-4720.200106342,6.502273796026,-357.1669236837
10,5,575,4.20370917325e-16,2.139296342901e-14,-3.690506730738e-16,-4871.207622206,-5.800310067698,-358.1610646783
10,5,576,3.33690906079e-16,2.111217069839e-14,-3.352152673577e-15,-4883.62815763,-2.980072205071,-353.785472111
10,5,577,4.126264034073e-16,2.122309085727e-14,-8.553746681081e-16,-4754.532234564,-2.331840296973,-355.2439804346
10,5,578,4.574364249123e-16,2.149304747147e-14,-1.217998245719e-15,-4957.76364288,-0.539412027566,-358.125559254
10,5,579,4.219838325192e-16,2.128303882499e-14,-3.180476135611e-16,-5143.577784119,3.075728906551,-356.0653446963
10,5,580,4.332853125863e-16,2.135455855405e-14,-3.116027535425e-15,-4642.381832765,1.710231713346,-357.1130164489
10,5,581,3.757677309691e-16,2.167913309082e-14,-2.718950644055e-15,-4682.761228798,1.27524452977,-361.4126395681
10,5,582,4.013312963492e-16,2.136865779802e-14,-2.072839551401e-15,-4838.658711543,-3.177994051853,-355.5528559931
10,5,583,4.495133967106e-16,2.138875819192e-14,-1.121084607516e-15,-5015.293843153,-0.6086208729173,-357.5826672225
10,5,584,4.378737348144e-16,2.139956116979e-14,-4.908437549316e-16,-4830.860569729,-2.066074734243,-357.9556926536
10,5,585,3.915819496576e-16,2.164338091392e-14,-2.666445808197e-16,-4857.807980354,-3.319098948703,-361.5610593471
10,5,586,4.171203792117e-16,2.148101824323e-14,-4.86722498581e-15,-5047.692398613,-2.190933588365,-358.3280964895
10,5,587,4.335147820861e-16,2.12977760196e-14,-2.101769311026e-15,-4937.016318872,-2.816768603694,-356.5538793854
10,5,588,3.171829078135e-16,2.122146086968e-14,-1.951024351994e-15,-4979.841814431,-4.010697528097,-354.4099167347
10,5,589,4.098733410992e-16,2.148135684682e-14,-4.734615034693e-15,-4849.09910015,-0.07006104845122,-359.8629415914
10,5,590,3.775428512158e-16,2.137794243895e-14,-3.526216774953e-15,-4901.591438483,0.6752689387263,-357.6809858479
10,5,591,4.249007651608e-16,2.13605523875e-14,-5.728658568417e-15,-4983.801062942,3.942550716692,-356.8760198497
10,5,592,3.929854611644e-16,2.132907044892e-14,-5.775644393249e-16,-4840.181436465,-6.3977794403,-357.679337413
10,5,593,4.155765394127e-16,2.151162048285e-14,-6.000368791257e-15,-4966.171638136,-0.5717729759954,-359.4328183501
10,5,594,4.34082545853e-16,2.159933036003e-14,-1.502842728907e-16,-5008.340287911,0.3570127090473,-360.5007060252
10,5,595,4.351357956075e-16,2.157013969541e-14,-2.481252144222e-15,-4858.395843444,1.008299038664,-359.9035508122
10,5,596,3.821273016291e-16,2.125575793277e-14,-1.366311376932e-15,-4887.791050104,-3.685945193168,-355.1210986611
10,5,597,3.913714839618e-16,2.134468548797e-14,-4.772592810413e-16,-4812.199298619,5.059541808,-357.4282131969
10,5,598,4.163094102867e-16,2.149636584137e-14,-2.036074160402e-15,-5173.593340076,0.3286098988944,-358.9060210212
10,5,599,5.171999766795e-16,2.135621163407e-14,-9.556212541747e-16,-4796.696851526,-2.220368398119,-357.0047308447
10,5,600,3.823120133011e-16,2.145096816251e-14,-1.3868538943e-15,-4785.77538524,-0.186054330357,-357.3899117051
10,5,601,3.027418835288e-16,2.133786595873e-14,4.962732674057e-16,-4960.679327966,6.691590895138,-356.2475544885
10,5,602,4.348426399909e-16,2.158084876708e-14,-5.730099602152e-16,-4819.038554439,-0.150513004418,-359.5584296213
10,5,603,4.319089170124e-16,2.152648375913e-14,-8.927084370589e-16,-4905.174361693,3.745066580541,-359.4421520566
10,5,604,4.265452084319e-16,2.149556631549e-14,6.091303109699e-16,-4872.430594889,6.064786118406,-359.1989692361
10,5,605,3.895404380405e-16,2.154946098226e-14,4.700636297694e-16,-4907.229294829,-1.265570135039,-360.0923465923
10,5,606,3.94026097689e-16,2.136231785645e-14,-2.924205871926e-15,-4860.485667074,-0.8679332874874,-356.7500870792
10,5,607,4.466663903466e-16,2.121360359363e-14,-2.432602199518e-15,-4774.673351539,4.556243240739,-354.3248423453
10,5,608,3.378054354329e-16,2.143773278748e-14,-2.109724327647e-15,-4911.974051051,-1.803852042889,-359.7164009789
10,5,609,4.66422284377e-16,2.173675400642e-14,-3.725378373822e-15,-4946.458019961,0.1593818501968,-361.727474799
10,5,610,3.665083589612e-16,2.14005227771e-14,9.767198822948e-17,-4960.497582974,3.266120235347,-357.3396466998
10,5,611,4.358039132972e-16,2.138238382284e-14,-7.267914565021e-16,-4885.224352233,-3.275090147327,-357.0730345547
10,5,612,4.125987121159e-16,2.130663808481e-14,-1.576969650589e-15,-5060.030842681,1.593654561597,-355.6134629876
10,5,613,4.259574457219e-16,2.149902000731e-14,-4.803202647418e-15,-4950.278642872,-2.049216593511,-359.2580450981
10,5,614,4.244404826837e-16,2.143154122173e-14,-3.478833259296e-15,-4908.19045472,1.78375538617,-359.6742371596
10,5,615,3.946378910977e-16,2.131970836032e-14,-3.392826286972e-15,-4921.999512246,0.4902408412476,-356.9760276654
10,5,616,3.630186140892e-16,2.137320646219e-14,-1.061179139562e-15,-5002.772269517,0.03125362386349,-356.9770506518
10,5,617,4.236601883426e-16,2.135531074e-14,-5.483636292056e-15,-4964.328408379,-4.601986272972,-356.4711944412
10,5,618,4.318763833679e-16,2.121050306567e-14,-1.49157370386e-16,-4906.216002555,5.880583082012,-355.3563202415
10,5,619,3.976136954219e-16,2.132498602356e-14,-2.80088518729e-15,-4883.025819622,4.041423096913,-356.930673155
10,5,620,3.334341596813e-16,2.152507520227e-14,-1.053289297013e-15,-4930.018033618,-0.2816342019924,-359.6538621617
10,5,621,3.842829462463e-16,2.15997358963e-14,-6.365901548711e-15,-4873.251831933,0.1215010177788,-360.5139073411
10,5,622,3.779760283261e-16,2.13048768116e-14,-5.735284847948e-15,-4771.032225924,-1.208227214925,-356.4051812116
10,5,623,4.174394266982e-16,2.153829662462e-14,-1.360958860748e-16,-4911.198611433,-2.130666814933,-360.3083801751
10,5,624,3.96277501382e-16,2.131644417944e-14,1.087901965771e-16,-4976.025018534,1.775481246347,-355.7336977457
10,5,625,4.477055198721e-16,2.141006204601e-14,-3.126174612508e-15,-5070.257763897,-1.874439885633,-357.5779949124
10,5,626,3.052693567727e-16,2.131471461995e-14,-2.087672064464e-15,-5010.200051921,1.170676832003,-355.5369507563
10,5,627,4.000502699116e-16,2.13095413402e-14,-2.401572817492e-15,-4986.37567679,-1.954246188171,-357.1304169908
10,5,628,4.561623436537e-16,2.143545373356e-14,-2.660487423263e-15,-4899.35308176,1.871964369699,-359.2880901154
10,5,629,3.740116807865e-16,2.133836626489e-14,-2.775341573478e-15,-5053.798135483,0.8386566045575,-355.5602820978
10,5,630,3.53216380956e-16,2.122864176236e-14,-1.296915056502e-15,-4857.294474035,1.517964862158,-355.3579489935
10,5,631,3.40668715022e-16,2.121835391258e-14,-3.051070307828e-15,-4853.205380273,1.44060644254,-354.2037954784
10,5,632,4.140717116512e-16,2.151252916211e-14,-2.462394453419e-15,-5041.844266301,0.9961973239385,-359.0906127758
10,5,633,4.584186513231e-16,2.150566703806e-14,-3.294050588123e-15,-4845.887139394,1.649997149096,-360.0487800083
10,5,634,3.611002149487e-16,2.109511202652e-14,-5.553680287353e-15,-4957.613939768,-5.67895704522,-352.3980057587
10,5,635,4.36047528023e-16,2.162548365853e-14,-2.759634904448e-15,-4828.619850578,2.153427136572,-361.7983831838
10,5,636,3.4795042792e-16,2.124568122955e-14,-8.255837610904e-15,-4958.548091295,-4.625225222504,-355.7752410387
10,5,637,4.698206959313e-16,2.162829846783e-14,-2.819548566021e-15,-4853.838860704,-0.5993844722365,-361.1064517931
10,5,638,4.730706666582e-16,2.147221394611e-14,-6.509472480345e-15,-4903.313938205,-0.4091704172163,-358.8403838189
10,5,639,4.304472880093e-16,2.126240955397e-14,-2.446922293708e-15,-4800.4487054,-3.742730908996,-355.9224767356
10,5,640,4.288819278478e-16,2.135411905858e-14,-1.445443854694e-15,-5097.363116248,1.28257317339,-357.5277750491
10,5,641,3.968955042796e-16,2.113330346202e-14,-2.374915733417e-15,-4841.061964254,3.594183190011,-353.4975141569
10,5,642,3.973059490232e-16,2.129496086962e-14,-3.780023963828e-15,-4784.681896582,4.356055256608,-356.499793752
10,5,643,3.896381555383e-16,2.151356477409e-14,-1.510874578124e-15,-4900.608485193,1.237290799223,-359.5010727096
10,5,644,3.664645463902e-16,2.139381780476e-14,-5.856223845722e-16,-4920.469745091,-2.326080285416,-357.9684141978
10,5,645,4.015789059532e-16,2.137864369634e-14,1.262734274231e-16,-4771.664136122,3.325855066247,-356.546031252
10,5,646,3.935220911203e-16,2.153350667284e-14,-2.992819520924e-15,-4990.466324573,3.594632045996,-360.1620927589
10,5,647,4.157431712192e-16,2.118425014551e-14,-3.114828627599e-16,-4890.876658839,-0.954157913814,-353.7716156563
10,5,648,3.914673103611e-16,2.134365481223e-14,1.03896250235e-15,-5116.831178019,-3.639365025248,-356.3113187631
10,5,649,4.397428702167e-16,2.142422778178e-14,-3.622440886392e-15,-4905.658014399,-6.42050061236,-357.7651754994
10,5,650,3.513448636675e-16,2.135506026818e-14,-3.478797687512e-15,-5011.971566331,0.3305503760644,-356.6804112073
10,5,651,4.479537338486e-16,2.139581094183e-14,-5.127855737042e-15,-5090.089361812,-3.029051571732,-356.9101154348
10,5,652,4.224317157896e-16,2.138993484411e-14,-3.639873139041e-15,-4888.3330692,-5.033734826921,-357.6127887359
10,5,653,4.579206928412e-16,2.141518643411e-14,-5.747836975081e-16,-4882.750066549,-0.5604054241625,-356.6793308929
10,5,654,3.544488478961e-16,2.142912894815e-14,-4.581049845978e-15,-4937.672098964,0.2148609259313,-357.751917242
10,5,655,4.008611723799e-16,2.141834370241e-14,3.46484255138e-15,-4908.366472339,-1.611570584661,-358.073729917
10,5,656,4.099633284313e-16,2.142351761563e-14,-4.959234423313e-15,-4901.47152683,-2.117299738835,-357.846354388
10,5,657,4.191675639129e-16,2.159682007572e-14,-2.620307956726e-15,-4864.819748465,-0.2573431822493,-360.7473157051
10,5,658,3.971511276011e-16,2.132955794962e-14,1.599428891817e-15,-4551.559760362,2.102229013829,-356.4915468615
10,5,659,3.525420277797e-16,2.159967252576e-14,-2.265511903183e-15,-4957.840638861,3.365406424945,-359.9718773556
10,5,660,4.392459095985e-16,2.15247682498e-14,-2.236845994386e-15,-5089.435559848,-3.226163795726,-359.9163822875
10,5,661,4.076827469429e-16,2.150382780085e-14,2.81860414606e-15,-4935.721486723,0.7825102142316,-358.9059654836
10,5,662,4.590179614203e-16,2.142053788001e-14,-2.594399392461e-15,-4915.069540372,3.023618271714,-357.6728703644
10,5,663,3.684113453217e-16,2.159084031208e-14,-1.460691722626e-16,-4851.908650385,-0.8430072505469,-360.1731585889
10,5,664,3.820364595551e-16,2.133149876344e-14,-4.965440697003e-15,-5072.336902594,-1.706143760566,-355.915645702
10,5,665,3.610550393526e-16,2.148525223059e-14,-5.169018777787e-15,-4838.470687013,2.959991175698,-359.7612937033
10,5,666,3.55282613877e-16,2.131982452744e-14,-5.072095509131e-16,-4867.452010204,-1.156827939577,-356.4271702108
10,5,667,4.292102278775e-16,2.133433509959e-14,-2.539937789614e-15,-4759.67374095,-1.692910028162,-356.6594765367
10,5,668,4.180360278264e-16,2.120206905356e-14,-1.68772415534e-15,-4918.293026293,5.49171663297,-354.9364413558
10,5,669,4.351524889708e-16,2.151028955025e-14,-1.957051563235e-15,-4798.329677106,-2.314870309639,-359.9169779855
10,5,670,4.486777773403e-16,2.137623038758e-14,-2.719397218732e-15,-4734.169749026,1.514741459617,-355.6603059433
10,5,671,4.911918045263e-16,2.151177143807e-14,-3.756900961794e-15,-4889.027758066,0.720288077621,-359.7611549098
10,5,672,4.803787618468e-16,2.148258846223e-14,-4.343499465368e-15,-4941.533692269,-4.456982822326,-359.4097334882
10,5,673,4.298841275299e-16,2.130253855045e-14,-5.317515967371e-15,-4809.072486241,3.036541682152,-356.0067067682
10,5,674,3.709371533815e-16,2.115325879193e-14,-2.629955651764e-15,-4892.694819325,0.9981399293887,-352.9344932595
10,5,675,3.289679837863e-16,2.137465562463e-14,-2.837741107338e-15,-4733.06885729,-1.144182953245,-357.6349397326
10,5,676,3.94748762739e-16,2.113715981837e-14,-2.57469936844e-15,-5084.728858569,2.066214913039,-353.8324369861
10,5,677,4.378605694687e-16,2.139481408521e-14,-1.218856437168e-15,-4968.959962157,2.257941593145,-356.8918844031
10,5,678,4.265415418269e-16,2.142734377479e-14,-5.327161785005e-16,-4993.319168508,0.8275614219703,-357.6863778529
10,5,679,3.91107013009e-16,2.141187315378e-14,-1.39459761332e-15,-4751.421664952,4.12466772514,-358.0674225602
10,5,680,4.164735544708e-16,2.130801309912e-14,-4.335504749308e-15,-4761.564795658,-6.266931269978,-355.3070643733
10,5,681,3.750240174723e-16,2.13015302339e-14,-4.900339274302e-15,-4887.017816263,0.5243235390339,-355.4082330951
10,5,682,3.950809983587e-16,2.127536044143e-14,-1.542895485537e-15,-4817.845970843,-5.230645439206,-356.4629224513
10,5,683,4.580019162941e-16,2.156277057019e-14,-1.49439784562e-15,-4902.274488273,0.3194881157104,-360.4300656129
10,5,684,3.790844867902e-16,2.139810024468e-14,-3.101134531461e-15,-4853.53109126,-1.63789154047,-356.4360678504
10,5,685,4.160325652209e-16,2.138897965398e-14,-7.612878817778e-16,-4888.677209409,-3.26697763757,-356.7778963126
10,5,686,4.464379082964e-16,2.137715672997e-14,-1.670053384887e-15,-4853.985876031,-0.2744797707757,-358.4889190319
10,5,687,3.93282559461e-16,2.138171425816e-14,-2.144659891979e-15,-5126.542372599,2.289606081614,-357.423714631
10,5,688,3.837773528313e-16,2.139532189852e-14,-4.447857963199e-15,-4987.456852399,0.03277668019777,-357.6824823182
10,5,689,4.249716580477e-16,2.133614125139e-14,1.471577845445e-15,-4888.129768933,-3.909164098746,-356.1055148831
10,5,690,4.267527840688e-16,2.154102831767e-14,-2.12132748813e-15,-4921.760170136,-0.572087235876,-360.8655783546
10,5,691,3.353247030829e-16,2.14847287323e-14,-2.855677320077e-15,-4803.062938935,-1.75488248304,-359.3567452826
10,5,692,3.544073958794e-16,2.131666459382e-14,-1.469215493705e-15,-5036.323971982,2.449196600398,-356.5424182512
10,5,693,4.538359791236e-16,2.130880416639e-14,-3.692914626211e-15,-4754.203390747,1.139207673129,-356.125705139
10,5,694,3.508488737169e-16,2.126501235621e-14,-1.049646582567e-16,-4936.440413353,-0.6902232833663,-354.7195898634
10,5,695,4.124130988403e-16,2.14350016169e-14,1.237167500248e-16,-4940.463075269,0.5509292770542,-357.8142477848
10,5,696,3.30760753679e-16,2.163208746698e-14,-2.105450609924e-15,-4788.074968377,-3.396195867796,-361.580765964
10,5,697,4.289095550903e-16,2.16506249472e-14,-4.954387546622e-15,-4882.56515206,2.923150430014,-361.3191424839
10,5,698,4.331234693436e-16,2.142440338524e-14,-6.91400618519e-15,-4731.924869296,5.539245791556,-359.1398838798
10,5,699,4.207907188029e-16,2.145265562245e-14,-6.352440331371e-15,-4768.776767529,0.203244762344,-358.986372005
10,5,700,3.988862764615e-16,2.136832727444e-14,-1.015290223721e-15,-4960.15752061,2.231468118573,-357.3820554806
10,5,701,3.818954098011e-16,2.121267257601e-14,-1.901282633053e-15,-4860.975943668,-3.391537398058,-354.9844334089
10,5,702,3.975799214713e-16,2.117193409096e-14,-3.04980502233e-15,-5167.159319403,-3.836237915697,-353.8780331805
10,5,703,4.034976088955e-16,2.136371663918e-14,1.589689362953e-15,-4965.410620024,3.460164165781,-355.5614787465
10,5,704,4.231637644338e-16,2.159729294653e-14,-2.184786234941e-15,-4898.046588012,2.246141300882,-359.9654120572
10,5,705,4.359638087933e-16,2.141907848534e-14,-3.728446222601e-15,-5063.693010229,-3.712059181448,-357.0575905413
10,5,706,3.571748254559e-16,2.147343516454e-14,-1.563123695174e-15,-4853.162770281,9.497035807068,-358.9895003614
10,5,707,3.210381048288e-16,2.159359111416e-14,-4.274945371177e-15,-4927.379023151,-0.855534916397,-360.3527028251
10,5,708,3.966113283029e-16,2.136674195141e-14,4.015308757173e-17,-4831.559770546,-0.4644069246799,-357.0420159187
10,5,709,3.169659996842e-16,2.155989262658e-14,-5.170303319433e-15,-4891.087320128,0.3931906469874,-359.5257550762
10,5,710,3.359674210969e-16,2.119750184641e-14,-1.274216839478e-15,-4990.858992232,-2.883940790516,-353.7533146213
10,5,711,4.434402036061e-16,2.137962405952e-14,-1.600309010901e-15,-5041.360562791,2.386107374068,-356.9571379139
10,5,712,3.469626055218e-16,2.133388592486e-14,9.863282737493e-16,-4784.399933293,6.296019461512,-356.3556525385
10,5,713,4.423836026932e-16,2.145292512065e-14,-2.750483726264e-15,-4893.183466263,3.941716344575,-358.4347441767
10,5,714,4.271516441564e-16,2.148081726886e-14,-1.241942777093e-15,-4686.581038874,-1.133768203194,-359.1851857596
10,5,715,3.847636846145e-16,2.147116567775e-14,-4.921589413817e-15,-4842.12166671,-1.540245998579,-358.9192025041
10,5,716,3.440012193237e-16,2.148549772778e-14,-1.514725234153e-15,-4804.203167157,-5.348534937667,-358.560634413
10,5,717,4.459465399271e-16,2.150027063392e-14,-4.95973020949e-16,-4839.847648799,0.06442412325992,-359.5317655031
10,5,718,3.812852497838e-16,2.103611438197e-14,-1.728770175496e-15,-4633.295422744,-5.047124760735,-351.3762465916
10,5,719,3.529583591654e-16,2.13156930258e-14,-9.50737933886e-16,-4829.748246267,0.7157848480583,-355.8879859621
10,5,720,4.223115242846e-16,2.155351256054e-14,-1.755078473813e-15,-4964.443135496,-0.9000302092232,-360.0727109896
10,5,721,4.079352012489e-16,2.138750238047e-14,-1.350758859228e-15,-4879.710086265,0.5387690368255,-358.0819520138
10,5,722,4.534915098198e-16,2.126460768671e-14,-4.404328404509e-16,-4997.409756127,-1.066348939721,-356.4063533081
10,5,723,3.609341310885e-16,2.151392518764e-14,-3.411383659372e-15,-4901.121256692,-6.030010447789,-359.4794787872
10,5,724,4.012929130121e-16,2.137485643078e-14,-1.212790693725e-15,-4886.473810309,2.202546751314,-356.9030141902
10,5,725,4.22465386774e-16,2.134047990608e-14,-2.167590960685e-15,-4857.441476876,0.6266182248174,-355.7638699379
10,5,726,3.77879942821e-16,2.144132537845e-14,-3.485390593471e-15,-4879.458811126,-8.06299444877,-358.5287608634
10,5,727,4.11018603838e-16,2.16336160621e-14,4.807825267034e-16,-4902.768640498,4.652820999493,-361.1172997266
10,5,728,3.42150092299e-16,2.143906605718e-14,1.210259677823e-15,-4847.754915842,-2.275094158749,-357.9193452309
10,5,729,3.706189755137e-16,2.152345898416e-14,-2.369058336989e-15,-4550.574555369,-1.553144985978,-359.5186860791
10,5,730,4.021514573827e-16,2.132016860094e-14,4.722244962658e-16,-4824.264401723,-3.301680551785,-357.1389395066
10,5,731,3.675419450849e-16,2.157262412278e-14,-4.447201101411e-16,-5026.363845843,3.827490369958,-360.0743799828
10,5,732,3.369669259757e-16,2.154696623277e-14,1.216138722264e-15,-4795.403053849,-5.791100159167,-358.8120540028
10,5,733,4.702572860948e-16,2.14111623805e-14,-4.036549162279e-16,-4795.819624585,0.381972795588,-358.3125338338
10,5,734,3.502406422508e-16,2.11928479139e-14,5.858467325371e-16,-4822.201459862,2.611568883402,-355.2196999602
10,5,735,3.872327906837e-16,2.14090137218e-14,-2.076213210105e-15,-4698.268149297,-2.372140395015,-358.5243580001
10,5,736,4.417556402677e-16,2.153411234232e-14,-5.464246383309e-15,-4810.762843285,-0.3540893374455,-359.3224928463
10,5,737,4.646026797849e-16,2.139145709253e-14,1.96198884517e-15,-4940.612888422,3.097822947909,-356.9512191633
10,5,738,4.233201206995e-16,2.124603057449e-14,-2.959937742521e-15,-4870.418984703,4.406748150411,-356.1818238912
10,5,739,3.844316712247e-16,2.143507466916e-14,-2.204602873081e-15,-4911.253477943,-1.81523813841,-358.7403815161
10,5,740,4.45862955656e-16,2.150377965715e-14,-2.64807949542e-15,-4930.39640834,-2.690089826868,-357.4245464294
10,5,741,3.615527748573e-16,2.12642454703e-14,-2.961341994935e-16,-4981.929138579,-2.180944704155,-354.5993162184
10,5,742,3.756582851692e-16,2.133718017967e-14,-2.261214666683e-15,-5095.974781224,-1.431277936371,-356.4837303279
10,5,743,4.320887934918e-16,2.160023415126e-14,5.997988111798e-17,-4870.651169047,-2.751993077172,-360.3578401434
10,5,744,4.650109532412e-16,2.170210259558e-14,-1.013920178253e-15,-4707.869086232,-0.8130852454516,-360.6640721631
10,5,745,4.08857892681e-16,2.131159493788e-14,-7.584933535164e-16,-4753.529742504,-0.7815530106345,-357.5344920388
10,5,746,4.701218692302e-16,2.156150159806e-14,-1.623759003149e-15,-4855.889762539,1.493849911935,-360.5776259266
10,5,747,4.294640641264e-16,2.148354229525e-14,-2.404022595418e-15,-4756.420343447,0.8834080930892,-359.4190440373
10,5,748,4.042644991857e-16,2.121443974421e-14,-1.818724471397e-15,-4852.805848311,1.241990171046,-355.5767951002
10,5,749,3.921829113587e-16,2.138525721984e-14,-1.6618685801e-15,-4855.619181205,2.749482692596,-356.8163423261
10,5,750,3.736881011805e-16,2.152372266247e-14,-1.776321836374e-15,-4981.68781564,-7.540901832256,-359.3581178741
10,5,751,3.799478865241e-16,2.145011684194e-14,-2.095896330124e-15,-4913.653909911,-2.660379232497,-357.7141953799
10,5,752,3.84183523292e-16,2.133380108113e-14,-1.637741194823e-15,-5054.379484605,-3.971500693447,-355.8091631172
10,5,753,4.118922185428e-16,2.132627369691e-14,-2.737392984533e-15,-4927.55799707,0.8868078877337,-356.9345403011
10,5,754,3.896441876764e-16,2.126814259628e-14,-2.118633842373e-15,-4912.821950445,-2.962853371525,-355.8723489998
10,5,755,4.137611614697e-16,2.158085094264e-14,-4.341284784922e-15,-4779.234196443,-0.4158593784974,-360.5737234215
10,5,756,4.436285985245e-16,2.145066316807e-14,-3.449521647439e-15,-4968.060082768,1.349928706298,-358.8018507115
10,5,757,4.558665240016e-16,2.137466382413e-14,-1.14433368652e-15,-4981.988727235,-0.743845221515,-357.0175666635
10,5,758,4.801877230834e-16,2.161909968724e-14,-3.930719963916e-15,-4928.955685794,-2.089721792176,-360.1799796122
10,5,759,3.419660738358e-16,2.134873862126e-14,-2.527609469147e-15,-4958.177389016,-0.09012115268102,-356.8204145858
10,5,760,4.12231964204e-16,2.159820733448e-14,-9.741636923542e-16,-5017.677295831,0.02762436578047,-360.4066349654
10,5,761,4.063869337546e-16,2.131170511595e-14,-1.053906237441e-15,-5089.946989329,-3.026719944314,-355.1771457724
10,5,762,4.069681200801e-16,2.140002825319e-14,-1.108229052704e-15,-4906.779796907,-3.119811208908,-357.0368305608
10,5,763,4.012835389538e-16,2.148358537123e-14,-4.272093149672e-15,-4996.243551805,2.896878696838,-358.8698300683
10,5,764,4.178833756126e-16,2.137685618598e-14,-3.501139379375e-15,-5138.22365919,1.309991158392,-357.8482624871
10,5,765,3.968881713715e-16,2.15203232499e-14,2.054642150655e-16,-4931.601801881,1.180887724864,-358.9757055286
10,5,766,4.632672963856e-16,2.166041782224e-14,-1.97923750115e-15,-4947.162905968,-3.633352661941,-361.5412416147
10,5,767,3.97670327241e-16,2.137192869189e-14,-7.393607928356e-16,-4883.397621676,-1.816867524866,-357.0497194132
10,5,768,3.909990066547e-16,2.119444932478e-14,-3.725813727532e-15,-5074.22401718,2.85917800664,-353.4761117631
10,5,769,3.262377726986e-16,2.147303751355e-14,-7.820324260546e-16,-4708.904556187,-0.3770071069532,-358.6729895256
10,5,770,4.525708303377e-16,2.146173625774e-14,-3.049027316193e-15,-4878.075582932,-0.7939347661563,-357.1769764372
10,5,771,4.178331842474e-16,2.155562401449e-14,-3.807828097034e-15,-5039.951570454,-1.075559004786,-360.4772060534
10,5,772,3.992795075275e-16,2.137202817895e-14,-2.071578121881e-15,-4920.143549983,4.153682594835,-357.7479311552
10,5,773,3.475809030104e-16,2.142642216248e-14,-9.782623382873e-16,-5006.18160217,2.505686356341,-358.2948499285
10,5,774,3.527658725791e-16,2.137709773167e-14,-2.952993352031e-15,-5055.290637651,-5.304755900504,-358.9289179624
10,5,775,3.696892343805e-16,2.144811037592e-14,-1.151500514752e-15,-4863.235701868,0.3846294572482,-358.0816530176
10,5,776,4.825079199782e-16,2.119676190051e-14,-1.830547971332e-15,-4837.634258275,2.582567181731,-354.4893243958
10,5,777,3.372375705598e-16,2.143311869727e-14,-1.34845068579e-15,-4964.559584934,-1.538359472922,-358.1549933163
10,5,778,3.615907875819e-16,2.14932999766e-14,-2.309920497175e-15,-4854.606861088,2.043620235895,-359.9626986261
10,5,779,3.615121953213e-16,2.135738925978e-14,-1.566816263265e-15,-5030.166780291,3.89506852942,-356.3322609563
10,5,780,3.869493005561e-16,2.14773705843e-14,-1.4709686222e-15,-4690.976811601,3.77749022142,-359.1148076183
10,5,781,4.232166925844e-16,2.157278075449e-14,3.61305415124e-15,-5012.659693149,5.546326135277,-360.9077462655
10,5,782,4.274452768488e-16,2.157236935672e-14,-2.826813298375e-15,-4864.702295777,-3.090208373871,-360.3420501631
10,5,783,3.505797046094e-16,2.113410284201e-14,-2.694276195808e-15,-4821.510833193,0.6895094762603,-353.809800285
10,5,784,4.30357836125e-16,2.131921627064e-14,-3.297484485739e-15,-4931.221609762,-1.266034544692,-356.9708160509
10,5,785,3.642243600812e-16,2.155197738771e-14,-4.058926566074e-15,-4979.79251175,-1.664348786745,-360.4732874223
10,5,786,3.609663142629e-16,2.136887139541e-14,-2.324613828187e-15,-4852.162189859,5.310542969238,-357.4289910132
10,5,787,4.142000330905e-16,2.137443540936e-14,-1.530294257358e-15,-4986.234370172,3.206240416052,-357.2743894976
10,5,788,4.020945585947e-16,2.139767696013e-14,1.225499225473e-15,-4740.353399789,1.694980998755,-356.1103894517
10,5,789,4.517284821386e-16,2.142612678316e-14,-9.292750499268e-17,-4856.754864374,3.173881018796,-357.7816184623
10,5,790,4.638125951573e-16,2.148231971128e-14,-2.076227881532e-15,-5012.521150926,-1.83975659936,-360.1253847845
10,5,791,3.364124092635e-16,2.137912166408e-14,-4.773243815397e-15,-4846.24552329,-3.456218129035,-357.4508236549
10,5,792,4.163134170328e-16,2.134272764939e-14,-1.665422767021e-15,-4904.102447114,3.096810317837,-356.182873795
10,5,793,3.635287331925e-16,2.132699405615e-14,-1.955199784659e-15,-4899.66178246,-1.843714719079,-356.1131166031
10,5,794,4.083297748054e-16,2.150320604504e-14,1.038108598542e-15,-4974.38023382,2.387483964866,-359.4010916
10,5,795,3.805113832412e-16,2.156077146771e-14,-2.897753778281e-15,-5001.963631296,-1.03020757798,-360.4304226026
10,5,796,4.124312154767e-16,2.144347898648e-14,-5.564933468061e-15,-4872.273388219,-3.21494941056,-359.6835847964
10,5,797,4.159192677538e-16,2.153105739364e-14,-2.415719837948e-15,-4740.8671678,-0.3981490238533,-359.8937165972
10,5,798,4.623679650624e-16,2.142599725848e-14,-2.751082619266e-15,-4922.158651857,-7.733759451785,-356.2216902222
10,5,799,3.746061439088e-16,2.141894802818e-14,-1.018917883688e-15,-4874.766175425,0.1618628857356,-357.7694044923
10,5,800,4.585538351614e-16,2.171663055321e-14,-2.605672141662e-15,-4956.833152531,-8.149457855506,-363.0418620377
10,5,801,3.635551238558e-16,2.155450662008e-14,-7.875349814207e-16,-5089.728424755,2.062245288137,-359.3987963988
10,5,802,4.281806510906e-16,2.127221912612e-14,-1.787167806619e-15,-4756.145364077,-3.125085595741,-355.7420425754
10,5,803,3.277805348684e-16,2.139964645238e-14,-1.826838716396e-15,-4864.806903709,4.907302238558,-356.7936588023
10,5,804,4.439057534639e-16,2.142589160313e-14,-4.625920736329e-15,-4628.92888319,-0.9503618005703,-357.2366231027
10,5,805,4.274685070051e-16,2.152595957775e-14,1.8307729197e-15,-4638.525225086,-1.993981550317,-358.7489674512
10,5,806,4.269365905032e-16,2.156871981276e-14,4.229384992208e-16,-4823.58291447,-8.837396898157,-359.8658891506
10,5,807,4.029482489172e-16,2.143661291621e-14,-3.629343377327e-15,-4806.083280503,3.853702272704,-357.9694028185
10,5,808,4.498885238752e-16,2.128452564035e-14,-4.202749333389e-15,-4831.645768772,6.931740993268,-356.3944198289
10,5,809,3.982632636315e-16,2.155902459114e-14,-4.090854089542e-15,-4983.631447659,-1.932673741914,-360.1652651289
10,5,810,3.621109334424e-16,2.110805196432e-14,-4.395828908378e-15,-4858.230720789,0.3979027262457,-353.3382494099
10,5,811,4.28981331253e-16,2.130608019812e-14,-8.74505681215e-16,-4898.794430955,-3.095988568774,-355.84311465
10,5,812,4.213715958956e-16,2.14306739679e-14,-1.893651853642e-16,-4872.123315068,4.183957195352,-357.5041346448
10,5,813,3.74751979027e-16,2.140645020073e-14,-5.505635369365e-15,-4684.422925759,-4.724827920908,-357.8556462112
10,5,814,3.774240870485e-16,2.158148870106e-14,1.866083609426e-15,-5145.715798261,-3.15739699582,-359.3743069495
10,5,815,4.44921902139e-16,2.142140959904e-14,-1.839903887584e-15,-4840.44927387,6.404700223955,-358.8956625084
10,5,816,3.413186350266e-16,2.134157446221e-14,-6.485075694157e-16,-4954.464231727,0.8350212227174,-355.90528193
10,5,817,4.480533228964e-16,2.166793367238e-14,-6.243776178804e-17,-4911.866085651,-2.668849170293,-360.6648201015
10,5,818,4.354912334288e-16,2.124139905304e-14,-1.473142932802e-15,-5027.949669971,-2.185871061096,-355.2525704228
10,5,819,4.254247882161e-16,2.149898327232e-14,-8.553733991772e-16,-4878.930137779,-3.822550694192,-359.3344471961
10,5,820,4.448384002062e-16,2.135414872354e-14,-1.797306329952e-15,-4934.416777096,-1.660469245095,-356.8428492468
10,5,821,3.847750954382e-16,2.151810772077e-14,-2.68238918402e-15,-4758.366941523,2.396081254636,-359.5300681934
10,5,822,3.845272955416e-16,2.157875194166e-14,-5.147302903235e-16,-5081.578512565,4.341507338163,-359.6138686347
10,5,823,4.136006111218e-16,2.147017946319e-14,-3.273956188154e-15,-4630.482123779,-6.928478819988,-358.295719159
10,5,824,3.936489312861e-16,2.148745573533e-14,3.813333162363e-16,-4840.769041536,-0.8875196018839,-359.4044202096
10,5,825,3.968449457298e-16,2.146085144678e-14,-9.388919227822e-16,-4854.868505563,-2.909716001799,-359.041528977
10,5,826,3.726023897654e-16,2.134720634706e-14,-3.582257142361e-15,-4747.612345834,-4.559962692615,-356.5125042754
10,5,827,3.455627040422e-16,2.1530864711e-14,2.236566902548e-15,-4852.678485769,-0.5008724227198,-359.3334546952
10,5,828,4.01689693926e-16,2.144193143854e-14,-2.716424251509e-15,-5091.793899759,-1.526119464506,-358.9110417759
10,5,829,3.876183691546e-16,2.119230470076e-14,-1.940003914982e-15,-4794.409514587,-3.389010559422,-355.047049899
10,5,830,4.206884775843e-16,2.119318569843e-14,-2.841611391294e-15,-5012.675879996,-1.974599706855,-354.4479556264
10,5,831,3.489777812347e-16,2.120791473361e-14,-4.552040249214e-15,-4845.671009535,-4.793382776308,-354.9170305934
10,5,832,4.343948193193e-16,2.158298214623e-14,-2.284915948223e-15,-4842.482001682,-3.264263372897,-359.3548806542
10,5,833,4.33469240675e-16,2.138970078108e-14,-2.460791546528e-15,-4700.858778941,-1.495580629557,-357.5201031359
10,5,834,3.742178983063e-16,2.156495798407e-14,3.770331029934e-16,-4851.007142657,0.5917909604734,-360.3510218268
10,5,835,3.940822249653e-16,2.124921279695e-14,-3.006310609479e-15,-4901.625740984,-3.950540401495,-355.2174796524
10,5,836,3.744750968246e-16,2.137603458256e-14,-2.154553598832e-15,-4812.960364342,-1.124749417915,-356.256642732
10,5,837,4.533585618258e-16,2.157800338758e-14,-2.842196064906e-15,-4869.915269513,0.3751826832813,-360.3906165991
10,5,838,3.873837828284e-16,2.13392747294e-14,2.199307832571e-16,-4839.277485173,0.5316618109472,-356.5923674791
10,5,839,3.983208977536e-16,2.150065064166e-14,-3.777085603568e-16,-4782.584921447,3.533902028558,-359.1080462304
10,5,840,3.412722406379e-16,2.129177404073e-14,-2.856136509306e-15,-5060.264738845,-0.1616464362479,-357.2006865622
10,5,841,3.544526185534e-16,2.131694129342e-14,-2.271744502395e-15,-4930.451254904,0.8387039998241,-357.2401085641
10,5,842,4.114275330805e-16,2.120022037431e-14,-2.898129548419e-15,-5003.393030107,0.2376722128891,-354.9932166131
10,5,843,4.001535703704e-16,2.140269949209e-14,-2.41070909868e-15,-4880.702033248,-0.1031042516201,-358.3315105324
10,5,844,4.042122467901e-16,2.126426474416e-14,-5.027410207584e-15,-4875.578522593,-0.9401833984947,-354.4909837101
10,5,845,4.322489435655e-16,2.179497298365e-14,-5.429028106539e-15,-4803.788436164,0.7094540673216,-365.2278963097
10,5,846,4.262828785011e-16,2.158590920116e-14,-2.791139574607e-15,-5096.174459965,1.521352816219,-360.9596528811
10,5,847,3.833020681176e-16,2.15868228274e-14,-3.052499505766e-15,-4910.453284403,-3.006948191545,-361.0370767587
10,5,848,3.78562916684e-16,2.135054753989e-14,1.884486461426e-15,-4941.489179056,7.185594093368,-357.1955161156
10,5,849,3.843094365881e-16,2.150135061834e-14,-1.332884318232e-15,-4860.917289432,-0.6077304400545,-359.1286963359
10,5,850,4.297808374995e-16,2.120217292537e-14,-8.45005704623e-16,-4966.003665914,4.359477675437,-354.3515877577
10,5,851,4.195379186879e-16,2.134649246227e-14,-5.018487746504e-15,-4777.372530324,1.794697033833,-357.0464441909
10,5,852,4.481595889123e-16,2.129690610555e-14,-9.143489388967e-16,-4891.786253578,-2.134620390559,-355.9801721148
10,5,853,3.751249571213e-16,2.107282194516e-14,-3.039877637958e-15,-4834.498294268,-2.009591519111,-352.134977571
10,5,854,3.415032860796e-16,2.139254557721e-14,-1.384113578584e-15,-5081.063081441,-3.674631452741,-356.4787920731
10,5,855,4.048516382846e-16,2.144542894193e-14,-1.123058865764e-15,-4924.794944387,1.968339354514,-359.6495761599
10,5,856,3.911537393616e-16,2.124446057896e-14,-1.529280041413e-15,-4841.441790215,-2.724065347538,-355.1007583319
10,5,857,3.577707591476e-16,2.15743971709e-14,-9.085373366067e-16,-4802.004394487,-1.689149146477,-360.7915174838
10,5,858,3.994847529606e-16,2.146488738961e-14,-3.448532523092e-15,-4946.985121863,-0.1891877539099,-358.2082604738
10,5,859,3.593998884552e-16,2.131137939868e-14,2.572779761066e-16,-4690.899640121,0.1740372183781,-355.1820025837
10,5,860,4.680750930882e-16,2.15914747383e-14,-2.868566637943e-16,-4919.319524977,2.229757424713,-360.2203467074
10,5,861,4.409444552278e-16,2.136832959175e-14,-1.216944161961e-15,-4943.444626537,-1.385690106319,-357.1515193024
10,5,862,3.997163290774e-16,2.136295925521e-14,-6.434337155212e-15,-4952.942712984,1.656652428578,-356.7400985086
10,5,863,3.290262971979e-16,2.144761158281e-14,-2.35305917465e-15,-4891.204170205,-1.585008837025,-358.2505876749
10,5,864,3.912000769382e-16,2.157773248196e-14,-6.698825809219e-15,-4794.270616118,1.378266263236,-359.927041756
10,5,865,4.618889604913e-16,2.125318352519e-14,-1.071486820104e-15,-4945.337053192,-0.6816999079298,-354.9273940213
10,5,866,3.801654274806e-16,2.145981389116e-14,8.653441346993e-16,-4843.165787676,4.873877003161,-357.6275294116
10,5,867,4.457808732597e-16,2.134662894932e-14,-5.660217705125e-15,-4808.458895398,4.721685249762,-355.1671859157
10,5,868,4.11487737941e-16,2.153112721086e-14,-2.328135227244e-15,-4823.7081208,-3.052939614454,-360.393187697
10,5,869,3.95881917697e-16,2.147065069256e-14,-2.755335224969e-15,-4931.929476682,-0.4989729399413,-358.1034449445
10,5,870,2.860499663408e-16,2.122152943686e-14,-4.04232156457e-15,-4901.013503043,-2.940724043201,-355.4028960245
10,5,871,4.334603995338e-16,2.138600589536e-14,-1.663538640157e-15,-4983.319020276,-3.044980221946,-358.2451375822
10,5,872,4.23784521398e-16,2.133540092585e-14,-1.095471668142e-15,-4940.327750193,2.138926258376,-356.9804115663
10,5,873,4.449134508611e-16,2.15729633003e-14,-3.73952870512e-15,-4723.587879621,-1.855708807958,-359.32733575
10,5,874,3.4298732888e-16,2.124161220085e-14,-2.631199143123e-15,-4967.621163371,0.9498860775121,-354.4585027171
10,5,875,4.075608452427e-16,2.137229219045e-14,-3.16472882323e-15,-4972.492286427,0.7191646044259,-357.511271619
10,5,876,3.818212477783e-16,2.139262785151e-14,6.002612577527e-16,-4899.704335032,1.768550935742,-357.5401833422
10,5,877,4.555999769454e-16,2.143628977953e-14,-1.805322963934e-15,-4853.474253702,2.572060515958,-358.4618980067
10,5,878,3.63328385349e-16,2.146655801565e-14,-3.559071782885e-16,-5086.810303669,8.294427658416,-358.3125788742
10,5,879,4.101455527816e-16,2.141394824324e-14,-6.382110142058e-15,-4872.14567859,3.102963202098,-358.0989026799
10,5,880,4.712433783953e-16,2.117472201204e-14,-1.525346406773e-15,-4687.906764061,-3.215560420156,-354.5370223853
10,5,881,3.497809846623e-16,2.139433842803e-14,-2.249285705932e-15,-4968.24886089,6.77390730245,-357.0840243842
10,5,882,4.390424992956e-16,2.127710372077e-14,-2.058501843096e-15,-4858.438763937,-0.9462163209456,-355.8254676137
10,5,883,4.018231961312e-16,2.169958046599e-14,-2.113827324809e-15,-4814.041234875,0.9075243138816,-361.4850467399
10,5,884,4.112773791237e-16,2.154382196156e-14,-1.127320398525e-15,-4851.121615589,1.104778357652,-359.5236819804
10,5,885,4.074720674596e-16,2.138550969569e-14,-4.384551902884e-15,-4867.120484229,1.720913503403,-357.3620158815
10,5,886,4.023088792535e-16,2.131263308278e-14,-2.957056160652e-15,-4997.286167203,-3.429980803013,-356.6007000162
10,5,887,3.905053635438e-16,2.15069656603e-14,-4.935837100797e-15,-4776.702240984,0.02889584118233,-358.8126067905
10,5,888,3.991318736486e-16,2.146354463687e-14,-4.174425771663e-15,-4958.245873072,-4.459917911833,-356.975064859
10,5,889,4.212848466644e-16,2.141211357146e-14,-3.076542972282e-15,-4943.52948226,-5.25772215744,-358.2124406252
10,5,890,3.699768192285e-16,2.114300726719e-14,-2.245071791606e-15,-4808.663080375,4.368085929199,-353.1732969962
10,5,891,5.002804157282e-16,2.167664645382e-14,-2.134146120646e-15,-4856.506782081,-5.765771296297,-361.1846327545
10,5,892,3.972003259833e-16,2.125094952973e-14,-1.39784021336e-15,-4842.546275769,6.190408237573,-355.1305340196
10,5,893,3.868238020157e-16,2.13392927119e-14,-1.269502406835e-15,-4810.700874709,-3.045831916901,-356.3842866662
10,5,894,3.337400579468e-16,2.124260787541e-14,-2.066284566345e-15,-4836.613463308,2.545394913544,-355.1965330235
10,5,895,3.609374729913e-16,2.139909716545e-14,-2.84299521325e-15,-4975.88154073,3.199803965549,-358.2877886566
10,5,896,3.711119982791e-16,2.146453252782e-14,-4.918572968761e-15,-4863.429812156,1.03322765548,-358.9810057781
10,5,897,3.689281262539e-16,2.142954781213e-14,2.005919365298e-16,-4919.74572578,4.218749707526,-358.3761075986
10,5,898,4.599311704748e-16,2.147504882075e-14,-5.077572657701e-15,-5039.781412969,3.735960913216,-358.9463320671
10,5,899,4.077815154833e-16,2.139139846824e-14,-5.094617747475e-15,-4840.931380906,-3.736400216734,-357.3381496452
10,5,900,4.086941050841e-16,2.146305072656e-14,-4.341766152128e-15,-4778.037653785,-4.391352221509,-357.8229094354
10,5,901,3.892611031724e-16,2.144463226987e-14,-1.539856940591e-15,-4899.155586162,-2.297285963085,-357.3193585987
10,5,902,4.346215166645e-16,2.145362340603e-14,4.457606754502e-16,-4859.418826658,4.240883506367,-359.1177671166
10,5,903,4.25628750823e-16,2.138302932471e-14,-1.029543260326e-15,-4919.888220575,-2.393781157667,-356.4586358934
10,5,904,3.433054426994e-16,2.123780426037e-14,-1.083634805908e-15,-4930.705072561,3.470101425176,-355.2456522544
10,5,905,3.775357903741e-16,2.135394635649e-14,-5.880068430236e-15,-4799.338513575,-3.046516739288,-356.5653112466
10,5,906,4.243180478798e-16,2.141225520858e-14,-2.796502456119e-15,-4901.189319782,-4.946527839724,-358.2136364868
10,5,907,3.649270609604e-16,2.138133079114e-14,-1.704574503584e-16,-4777.161769634,0.01413771348631,-356.6513661903
10,5,908,4.541263978184e-16,2.134520802889e-14,4.379469366871e-16,-4786.95563449,-5.258535363996,-356.6713886614
10,5,909,3.456983252187e-16,2.152773080829e-14,-4.94425863964e-15,-4983.035486224,2.230386841763,-358.906664663
10,5,910,4.408998341214e-16,2.149936917232e-14,-3.56177944683e-15,-4999.909398422,0.05953030272053,-359.5469204266
10,5,911,3.753685810641e-16,2.144625207043e-14,-2.736768283348e-15,-4942.440194459,-3.442253406384,-358.9948138836
10,5,912,4.163713052558e-16,2.153988952604e-14,-2.845506820645e-15,-4737.365938351,3.272018943428,-359.6658315235
10,5,913,4.648617060968e-16,2.144247057704e-14,4.413466586133e-16,-4750.212781559,-6.653172645642,-356.9052109904
10,5,914,4.364209810201e-16,2.149469642063e-14,1.193550307518e-15,-4834.072171373,0.7979797087362,-360.4735563011
10,5,915,3.888172288834e-16,2.133144949793e-14,-4.902063124674e-15,-5025.724435623,0.4150265944246,-356.5764180326
10,5,916,4.247102695167e-16,2.13915918369e-14,-3.825349433261e-15,-5060.175389543,2.525508866443,-357.094197818
10,5,917,4.416181804082e-16,2.120460274338e-14,-2.629566643699e-15,-5004.199832369,-5.293574226396,-355.4159458881
10,5,918,3.838670858829e-16,2.154032161905e-14,2.240400853941e-16,-4748.921589683,-0.5998480524838,-359.2444144924
10,5,919,5.165135423838e-16,2.106796355978e-14,-2.345860975397e-15,-4874.396554194,-3.500577335894,-352.2121535452
10,5,920,3.817367928485e-16,2.124925805479e-14,-3.544749865467e-15,-4823.717744347,1.976841750875,-354.8586227276
10,5,921,4.246702503837e-16,2.15642430652e-14,-2.306953661929e-15,-5258.216923064,3.408336696213,-359.9122685567
10,5,922,3.957068400092e-16,2.146248812772e-14,-3.105662146526e-15,-4903.074302997,2.297069699442,-358.7569251177
10,5,923,3.444518735571e-16,2.13860229968e-14,-3.982804637364e-15,-4864.601468143,0.1927931201724,-358.015831829
10,5,924,4.204581264923e-16,2.133871315944e-14,4.873705406108e-16,-4962.341098262,-1.698191163904,-356.3070365649
10,5,925,4.368757221512e-16,2.136017504437e-14,-2.915768214193e-15,-4770.888821269,-1.583419894901,-357.1274618007
10,5,926,4.086050535655e-16,2.140760998958e-14,-8.292237566812e-17,-4772.619765629,-5.59698007668,-357.8870930538
10,5,927,4.492649370732e-16,2.147988907606e-14,-2.914316443532e-15,-5054.151058915,1.406561087956,-358.7905177146
10,5,928,3.903192579744e-16,2.120022855512e-14,-3.767547132951e-15,-5025.110340523,-5.049086505411,-354.8304667859
10,5,929,3.815696246913e-16,2.120070345359e-14,6.191824597661e-16,-4985.372029998,0.183757475244,-355.4953165401
10,5,930,3.599272502031e-16,2.145383416487e-14,-3.905301928742e-15,-4921.063352393,2.138173209461,-358.0462431625
10,5,931,3.696198856054e-16,2.126042594674e-14,-3.145683310084e-15,-4831.243430501,-0.658609025433,-354.9773437656
10,5,932,4.163814038092e-16,2.148882398713e-14,4.543386129249e-16,-4878.665508252,-4.232247205242,-360.2514582001
10,5,933,3.416383122821e-16,2.130267389023e-14,-3.155059645902e-15,-5164.216652759,-2.720784052851,-356.351913756
10,5,934,3.809616637694e-16,2.130901629838e-14,1.04452730812e-16,-4833.252379632,-2.294306538746,-356.1206643841
10,5,935,3.946982443917e-16,2.150942234329e-14,-1.232046745888e-15,-4781.687287406,-1.306249192323,-360.2876130153
10,5,936,3.924967790379e-16,2.109130209459e-14,-7.301309501432e-16,-5035.781064953,-2.621211631397,-352.0696386206
10,5,937,4.44001908268e-16,2.148998562533e-14,-2.318927979651e-15,-4865.850478566,-0.05492669032476,-359.3120165103
10,5,938,3.329891396128e-16,2.128908560016e-14,-1.595149132609e-15,-5004.298002434,-0.1473730987607,-355.0768966575
10,5,939,3.936982869333e-16,2.142559885933e-14,-2.680631006961e-15,-4797.784415056,-2.768033184548,-359.043296115
10,5,940,4.186776905222e-16,2.128799568151e-14,-4.664658837326e-15,-4899.31126645,0.7606002694468,-355.6633896558
10,5,941,3.869035127642e-16,2.167037748251e-14,-4.4349376793e-15,-4916.470699721,5.545995946789,-361.5547963078
10,5,942,3.402175972425e-16,2.148065059913e-14,-6.893358436454e-17,-4755.785493215,2.504497647056,-358.6241547999
10,5,943,4.656588707987e-16,2.154622176039e-14,-9.39791579888e-16,-4864.937961862,-1.94021385744,-360.2819557125
10,5,944,4.557186376439e-16,2.137544229477e-14,-3.17952086807e-15,-4884.846191455,3.060349864555,-356.0297882885
10,5,945,4.318578515911e-16,2.151325839295e-14,-2.016379996583e-15,-5010.214610841,2.219674971845,-358.3643775645
10,5,946,4.145023288034e-16,2.149882741828e-14,2.088152007954e-15,-4760.402953981,3.180267356874,-359.3128708667
10,5,947,3.398781667712e-16,2.161142363495e-14,-3.299716996567e-15,-4791.840008689,-1.034741319465,-360.6036631539
10,5,948,3.667530184394e-16,2.136618007108e-14,-2.523373485221e-15,-4927.196034463,6.208528204943,-356.5159954716
10,5,949,4.242530018322e-16,2.148332432804e-14,-2.163161781746e-15,-4935.184983746,-2.681161172739,-357.8144579998
10,5,950,3.634352641648e-16,2.12124097179e-14,-4.008682294025e-15,-4985.070524971,0.1004314805554,-352.8540758435
10,5,951,4.269927864026e-16,2.148657274975e-14,-1.561437809787e-15,-4839.686835684,5.077929818368,-358.5003892749
10,5,952,3.827190328147e-16,2.159295764932e-14,-4.505583472775e-15,-4935.499043862,-1.086115033233,-360.0759688746
10,5,953,4.413874625835e-16,2.149123211085e-14,-2.297757046257e-15,-4804.585347984,-0.5230449593064,-358.6384662212
10,5,954,3.719552178385e-16,2.125150511644e-14,-4.581826796211e-15,-4872.085489792,-0.6772105582583,-356.5755336564
10,5,955,3.409921524754e-16,2.149870171662e-14,1.501700567741e-15,-4911.646939284,3.475368900754,-358.7517618921
10,5,956,4.9363320489e-16,2.135321436256e-14,-2.14447894983e-15,-5187.302314546,-1.282912097544,-356.4813891338
10,5,957,3.900003693704e-16,2.129782965898e-14,-1.360344472415e-16,-4818.664945553,-6.657296335499,-355.5690951942
10,5,958,3.510513223375e-16,2.130201530361e-14,-4.808387517907e-16,-4733.141644723,5.506572573573,-356.5274409063
10,5,959,3.552349974662e-16,2.13626409422e-14,-2.192456046342e-15,-4878.356956734,2.09619393312,-356.8340470441
10,5,960,4.164231293519e-16,2.146381638808e-14,5.404934159468e-16,-4874.390669189,-0.9388001933162,-357.8653778857
10,5,961,4.38631837383e-16,2.155620313245e-14,-4.89711926656e-15,-4930.214422174,-4.510168483358,-360.3515158888
10,5,962,4.0588738674e-16,2.154472222457e-14,-2.491030982509e-15,-4868.882620015,3.590684500935,-359.4104785405
10,5,963,4.092676089324e-16,2.12374940694e-14,-1.767092319852e-15,-4804.646418407,3.014300772916,-355.2134362139
10,5,964,4.72722212317e-16,2.158830838006e-14,-2.208790739597e-15,-4965.721004592,-0.8868948901966,-360.4321085607
10,5,965,4.404108929158e-16,2.145096747201e-14,4.052837652246e-17,-4865.74552987,2.422028955297,-358.7226854834
10,5,966,4.424247703683e-16,2.1402881425e-14,-7.722457683623e-16,-4857.049386857,2.990220643472,-358.0508339771
10,5,967,4.20251923234e-16,2.141942822381e-14,-2.978011780239e-15,-4993.765026258,0.4687124228447,-358.4929087228
10,5,968,3.969791436341e-16,2.143144629357e-14,-2.90773290629e-15,-4804.308489403,2.628902232233,-358.0456867082
10,5,969,4.372433026498e-16,2.144839257767e-14,-2.177146173879e-15,-4954.873989066,2.934921960234,-359.762528453
10,5,970,4.610817805761e-16,2.156717401208e-14,-5.531584911462e-15,-4862.647916721,-2.342804412825,-360.3890186313
10,5,971,3.713209846309e-16,2.133655278654e-14,-5.226645761244e-15,-4719.489422425,4.106999682537,-356.6501589032
10,5,972,4.102746692728e-16,2.146915560726e-14,-1.018962404618e-15,-4817.596273913,0.1479659545874,-358.3740954404
10,5,973,4.317050868936e-16,2.146517760057e-14,-1.807969623563e-15,-4927.514353006,1.373507067924,-357.6123251408
10,5,974,4.179807599612e-16,2.15874735769e-14,-1.295228230106e-15,-4789.255928351,-4.215346166483,-359.7931538527
10,5,975,4.655257292136e-16,2.123212098662e-14,-2.754264388014e-15,-4908.873922424,2.227238369687,-354.5550610757
10,5,976,3.576899744797e-16,2.151350031388e-14,-6.746329783744e-16,-4992.354658337,-1.592683617278,-358.5357820645
10,5,977,3.839123836484e-16,2.134494382129e-14,-3.919238098253e-16,-4962.300613383,-4.809043091056,-356.9963717598
10,5,978,3.160026069232e-16,2.140232444907e-14,-3.715225713901e-15,-4985.4279498,-5.454479460895,-357.3798451599
10,5,979,3.792290982842e-16,2.147856457778e-14,-2.170031039975e-15,-4841.802918764,-0.3252347737543,-360.0040069574
10,5,980,3.712422864664e-16,2.12473829026e-14,-1.688329381861e-15,-4728.505409722,3.022246065878,-354.4955143015
10,5,981,4.305384254835e-16,2.132235968054e-14,-5.259829392985e-15,-4981.200811269,-3.384342940871,-356.3989914542
10,5,982,4.32754539181e-16,2.126795420352e-14,-3.035846180411e-16,-4811.441620516,-0.6948885730368,-355.1631589087
10,5,983,4.706023865973e-16,2.163709385493e-14,-1.57804770345e-15,-5021.388794506,2.011387671698,-361.2080640834
10,5,984,3.87454028355e-16,2.13915335431e-14,-3.153509199027e-15,-4936.557167618,-1.569373176056,-357.3989910603
10,5,985,3.802449049213e-16,2.153402927125e-14,-3.136715773527e-15,-4936.058493759,-0.8601433794916,-358.5211398391
10,5,986,4.67420819792e-16,2.161438519321e-14,-1.547747877962e-15,-4747.61062389,3.817865160304,-360.1608614704
10,5,987,3.928405961719e-16,2.134237158159e-14,-4.817349526076e-16,-4987.647954075,1.301328284074,-356.4096304595
10,5,988,4.473750856525e-16,2.165896369433e-14,-2.529478277619e-16,-4927.5780881,-0.2487612706898,-362.5603471067
10,5,989,4.034528818451e-16,2.14546690903e-14,2.246845450646e-16,-5085.242624369,-2.281925634343,-358.4175288056
10,5,990,3.859917319298e-16,2.148515608937e-14,-5.285204780933e-15,-4887.869798341,1.928213064849,-358.1923942867
10,5,991,3.320128718988e-16,2.114610255804e-14,-1.814573713499e-15,-4935.633841688,3.375374799445,-354.7678045768
10,5,992,4.3988635619e-16,2.14070095124e-14,-5.510897875058e-15,-4966.827091326,-1.158663774194,-357.6296877358
10,5,993,4.110877480632e-16,2.143808629342e-14,-2.534872314512e-15,-4565.179180727,7.168416265131,-357.8998730666
10,5,994,4.640450346971e-16,2.14309059948e-14,9.408101037682e-16,-4915.8080037,0.771473207366,-357.5642808194
10,5,995,4.73779908032e-16,2.135921479379e-14,-1.657201455867e-15,-4852.310602084,1.383012856324,-356.5304249815
10,5,996,4.673762569775e-16,2.13725631519e-14,-2.271172579107e-15,-4838.398780823,1.761284309892,-358.0825295288
10,5,997,3.787791582712e-16,2.145741629604e-14,-2.83674963592e-15,-4824.927614967,-1.366470129406,-358.581335586
10,5,998,3.498576343412e-16,2.100380060219e-14,-7.771368858799e-16,-4635.695081583,0.6145542048496,-351.0405587485
10,5,999,3.554319691568e-16,2.136676783616e-14,-4.22382556659e-15,-4994.205014626,7.957993944481,-357.5119619319
10,5,1000,4.162556890078e-16,2.144531521535e-14,-5.301876971261e-15,-5002.98131754,-0.8535852396821,-358.84716016
15,7.5,1,9.25493509525e-16,3.850897496636e-14,-1.765825197034e-15,-7096.754398272,1.646215959515,-643.134577488
15,7.5,2,8.161032299713e-16,3.829163370028e-14,-4.035448809711e-15,-7378.759908238,-9.515509201333,-638.7100581068
15,7.5,3,1.008152238523e-15,3.876039357994e-14,-1.626616766594e-15,-7344.046545833,-9.885356373578,-647.0417093516
15,7.5,4,1.001158413787e-15,3.890428413528e-14,2.943317169524e-15,-7164.487781113,3.082534146113,-649.42422512
15,7.5,5,8.247776221059e-16,3.884353958822e-14,-1.296085521681e-15,-7516.54870603,4.837948427913,-649.1617614719
15,7.5,6,9.353303684494e-16,3.803292131459e-14,-1.459802752101e-15,-7361.662332758,2.877553991307,-636.1075881511
15,7.5,7,9.474210310305e-16,3.808904264906e-14,-2.151969154272e-15,-7150.187732624,-9.549328589715,-636.976324722
15,7.5,8,8.286639113291e-16,3.848100287394e-14,-3.111328673049e-15,-7325.178073892,-0.2982227152438,-643.7786424844
15,7.5,9,8.469768047002e-16,3.850923605847e-14,1.873702449035e-15,-7506.647006192,-2.11035882357,-643.5813790343
15,7.5,10,9.008285330725e-16,3.827794504626e-14,-4.745780513854e-15,-7370.258016327,4.079677851037,-638.6552729827
15,7.5,11,8.508474508045e-16,3.804843862809e-14,4.099129604541e-16,-7429.897438852,18.22881665553,-635.8487128509
15,7.5,12,9.45132715205e-16,3.810476241541e-14,5.133844117257e-15,-7067.909464639,-3.844069232666,-633.6952880147
15,7.5,13,8.974293839993e-16,3.817449962827e-14,-5.192493671733e-15,-7348.926327878,12.53377200783,-638.7449423297
15,7.5,14,8.888447402987e-16,3.860556674862e-14,5.602282425907e-16,-7225.634291136,-1.108982916878,-644.3372776683
15,7.5,15,9.301643814344e-16,3.808379981173e-14,-5.516497897401e-16,-7382.982650493,-4.336242699428,-636.3260423446
15,7.5,16,8.64669625652e-16,3.834626367177e-14,-7.471664737822e-15,-7482.204605836,-3.755121648912,-639.9159320993
15,7.5,17,9.059498038168e-16,3.855370157299e-14,-4.449659192215e-15,-7425.380318285,-10.52152350419,-644.1196331714
15,7.5,18,8.319487395145e-16,3.826185560735e-14,-4.49766601451e-15,-7415.108496271,-3.53278539271,-637.586914316
15,7.5,19,8.994262676826e-16,3.851679459216e-14,-2.647270307567e-15,-7302.144344428,-0.08488180758901,-642.4924944156
15,7.5,20,8.842488857726e-16,3.813095673135e-14,1.340531369286e-15,-7104.931423389,-4.930048612989,-637.6963460823
15,7.5,21,8.496759120273e-16,3.825944007596e-14,-5.266413792865e-15,-7350.196917393,2.129049948949,-638.179923564
15,7.5,22,9.285137336475e-16,3.843708504527e-14,-6.785151128526e-15,-7501.179055924,6.792420629699,-642.9801372802
15,7.5,23,8.504376721075e-16,3.818535687543e-14,-1.615984763713e-15,-7189.214870874,1.744479407479,-637.4049211256
15,7.5,24,8.266079875269e-16,3.842292846563e-14,-1.022968466055e-14,-7118.144468381,-0.380329436698,-641.1462562068
15,7.5,25,8.522801046169e-16,3.824194238709e-14,-5.771987425405e-15,-7367.63868759,-0.5707386900448,-639.0549554201
15,7.5,26,8.148224176997e-16,3.80580149747e-14,-7.114639431563e-15,-7247.191061974,2.011218460388,-636.2987498493
15,7.5,27,9.353107242435e-16,3.848208152128e-14,-5.348084762249e-15,-7047.072950614,-3.694888824891,-642.6931471586
15,7.5,28,8.380114520128e-16,3.828479278374e-14,-6.78660917561e-15,-7354.085454102,-4.12632001617,-639.832814902
15,7.5,29,8.86750791432e-16,3.870907346011e-14,-6.379254579631e-15,-7122.907247686,-13.38746297449,-644.6138941047
15,7.5,30,8.453106911834e-16,3.806685070254e-14,-9.261202300351e-15,-7381.134625342,-5.011336963183,-637.6690838745
15,7.5,31,8.60957264916e-16,3.867331691539e-14,-1.567884102587e-15,-7099.300930367,-1.752191488477,-645.7385347969
15,7.5,32,8.408517175635e-16,3.822261892761e-14,-3.91714994566e-15,-7252.484441705,-4.8902912801,-638.148887631
15,7.5,33,9.506975645048e-16,3.877240384276e-14,-3.47674811364e-15,-7085.030300235,-1.52601426607,-646.5109559779
15,7.5,34,8.470361318296e-16,3.846995935854e-14,-2.273693566589e-15,-7093.334242233,-0.07647678545704,-643.8742536743
15,7.5,35,9.922822060025e-16,3.825640148792e-14,-2.79150607738e-15,-7339.985272449,1.445542099302,-639.6709498583
15,7.5,36,9.44405533967e-16,3.805467385808e-14,-6.798220772742e-15,-7012.352004889,-3.413079307641,-637.1084982878
15,7.5,37,8.886014602728e-16,3.847671611653e-14,-4.919475841447e-15,-7396.746849964,-2.453172470551,-642.6507953931
15,7.5,38,8.402006147364e-16,3.84126180714e-14,2.694693919073e-16,-7452.87688021,8.714017635826,-640.5519026658
15,7.5,39,8.49243154086e-16,3.885212344686e-14,-7.870447862901e-15,-7547.720396087,-9.406525759975,-648.4390227483
15,7.5,40,1.06189682072e-15,3.862672806054e-14,-3.453428785303e-15,-7175.630496095,-7.500659902688,-646.6085026059
15,7.5,41,8.906312311561e-16,3.830554113103e-14,-8.670978228018e-15,-7251.327951531,-5.068343065251,-638.539760441
15,7.5,42,9.230568067962e-16,3.846395811295e-14,-3.245444978938e-15,-7555.589251224,-4.586263826518,-640.0872716776
15,7.5,43,8.791016295104e-16,3.870063745513e-14,1.779729284215e-15,-7256.208062658,3.362035925776,-644.8791050524
15,7.5,44,9.163244077097e-16,3.825815197404e-14,-2.771839126853e-15,-7387.880910784,-2.633958495968,-638.3350646188
15,7.5,45,9.172842353877e-16,3.876761369184e-14,-4.689021005642e-15,-7338.760639601,-0.8192474836897,-646.3328842314
15,7.5,46,9.773798600561e-16,3.823463961032e-14,-2.358478417464e-16,-7212.539770841,3.236521505024,-636.6418200567
15,7.5,47,8.670843708797e-16,3.883755066137e-14,-8.622565047887e-15,-7206.875134444,10.22020737086,-647.4331510779
15,7.5,48,9.348787147698e-16,3.852477155604e-14,-1.551764214363e-15,-7476.177115483,3.408156411613,-643.7284104858
15,7.5,49,8.272634515288e-16,3.847994420421e-14,-5.684119536905e-15,-7065.762520035,0.8161755446125,-641.950440531
15,7.5,50,9.133342824038e-16,3.849167619418e-14,-7.90681019599e-15,-7592.667256499,-1.865276542527,-641.3232070184
15,7.5,51,9.025833985344e-16,3.831239576391e-14,-7.095822540227e-15,-7427.869546974,-3.166474883904,-638.527459412
15,7.5,52,9.339017585127e-16,3.779977351029e-14,-5.172239391006e-15,-7297.488922182,-4.544721282347,-633.3489934787
15,7.5,53,8.901858656993e-16,3.835878595636e-14,1.310626719046e-15,-7314.624841963,11.29513970884,-641.6868989355
15,7.5,54,8.122366168619e-16,3.806609350754e-14,1.474634737181e-15,-7096.586073546,3.011968067862,-636.9342363509
15,7.5,55,8.600297188342e-16,3.867624066322e-14,-2.767547435806e-15,-6933.554982226,3.580975342241,-644.2588204542
15,7.5,56,8.458261466854e-16,3.865429110071e-14,-3.652963146512e-15,-7044.753804235,4.803441763387,-643.94889593
15,7.5,57,8.973597718969e-16,3.822530632111e-14,-5.838373591136e-15,-7469.956676729,-3.813955442404,-638.1133359311
15,7.5,58,8.534826612712e-16,3.863661824734e-14,-6.985530062268e-15,-7195.943462701,-5.626438172279,-644.7299264912
15,7.5,59,8.602804414943e-16,3.82848669169e-14,-7.508273070321e-15,-7401.9549044,0.9243661964183,-639.4031345727
15,7.5,60,9.013092704315e-16,3.813858784624e-14,-1.144260997594e-15,-7174.637822609,-2.048526220114,-636.561613523
15,7.5,61,8.968393749009e-16,3.813920573342e-14,-6.553486836658e-15,-7257.394946496,-1.547223685605,-638.6160952656
15,7.5,62,9.70175685223e-16,3.865885592566e-14,-3.277712696565e-15,-7356.795930188,-2.31147159478,-645.7466509465
15,7.5,63,9.327917501366e-16,3.807994197411e-14,-4.064290976346e-15,-7251.435672273,2.844407731974,-634.1468607649
15,7.5,64,9.480251515768e-16,3.852442440158e-14,-7.334327564834e-15,-7519.536633015,-1.580224559858,-643.581295552
15,7.5,65,8.020459748173e-16,3.844995331524e-14,7.649906413998e-16,-7267.736671985,-1.539766913219,-642.0888871394
15,7.5,66,9.496735842046e-16,3.800942071361e-14,-2.573102982471e-15,-7293.333245546,3.587267501917,-635.8872978491
15,7.5,67,9.188213097239e-16,3.797640053316e-14,-4.240625254771e-16,-7298.651581433,8.464970790021,-633.4564477257
15,7.5,68,6.728006036238e-16,3.821681420323e-14,-5.91655061611e-15,-7612.719201578,2.121251708706,-638.0789369849
15,7.5,69,8.45719375998e-16,3.85720188803e-14,-3.731802200295e-15,-7217.510663324,1.31322265579,-645.0319740996
15,7.5,70,8.115048231505e-16,3.866744126742e-14,2.144750170163e-15,-7074.637380511,8.435874169812,-644.1055852388
15,7.5,71,7.514080565862e-16,3.832831173538e-14,-2.902680668238e-15,-7316.541029752,2.534818963752,-641.715026052
15,7.5,72,7.662707564669e-16,3.842070269034e-14,-8.634939179197e-15,-7375.816947931,-5.141676565693,-642.6896081946
15,7.5,73,8.258479020616e-16,3.844903917182e-14,-5.422907182083e-15,-7476.351759608,2.188115062644,-642.8844238842
15,7.5,74,8.218877665287e-16,3.821444046876e-14,-3.257324101881e-15,-7361.929636483,6.000518965088,-640.1622332345
15,7.5,75,9.382131429884e-16,3.811882706084e-14,-3.381970103846e-15,-7220.295381012,-3.807335213613,-636.113461103
15,7.5,76,8.393853257015e-16,3.816371981569e-14,-2.95435543618e-15,-7055.152088277,5.985236432714,-635.9615132439
15,7.5,77,8.461211266353e-16,3.838652290611e-14,-6.058095496766e-15,-7246.214367804,-13.40264875876,-640.7338621942
15,7.5,78,7.918254027994e-16,3.79882813997e-14,9.121728833738e-16,-7178.941934504,-1.359464843888,-634.9509132076
15,7.5,79,8.853643851517e-16,3.862249128326e-14,-4.725335320786e-16,-7209.432262109,-0.9240207578004,-644.5843423938
15,7.5,80,8.886780916445e-16,3.882716175913e-14,-3.378828546585e-15,-7264.469029503,-1.100354029945,-647.5227563501
15,7.5,81,9.951335713805e-16,3.84284801992e-14,-3.187746784766e-15,-7152.449608587,1.705721870423,-640.8731068166
15,7.5,82,1.016972800178e-15,3.854611965429e-14,-2.539491385985e-15,-7315.859106227,0.8738717312886,-643.2938688301
15,7.5,83,8.712524504796e-16,3.847258720082e-14,-4.555218997373e-15,-7243.495399208,-6.513400772976,-644.8955185029
15,7.5,84,8.22597065337e-16,3.860224733659e-14,-3.168629212785e-15,-7184.611467365,5.830037847056,-644.5118699059
15,7.5,85,9.293265893876e-16,3.830287860246e-14,-1.099754832192e-15,-7119.053013496,-0.3603801401689,-640.8272645078
15,7.5,86,8.88913965662e-16,3.853191919623e-14,-3.517561845452e-15,-7341.672790912,-1.304692424965,-645.2469371517
15,7.5,87,9.128328992605e-16,3.836912340952e-14,-2.770242895204e-15,-7434.236413191,-9.22652274342,-639.2665073638
15,7.5,88,9.031268418271e-16,3.85751548963e-14,-1.548537384208e-15,-7033.627382403,2.379891426827,-644.9845506806
15,7.5,89,8.601690623572e-16,3.809861982075e-14,-4.672095618784e-16,-7168.293820298,0.7757831138428,-638.4537064822
15,7.5,90,7.914453966215e-16,3.871621381523e-14,-3.644471712645e-15,-7374.548877207,4.9916367023,-646.4681458166
15,7.5,91,8.490918933884e-16,3.825376603394e-14,-6.31244022343e-15,-7395.937220311,-7.106189074921,-640.4947463069
15,7.5,92,9.42909983009e-16,3.850034459111e-14,-4.707573970941e-15,-7256.134150275,8.732023519079,-639.7731108756
15,7.5,93,9.266209442063e-16,3.831076970664e-14,-3.393031724552e-15,-7164.138444824,5.576929952508,-639.5444081005
15,7.5,94,8.80181546194e-16,3.862358513031e-14,-4.097572805972e-15,-7284.927503694,7.467490935416,-644.0152256635
15,7.5,95,1.027551135564e-15,3.827332258431e-14,-3.428260860077e-15,-7376.49381749,-2.130065658719,-636.6068401089
15,7.5,96,8.561812375804e-16,3.86796305617e-14,-6.182254483955e-15,-7342.153208771,2.521830215896,-644.4193910692
15,7.5,97,8.707937320982e-16,3.831674557498e-14,-1.700749995693e-15,-7253.735201103,1.090889123805,-640.3965717442
15,7.5,98,8.488358481295e-16,3.796993233038e-14,-8.439185147085e-15,-7021.104372275,0.7225436187544,-637.0687027834
15,7.5,99,8.998099597538e-16,3.793673459198e-14,-6.205208532116e-15,-7150.919079151,2.325611243056,-635.2147766359
15,7.5,100,9.032316074037e-16,3.812893509326e-14,-1.942419017643e-15,-7521.585890842,12.57624384659,-638.2451539331
15,7.5,101,9.729714218571e-16,3.851270716033e-14,-8.578253743869e-15,-7353.787034235,0.5110318615892,-642.5419857966
15,7.5,102,9.462653930327e-16,3.85053399801e-14,3.359197891315e-15,-7236.290648522,-9.389780829048,-642.4167268863
15,7.5,103,8.443910493267e-16,3.805304615947e-14,-2.384795384136e-15,-7201.013852203,4.690384987408,-635.5731649158
15,7.5,104,1.019234570684e-15,3.864450621695e-14,-9.67979860235e-15,-7356.018147139,2.155776891492,-646.0276088987
15,7.5,105,8.401864183344e-16,3.826966346171e-14,1.548048846681e-15,-6862.143355537,0.7963878468665,-640.1915588383
15,7.5,106,7.759622440105e-16,3.830420821362e-14,-4.239592265304e-16,-7113.349828833,10.15741752548,-639.5161624885
15,7.5,107,9.145268913034e-16,3.827683715819e-14,-6.27693625573e-15,-7441.125966827,-1.628810362367,-640.1701754887
15,7.5,108,8.925694131468e-16,3.827445919243e-14,8.99265045305e-16,-7153.905532883,4.952565117442,-639.3960807234
15,7.5,109,9.170819018416e-16,3.820393929009e-14,-4.685148323606e-15,-7309.981772479,-1.885124800545,-638.2378408808
15,7.5,110,9.319646073744e-16,3.816234694723e-14,-4.378108043072e-15,-7346.115229793,-1.540379103111,-634.7195894504
15,7.5,111,8.622921986498e-16,3.822697795323e-14,-4.345633180353e-15,-7384.062588105,3.914209232598,-639.2706468816
15,7.5,112,9.041554492116e-16,3.840091107255e-14,-6.263614276869e-15,-7545.318735038,-10.91928979012,-641.2389059416
15,7.5,113,1.056323408933e-15,3.857575217716e-14,-2.514256677331e-15,-7009.837392447,-5.505691829845,-645.2561165059
15,7.5,114,9.468746475472e-16,3.826573891578e-14,-7.005280248678e-15,-7490.871414583,1.784938497853,-639.7564812236
15,7.5,115,1.113680740738e-15,3.835930102661e-14,-3.920809591192e-15,-7314.132531315,-5.36864918293,-640.2281107111
15,7.5,116,7.885700679256e-16,3.837528965642e-14,-2.259540668225e-15,-7344.366058173,3.190135594988,-642.6975617611
15,7.5,117,9.426137929328e-16,3.829313407257e-14,-9.868953570305e-16,-7362.10680162,-0.004477291805174,-638.8442818493
15,7.5,118,9.018886073834e-16,3.816454708955e-14,-3.233347496334e-15,-7388.943700166,1.982294132267,-637.2946360429
15,7.5,119,8.686648970295e-16,3.819985517209e-14,-7.316221153955e-15,-7116.168663764,-4.153705100864,-640.6767640242
15,7.5,120,9.249306299949e-16,3.814180149119e-14,-4.54067015488e-15,-7573.651746942,6.5450168557,-636.5709452225
15,7.5,121,9.982432811668e-16,3.852477432665e-14,-3.122454353762e-15,-7291.43394342,-0.6539451972587,-642.689544735
15,7.5,122,9.859547151002e-16,3.85733220985e-14,-9.146674678062e-16,-7296.561861888,-0.7957668673022,-643.4733978815
15,7.5,123,9.758164843882e-16,3.832015170353e-14,-7.24870408962e-15,-7464.019475941,10.35481977464,-639.2587293584
15,7.5,124,9.316134704153e-16,3.87406168135e-14,-3.517729205986e-15,-7355.501537508,1.773101294742,-647.38919252
15,7.5,125,9.257353395977e-16,3.834870175354e-14,-5.014538189876e-15,-7324.396661416,-2.023868669563,-642.5524833863
15,7.5,126,9.462839942516e-16,3.847195738483e-14,-8.959780468196e-15,-7116.21198513,-7.538210362515,-641.9095706142
15,7.5,127,9.015959716043e-16,3.841696910079e-14,-3.541110443457e-15,-7103.988151552,-4.777206262067,-641.8385926641
15,7.5,128,8.514446731742e-16,3.824532378657e-14,-4.3676807598e-15,-7351.342348872,-2.981163448283,-639.6045658716
15,7.5,129,9.169697868152e-16,3.856819123855e-14,-7.010167363882e-15,-7304.034775112,-2.802267804741,-643.5681616457
15,7.5,130,7.861410143999e-16,3.819522561784e-14,-4.190266928109e-15,-7568.044669518,6.825227878302,-638.9088112545
15,7.5,131,9.067027264124e-16,3.829804251016e-14,-6.32674519575e-15,-7122.036244022,-4.059320609002,-638.404775889
15,7.5,132,9.258369514402e-16,3.831628512307e-14,-3.306023470694e-15,-7605.757208677,7.016436802933,-639.8290048042
15,7.5,133,9.705822220828e-16,3.823995126207e-14,-3.34223419958e-15,-7450.688944518,-4.782180684249,-640.0746082307
15,7.5,134,8.992966713198e-16,3.820013144706e-14,-7.254352608791e-15,-7297.42083381,-11.7184112787,-635.7902330559
15,7.5,135,8.77673447858e-16,3.813609743471e-14,-3.253783221934e-15,-7284.823391026,1.558483166083,-638.3641511508
15,7.5,136,8.175227257993e-16,3.845937844196e-14,-4.190032586037e-15,-7404.32749033,3.351983040918,-643.1724016316
15,7.5,137,8.926396515708e-16,3.826658669262e-14,-4.973502625274e-15,-7190.769989742,-0.005258048409424,-639.6058375647
15,7.5,138,8.450123443535e-16,3.835513652026e-14,-2.311671077006e-15,-7226.76885791,13.59878693864,-639.6150319109
15,7.5,139,1.009221327438e-15,3.846252727963e-14,-3.024937574113e-15,-7516.938167395,-0.9289870385807,-642.8502317131
15,7.5,140,8.671535999166e-16,3.828184538944e-14,-3.020544576515e-15,-7318.964081947,-2.848164638124,-639.3249420967
15,7.5,141,1.084394789107e-15,3.808842891504e-14,-7.238671918718e-15,-7237.21700141,-5.257004229173,-636.8819054988
15,7.5,142,8.467389761092e-16,3.838777401991e-14,-2.821717368729e-15,-6939.208061648,0.337147970204,-640.1383920616
15,7.5,143,8.036110417978e-16,3.782795476549e-14,5.099892003197e-16,-7385.120721117,5.720170211756,-633.6807096964
15,7.5,144,9.074695346596e-16,3.812353598387e-14,-8.267067274182e-15,-7474.782874987,-2.963519926248,-639.5190225453
15,7.5,145,8.272406899662e-16,3.829675140477e-14,-4.12404587037e-15,-7354.505429698,-2.170793075294,-639.6908138486
15,7.5,146,9.257542319281e-16,3.859159008354e-14,-5.757875180399e-16,-7241.540768756,-5.882448899245,-645.5240365169
15,7.5,147,8.513767719702e-16,3.886868933905e-14,-3.576200702955e-15,-6964.584829966,4.903523964887,-649.3332999458
15,7.5,148,8.325988362532e-16,3.8175132904e-14,-5.818672693879e-15,-7628.288236564,-3.743643393307,-639.0549010687
15,7.5,149,7.373258116437e-16,3.848459747465e-14,-4.444296551406e-15,-7200.245965721,-10.01365969309,-642.7723127356
15,7.5,150,8.739204455697e-16,3.839150732266e-14,2.181098315848e-15,-7104.948906351,2.002313849787,-640.2275499542
15,7.5,151,1.03792223947e-15,3.859667714876e-14,-1.731762573357e-15,-7247.811213704,2.200614997126,-645.7885455259
15,7.5,152,8.254096793414e-16,3.839274385365e-14,-4.164909697676e-15,-7401.27063134,6.690640970928,-640.8915307537
15,7.5,153,8.074639656648e-16,3.806943924423e-14,7.724157578319e-16,-7448.155205799,1.74358109317,-636.1541508253
15,7.5,154,8.652116157179e-16,3.836072201602e-14,-4.5633071286e-15,-7259.243193445,4.586201231411,-640.3356687018
15,7.5,155,8.553580877098e-16,3.81079810215e-14,-3.162107979496e-15,-7042.505282867,-2.335179836042,-636.7715968468
15,7.5,156,8.493401747905e-16,3.840460276158e-14,-5.082298554785e-15,-7067.32532224,-4.294737571889,-639.4510152896
15,7.5,157,9.254937491124e-16,3.889559958751e-14,-2.029992192853e-15,-7497.32085049,-5.992149793897,-649.7178865933
15,7.5,158,9.230331888733e-16,3.872909599627e-14,-7.052025880257e-15,-7421.189082916,-7.269912236773,-645.5000158352
15,7.5,159,8.926254550285e-16,3.834991148064e-14,-7.134012104764e-15,-7411.548335001,1.245151537498,-641.3067735231
15,7.5,160,9.732413285587e-16,3.804538048757e-14,-6.294832909591e-16,-7040.085247361,5.600462947072,-636.8135651113
15,7.5,161,8.368200408228e-16,3.859877116316e-14,-7.233750076683e-15,-7147.375508763,2.359565064725,-643.8060831535
15,7.5,162,7.233543078717e-16,3.830065968566e-14,-8.246152272791e-15,-7370.201974701,-1.778909688588,-640.0333542395
15,7.5,163,8.999801222587e-16,3.845238614368e-14,-4.176858653497e-16,-7388.25707456,-1.349381480475,-641.5627314381
15,7.5,164,8.16919336941e-16,3.856892574467e-14,-9.154681618406e-16,-7161.421035968,5.126274003947,-641.7791416483
15,7.5,165,9.477434732675e-16,3.839976764412e-14,-4.775654965662e-15,-7383.791508369,6.854553641931,-641.1991057129
15,7.5,166,8.558249412308e-16,3.801044309097e-14,-2.422671127114e-15,-7397.123922933,6.110069940575,-635.6206354056
15,7.5,167,8.953095672193e-16,3.813160068123e-14,-1.460404301248e-15,-7371.332633332,-5.480722064717,-636.7477216162
15,7.5,168,7.990196154228e-16,3.862371466913e-14,-3.644820354135e-15,-7100.856731734,-11.93040373646,-645.7096573125
15,7.5,169,8.301808884471e-16,3.850734503025e-14,-3.237805628115e-15,-7442.004859057,0.2893816825053,-643.4943969194
15,7.5,170,8.283156963105e-16,3.842603783581e-14,-8.883752168716e-16,-7387.383309795,9.942559741788,-641.9768253661
15,7.5,171,7.979835684271e-16,3.834850759591e-14,-1.022540393091e-16,-7254.655845456,2.575329207473,-640.7372049168
15,7.5,172,8.179967407274e-16,3.845940360469e-14,-5.171514014214e-15,-7170.029229139,-0.8822441256508,-643.1993688921
15,7.5,173,9.158177430662e-16,3.863440330492e-14,-7.454562806781e-15,-7133.351086383,7.376177127405,-646.4068617126
15,7.5,174,9.304255224097e-16,3.858616719092e-14,-4.724089482025e-15,-7307.698688416,5.384454751581,-644.9012097257
15,7.5,175,8.179657532587e-16,3.827377912934e-14,-6.249875533115e-15,-7208.106998302,3.771573830506,-638.949892397
15,7.5,176,8.964216905196e-16,3.827338908265e-14,2.057992811189e-16,-7254.873530031,5.107583189149,-639.859828978
15,7.5,177,9.491191801e-16,3.849720292654e-14,-6.549124359424e-15,-7453.421590955,-6.599988383035,-643.6605764841
15,7.5,178,7.720466692114e-16,3.832420427721e-14,9.51774231785e-16,-7301.324307719,-5.188710837482,-639.8036076343
15,7.5,179,7.880931395294e-16,3.825172896312e-14,-6.226325350039e-15,-7400.119714773,-8.554950456213,-639.4595619454
15,7.5,180,8.047767527288e-16,3.810609926889e-14,-6.845256443464e-15,-7294.221848234,1.768292830632,-637.3288195973
15,7.5,181,8.765351652879e-16,3.828275964331e-14,1.108677160485e-15,-7030.840862766,-0.3760927459325,-641.0330345643
15,7.5,182,8.189246138074e-16,3.851736701829e-14,-6.227573793361e-15,-7231.295119784,-5.269086511248,-644.1255115204
15,7.5,183,8.461273564144e-16,3.869803742644e-14,-3.915089539774e-15,-7399.13211613,2.898550327822,-644.6132556495
15,7.5,184,8.701440696016e-16,3.825038380229e-14,-6.70937686327e-15,-7449.821489571,-6.865446188156,-638.7621843826
15,7.5,185,9.793950629524e-16,3.855614061062e-14,2.609167322984e-15,-7573.469832107,3.030792213057,-644.818124717
15,7.5,186,8.079871937009e-16,3.868735152933e-14,-7.34702780884e-15,-7260.33375222,6.991683762463,-643.8451046865
15,7.5,187,8.563769573888e-16,3.805522836378e-14,-1.433552903389e-14,-7527.243858315,0.04955815139634,-635.8603220614
15,7.5,188,9.722881562627e-16,3.821260700604e-14,4.653021744165e-16,-7338.764812085,-11.4236452351,-638.027762969
15,7.5,189,9.372483697648e-16,3.869240671209e-14,-5.289626608713e-15,-7153.369619503,1.408879750674,-647.5232706423
15,7.5,190,8.043809906028e-16,3.820576789911e-14,-1.53903933406e-15,-7200.738516306,1.308212094598,-637.5374026992
15,7.5,191,1.072948184161e-15,3.855157080402e-14,-1.823090438975e-15,-7562.010730575,8.304090754745,-643.4350740696
15,7.5,192,7.903061604489e-16,3.822867546841e-14,-3.194130553405e-15,-7721.982371415,-4.446814555382,-640.2649576773
15,7.5,193,9.410624283997e-16,3.799090630297e-14,-1.44222383216e-15,-7368.592887778,3.51335989715,-635.1390139899
15,7.5,194,9.023936083898e-16,3.860181105335e-14,-3.809377709712e-15,-7121.06589074,2.486152223574,-644.7073828452
15,7.5,195,9.458178062698e-16,3.843174221096e-14,2.450730180282e-16,-7076.215785888,0.1919434640443,-640.8421038882
15,7.5,196,9.587501685281e-16,3.84382311776e-14,2.380529157101e-15,-7083.72916048,2.510738957072,-644.467723275
15,7.5,197,8.452356381882e-16,3.897400403069e-14,-4.352087729548e-16,-7501.007330585,2.886721545983,-649.9094016325
15,7.5,198,9.379094273542e-16,3.849932652357e-14,-6.087694938446e-17,-7073.107414143,2.180510209095,-642.7408040945
15,7.5,199,7.564991021846e-16,3.826683537615e-14,-8.498852654409e-15,-7272.99060152,-3.036919125033,-638.6427284986
15,7.5,200,9.716792183784e-16,3.814353565143e-14,-4.045124443329e-16,-7103.769204262,9.09596054647,-637.2632157424
15,7.5,201,8.378081947587e-16,3.806684714168e-14,-7.515660444524e-15,-7379.128143785,-0.1287068181333,-639.0083623347
15,7.5,202,8.682710358167e-16,3.859459378559e-14,-3.10515905884e-15,-7257.14543902,1.418257615261,-645.0389476356
15,7.5,203,8.286271204652e-16,3.837223790371e-14,-2.667549747902e-15,-7347.359041372,7.392589874673,-639.7321182819
15,7.5,204,8.525883907059e-16,3.869331313762e-14,-7.277492077033e-15,-7565.467113041,2.838439966014,-643.4609771097
15,7.5,205,8.307274202572e-16,3.830872583778e-14,-3.520097762051e-15,-7282.593878867,4.041091624142,-640.1329445229
15,7.5,206,9.07054985507e-16,3.85123240087e-14,-3.879825812825e-15,-7592.41563369,-0.4705318210282,-643.2882341486
15,7.5,207,7.736875261104e-16,3.836643711981e-14,-8.008505759745e-15,-7193.529516418,12.66538371492,-641.2639433877
15,7.5,208,8.444620879277e-16,3.846120754002e-14,-6.774733182494e-15,-7166.020328846,-3.03855353768,-641.8644283244
15,7.5,209,9.403756781984e-16,3.847922190982e-14,1.776312680922e-15,-7356.826794486,-3.128243638997,-644.6049242321
15,7.5,210,8.093716838537e-16,3.829045481889e-14,-5.122701144397e-15,-7371.337615098,-4.952989819628,-639.4471072957
15,7.5,211,9.332521691635e-16,3.83240582262e-14,-4.018737220861e-15,-7271.563667913,-0.07730726276271,-639.3035443754
15,7.5,212,8.742509892498e-16,3.855255085583e-14,-2.604764466974e-16,-7067.732305525,7.166626165425,-645.1782294726
15,7.5,213,8.640123748966e-16,3.816452786325e-14,-2.32279025202e-15,-7063.958246706,-4.706123363577,-640.2082650238
15,7.5,214,8.061425679272e-16,3.865868865282e-14,-7.077743949772e-15,-7143.894833421,-2.437229751042,-644.5070197029
15,7.5,215,8.32884035845e-16,3.84530573443e-14,-1.265011366177e-15,-7318.234240415,-9.905279013787,-642.6903025819
15,7.5,216,8.774633535683e-16,3.854063120759e-14,6.739380693538e-16,-7235.845012391,-2.48173620236,-642.3871427965
15,7.5,217,1.003623143644e-15,3.833430592286e-14,-4.988241811897e-15,-7241.358138587,-0.3852600474896,-639.9206100075
15,7.5,218,8.365694964136e-16,3.812034151379e-14,-2.904698748351e-15,-7429.596109146,-12.44240300906,-635.6127495056
15,7.5,219,8.519443850699e-16,3.826765811229e-14,1.60497948705e-15,-7456.882766019,6.105069985204,-640.3448961191
15,7.5,220,7.940825740415e-16,3.816969201047e-14,-4.392162621359e-15,-7423.798147503,-0.2021205393128,-637.3090195975
15,7.5,221,9.178128246944e-16,3.869759469416e-14,4.015142175481e-15,-7209.976652211,3.00154782446,-646.8188417217
15,7.5,222,7.935019407833e-16,3.888793952388e-14,-9.913519933659e-15,-7451.335656377,-6.935918208115,-648.929511389
15,7.5,223,8.32151619769e-16,3.836886425498e-14,-8.76154520322e-15,-7379.091774356,1.068580963808,-640.37330197
15,7.5,224,8.90564034753e-16,3.831702159845e-14,3.368858654919e-16,-6991.789537512,3.784531250231,-639.8133267514
15,7.5,225,8.185375459407e-16,3.798788647984e-14,-2.725986458867e-16,-6961.765293537,3.085191605346,-635.1301055714
15,7.5,226,7.697411553774e-16,3.84413578726e-14,-1.367022060476e-15,-7413.292676889,5.405843984489,-642.5522367759
15,7.5,227,9.350149644838e-16,3.840181778683e-14,-7.458658782752e-15,-7569.075294081,-3.531065583233,-640.4229509822
15,7.5,228,8.915854153042e-16,3.856898990826e-14,5.57914225971e-15,-7303.73921844,0.8149196107728,-645.617458349
15,7.5,229,9.080507749118e-16,3.850867132708e-14,-1.106068688125e-15,-7580.321745567,-3.134625929859,-643.6381097458
15,7.5,230,9.025283033426e-16,3.850802640187e-14,-1.269745910236e-15,-7534.677384849,4.905325516657,-641.6949799912
15,7.5,231,8.285191964451e-16,3.825413291451e-14,-5.778586014548e-15,-7304.234539361,-4.822281516596,-640.319719771
15,7.5,232,7.298922710114e-16,3.859659003965e-14,-3.421135575157e-15,-7242.117267204,-3.60990708879,-642.9450279259
15,7.5,233,9.22297006676e-16,3.823739318727e-14,-1.715613969953e-15,-7375.432655435,3.861095067801,-638.2099802472
15,7.5,234,9.169121794935e-16,3.856746372169e-14,-1.666757290586e-15,-7297.554858692,-3.538991087717,-642.9932269248
15,7.5,235,8.130920671725e-16,3.816723176601e-14,-3.068356537888e-16,-7511.234198597,2.671064480268,-639.2327021884
15,7.5,236,9.216004526768e-16,3.857166481613e-14,-3.712418851987e-15,-7049.514989478,-3.137981720859,-643.1076216511
15,7.5,237,8.910851994869e-16,3.815872167463e-14,-2.183567076571e-15,-7489.333226061,-8.741821154283,-638.6918578509
15,7.5,238,9.031021633939e-16,3.880975244801e-14,-7.89484924141e-15,-7578.829241203,-3.414807561457,-648.303196671
15,7.5,239,9.035918503158e-16,3.810035111236e-14,-4.649501162447e-15,-7243.478667855,-8.048966936744,-636.948955675
15,7.5,240,7.528403120306e-16,3.818716247109e-14,-5.575169070115e-15,-7369.919245201,-2.793443393406,-638.1314643431
15,7.5,241,7.969170074801e-16,3.812919173342e-14,-2.939356447237e-15,-7244.598971917,-3.638069066304,-639.3159071402
15,7.5,242,8.405858511462e-16,3.870680435127e-14,-7.543035387511e-15,-7199.133610541,-10.53294662543,-647.1627208956
15,7.5,243,9.628705237048e-16,3.840677571974e-14,-5.847421649074e-15,-7002.25014573,-1.459839077951,-641.9153524152
15,7.5,244,9.29995649671e-16,3.816034312696e-14,-5.321559856496e-15,-7205.920538709,7.517971565401,-638.0439483062
15,7.5,245,8.854052971032e-16,3.835159414621e-14,-1.134555032285e-14,-7300.734278476,5.459540585106,-642.4839329901
15,7.5,246,8.083381708847e-16,3.804166971875e-14,-6.046357832001e-15,-7464.684723993,-5.68324014216,-635.6326822097
15,7.5,247,8.274953752803e-16,3.849117657966e-14,-1.968226029061e-15,-7245.44614809,-1.538372802415,-641.7933980817
15,7.5,248,9.467751122049e-16,3.820072828827e-14,-3.39101878116e-15,-7195.27272041,-0.4411114952905,-638.8427852536
15,7.5,249,9.39644390431e-16,3.865024835822e-14,-2.833366022726e-15,-7482.262470892,2.155273336537,-646.1789523098
15,7.5,250,9.040895079695e-16,3.868307246145e-14,3.260916403749e-18,-7479.403697214,13.8921853582,-646.7901508625
15,7.5,251,8.013375122498e-16,3.807098412665e-14,-2.390352362033e-15,-7162.083425852,7.159820950729,-635.7398353651
15,7.5,252,8.763405475211e-16,3.839489034036e-14,-2.873620260134e-15,-7402.961305991,-5.658858630771,-639.0563681331
15,7.5,253,8.57095927601e-16,3.851090162791e-14,9.138718005182e-17,-7425.251557743,1.115682195093,-643.1213581249
15,7.5,254,9.434809953168e-16,3.868964148799e-14,-8.045839657641e-15,-7518.352627188,-3.280650558743,-643.0815127703
15,7.5,255,8.016987080727e-16,3.785847259311e-14,-5.949856005047e-15,-7349.552448731,-4.80600597059,-633.3374577442
15,7.5,256,8.624158370884e-16,3.831221915296e-14,-1.19909145328e-15,-7509.227050156,3.072167490985,-639.7328401454
15,7.5,257,8.216078926845e-16,3.858502482186e-14,-5.658264015246e-15,-7307.639175632,2.25964565335,-644.7596713864
15,7.5,258,8.758905408921e-16,3.839515531503e-14,-6.94752742159e-15,-7151.114492585,-6.315925475565,-640.8051934692
15,7.5,259,9.008144712975e-16,3.859783659361e-14,-2.091373932008e-15,-7215.786867582,-6.463749596266,-646.0021076593
15,7.5,260,9.406814583022e-16,3.842466109012e-14,-7.816430785292e-16,-7372.860554964,3.033665857,-641.6584852238
15,7.5,261,1.006120231909e-15,3.817972900294e-14,-8.031661359356e-15,-7407.653624598,-9.515423029344,-637.0289111049
15,7.5,262,8.016255711867e-16,3.820201817994e-14,1.282445359472e-16,-7325.260173819,-1.563032291365,-639.55551667
15,7.5,263,8.579328283574e-16,3.811973977707e-14,-4.063155146915e-15,-7214.377609831,7.560399772424,-638.0027461271
15,7.5,264,8.976251432179e-16,3.825542631989e-14,-5.710110846903e-15,-7093.816921899,8.73075676665,-637.1492903436
15,7.5,265,1.028110671367e-15,3.816145974991e-14,-2.369858572993e-15,-7438.554310995,3.981223906646,-637.3798437998
15,7.5,266,8.887188116722e-16,3.887114779897e-14,-8.088377259834e-15,-7322.157095333,-6.150369837995,-646.7025425132
15,7.5,267,7.18196321152e-16,3.802335456707e-14,-4.665122257505e-15,-7377.136021362,7.893246192824,-634.4175039545
15,7.5,268,8.820426555072e-16,3.844961869435e-14,-4.004327680974e-16,-7213.861124457,-4.621108803688,-643.2981605005
15,7.5,269,8.094379376533e-16,3.832054130454e-14,-6.160476048729e-15,-7629.147870136,10.81538979861,-639.6556305922
15,7.5,270,9.363034482463e-16,3.848707981228e-14,-5.535307649392e-15,-7133.489493608,-1.657214273127,-643.3089913643
15,7.5,271,7.640392161429e-16,3.859639327426e-14,-1.906453793215e-15,-7300.885862005,-1.387461489298,-645.6742295047
15,7.5,272,8.914301417663e-16,3.83614149033e-14,-1.415245571259e-15,-7257.933933092,-1.291194073536,-640.1592097733
15,7.5,273,8.568486470124e-16,3.846057113331e-14,-3.908139625165e-15,-7229.534685289,-1.179954174208,-641.9859538163
15,7.5,274,8.303921441811e-16,3.809998748204e-14,-3.055500399902e-15,-7344.524955596,-0.3808787730439,-635.5137897085
15,7.5,275,9.586516992119e-16,3.812432360464e-14,-4.015772698663e-15,-7206.138735086,7.003835096384,-637.539983371
15,7.5,276,9.210980380923e-16,3.83735074316e-14,2.738864587323e-16,-7533.715673988,4.127790186807,-640.6412653053
15,7.5,277,8.169283888417e-16,3.836616149179e-14,-3.642979608187e-15,-7568.006204182,3.911897357439,-641.2551207782
15,7.5,278,9.631595338921e-16,3.854294910094e-14,-5.744126463871e-15,-7312.997495019,2.285043131771,-643.1267300025
15,7.5,279,9.0049175798e-16,3.83492721161e-14,-3.208655568666e-16,-7426.578063401,1.892187291386,-639.3829247201
15,7.5,280,9.817616389801e-16,3.812962772672e-14,-7.878226231416e-15,-7401.059539794,-2.738437250669,-638.3290066221
15,7.5,281,8.830066510011e-16,3.837773636646e-14,-2.824406682959e-15,-7322.737346829,-8.469818495307,-640.1308175097
15,7.5,282,9.660856456531e-16,3.86905519281e-14,-5.704827090146e-15,-7222.497444773,3.518989439447,-647.2960237726
15,7.5,283,9.214301659732e-16,3.848276982858e-14,2.438279047612e-16,-7410.314357443,7.037862482629,-642.584014572
15,7.5,284,8.083978001764e-16,3.820076950836e-14,-3.153971855462e-15,-7445.584197806,-1.593644919583,-638.3976504691
15,7.5,285,8.880134446179e-16,3.824384308496e-14,-4.342665314877e-15,-7291.555085229,2.557419476875,-638.7525413853
15,7.5,286,8.202213929506e-16,3.809354336955e-14,-6.730048537758e-15,-7442.687095918,1.829103101551,-634.8262312891
15,7.5,287,8.062306378546e-16,3.823149802533e-14,-4.494164188441e-15,-7309.160664912,-7.186714747695,-639.4471855581
15,7.5,288,8.134675891154e-16,3.816537042419e-14,-3.897624616365e-15,-7282.046017407,-3.870217169614,-635.7603341275
15,7.5,289,9.020011922176e-16,3.847954591544e-14,-2.499605497885e-15,-7019.60157786,0.5907435735991,-642.1352975056
15,7.5,290,7.293248860413e-16,3.824717478357e-14,-4.065807331162e-15,-7187.233122849,5.701561009352,-638.8855285085
15,7.5,291,8.88797107461e-16,3.851411488072e-14,-1.749931813693e-15,-7382.923512355,2.497431916245,-643.2124879336
15,7.5,292,9.544527262675e-16,3.846567208647e-14,-4.963297619197e-15,-7259.075067534,-3.581872368992,-644.0180285245
15,7.5,293,9.262600839044e-16,3.840025739702e-14,-4.720891397954e-15,-7136.172495477,-0.4196510880193,-641.1257055038
15,7.5,294,8.3125564923e-16,3.840035854066e-14,-3.745770583661e-15,-7081.9631652,-0.1697729447928,-641.6269650599
15,7.5,295,8.194063457689e-16,3.867012532316e-14,-5.00844860297e-15,-7318.176042335,3.932703908263,-643.9798967106
15,7.5,296,8.92885886432e-16,3.848960132381e-14,-4.679304519072e-15,-6982.257982857,3.658942957718,-643.2418637407
15,7.5,297,8.357526813002e-16,3.845591977124e-14,-3.347532873695e-15,-7313.343637302,-8.769576474333,-642.2591324489
15,7.5,298,9.545730392364e-16,3.81317415519e-14,-6.88651004561e-15,-7521.448059039,-0.7753640544827,-637.3069042104
15,7.5,299,8.334387721078e-16,3.838242419231e-14,-7.672436110049e-15,-7617.642614069,-12.66599681893,-643.1855254951
15,7.5,300,9.13142307201e-16,3.828027932341e-14,1.929877583636e-15,-7296.166200868,4.583728246739,-640.8610028858
15,7.5,301,9.03649550642e-16,3.854788171684e-14,9.566150982245e-16,-7199.610241248,-2.480227250298,-644.4457524758
15,7.5,302,9.092591681244e-16,3.82345420986e-14,-5.220883814084e-15,-7338.093905636,-0.211251353622,-639.1163709957
15,7.5,303,8.622515846615e-16,3.795945413917e-14,-1.73275350851e-15,-7223.515389644,4.622962560226,-637.1265853849
15,7.5,304,1.03530018002e-15,3.880072925825e-14,2.46113550246e-16,-7129.090847336,-0.9465334729503,-646.645678685
15,7.5,305,8.31784079462e-16,3.82910378756e-14,-3.941861459716e-15,-7265.772073533,-1.13455903815,-637.6921326528
15,7.5,306,9.421289343138e-16,3.854997012734e-14,-8.486260925772e-16,-7225.62873087,-7.183420112116,-644.8760237306
15,7.5,307,9.959872687197e-16,3.815233656024e-14,1.848778735352e-15,-6961.56527836,3.105437428903,-639.8194396532
15,7.5,308,9.495203373656e-16,3.820738496101e-14,-2.59630554842e-15,-7227.692393718,9.932792432002,-638.2823497706
15,7.5,309,9.480087100237e-16,3.847541622036e-14,-3.781703784737e-15,-7144.654085399,5.748620664061,-642.4908424325
15,7.5,310,8.290194946948e-16,3.81626544604e-14,-6.181599496965e-15,-7423.375420138,-2.547504219699,-637.2016882946
15,7.5,311,9.137574124566e-16,3.863868452247e-14,-3.470934842627e-15,-7425.544587951,9.710685396352,-646.2181944869
15,7.5,312,9.856522256199e-16,3.879716528036e-14,9.294193518013e-16,-7384.801614499,3.996929922813,-647.0891690942
15,7.5,313,9.013622529815e-16,3.8503694291e-14,-3.662314730866e-15,-6991.212451295,-6.640204324585,-642.366140675
15,7.5,314,9.591326635539e-16,3.833256912773e-14,-5.347167259791e-15,-7269.803839925,1.59762044349,-640.0442760597
15,7.5,315,9.60333484238e-16,3.842313446446e-14,-1.077362279964e-15,-7564.11254423,1.837134984419,-643.031470668
15,7.5,316,8.62674034712e-16,3.803787945147e-14,-2.523030259745e-15,-7442.647005565,-7.590746815064,-633.8020167893
15,7.5,317,9.355821452091e-16,3.827337129886e-14,-5.964086666508e-15,-7183.016582051,-0.4246336977038,-640.3695289681
15,7.5,318,9.836385536226e-16,3.841016204383e-14,-4.076503944907e-15,-7376.305220721,0.1973210964714,-641.5057518588
15,7.5,319,9.103931578361e-16,3.782710134683e-14,-4.075331125686e-15,-7259.423348339,6.664698553961,-631.9493324092
15,7.5,320,7.795964198327e-16,3.822951395881e-14,-1.47541723038e-15,-7189.27613801,-1.829786892515,-639.4621681388
15,7.5,321,9.307753550966e-16,3.8157132827e-14,9.624388156962e-16,-7316.620785974,-3.977036412969,-639.5307746484
15,7.5,322,8.299202318374e-16,3.833471999582e-14,-5.944823045044e-15,-7525.899921088,-0.5232203717943,-642.0388280033
15,7.5,323,8.682572774074e-16,3.849905093975e-14,-4.513074882761e-15,-7290.129308293,2.50700985221,-643.2622331967
15,7.5,324,8.572213458573e-16,3.833798604431e-14,-1.148192126706e-15,-7306.959528632,-6.740406794848,-640.9093326343
15,7.5,325,9.411969948626e-16,3.872126270725e-14,-5.044554300173e-15,-7304.261438406,-2.795782616664,-647.1061751051
15,7.5,326,1.034450118831e-15,3.847783057154e-14,7.150517576942e-16,-7333.741795748,-4.3789077453,-642.6870640575
15,7.5,327,8.557174677577e-16,3.827080349299e-14,-5.194637139482e-15,-7298.53756206,-2.720850132052,-639.0208414208
15,7.5,328,9.416412089116e-16,3.818932370512e-14,-7.391662569737e-15,-7243.537223144,6.180071238111,-636.4465783868
15,7.5,329,8.703545074295e-16,3.839178288552e-14,-1.96945558172e-15,-7208.788095452,-0.9423611085293,-640.2870075917
15,7.5,330,9.032833389396e-16,3.825174709951e-14,-4.610106214345e-15,-7438.577778344,-2.604293250163,-638.4886707218
15,7.5,331,9.817997253006e-16,3.874013726669e-14,-1.868491112137e-15,-7406.800422505,4.997129844977,-647.2743066587
15,7.5,332,9.60850900614e-16,3.87187224901e-14,-5.946771331946e-15,-7206.628640193,5.77301961659,-646.5131765845
15,7.5,333,8.103169336733e-16,3.848340075103e-14,-4.181617551686e-15,-7191.186517559,-8.787938814375,-644.1263831622
15,7.5,334,8.637649283337e-16,3.787901141455e-14,-7.014893974717e-15,-7289.261616681,-1.039760620667,-633.9455330308
15,7.5,335,8.009525555284e-16,3.833438156741e-14,-6.090506713425e-15,-7672.414837119,5.077556938243,-641.2772344228
15,7.5,336,8.443514645141e-16,3.792353619507e-14,-2.606511470618e-15,-7458.528237391,3.611047297934,-635.5796426783
15,7.5,337,7.497862752842e-16,3.802482051671e-14,-9.909252688196e-15,-7492.982789779,-1.513111147322,-637.3821580734
15,7.5,338,9.479539543832e-16,3.843241801415e-14,-1.367983349785e-15,-7352.014606895,-0.332003771983,-640.3034562445
15,7.5,339,7.46165300036e-16,3.83495168226e-14,-3.499758077625e-15,-7387.994538926,0.4742670905541,-640.5669741049
15,7.5,340,8.62371279796e-16,3.845769281936e-14,1.622130961623e-15,-7484.876627968,13.92223180944,-641.9275358153
15,7.5,341,7.742105111921e-16,3.851383483802e-14,-5.486379606203e-15,-7282.774214991,-1.735308492399,-642.7148144953
15,7.5,342,9.374648233252e-16,3.868512049851e-14,-4.713117090646e-15,-7281.39340548,5.496888152733,-645.9064646909
15,7.5,343,8.227224724053e-16,3.852394400519e-14,1.754624586181e-15,-7168.944768895,10.14952539973,-641.9378650353
15,7.5,344,8.833029096783e-16,3.809747621403e-14,1.866230489356e-16,-7213.627885489,5.076626478684,-638.2714583562
15,7.5,345,8.16967100644e-16,3.774988847137e-14,-6.829148177553e-15,-7358.008940033,-1.677945558538,-631.5638210338
15,7.5,346,9.471772328021e-16,3.861051119448e-14,-2.703094365654e-16,-7367.987900107,6.176312344386,-645.9993797143
15,7.5,347,7.494267437749e-16,3.860907234823e-14,-1.847986885186e-15,-7555.921051202,-1.919266498757,-643.5018549429
15,7.5,348,9.60530491921e-16,3.860715913911e-14,-4.788636940043e-15,-7545.42712415,-7.116930669583,-642.9702274277
15,7.5,349,9.588588432277e-16,3.84775284371e-14,-8.435859274281e-15,-7210.724415631,-0.04656603962104,-642.1935150719
15,7.5,350,9.354976158892e-16,3.848785642286e-14,3.016925992559e-16,-7206.313803284,-2.843743655339,-643.3581633688
15,7.5,351,8.058711735499e-16,3.828394831827e-14,-8.164543671021e-16,-7306.504036665,-6.216635402125,-640.3103094256
15,7.5,352,8.3818258408e-16,3.820838465958e-14,-1.065893265822e-15,-7384.110562398,12.19807975315,-637.5413815355
15,7.5,353,8.524288103296e-16,3.844264532793e-14,4.46262872252e-16,-7566.386327358,-10.56651260707,-643.6448280434
15,7.5,354,7.909094652275e-16,3.802468228754e-14,-3.721528089984e-15,-7549.974152221,-9.37177227228,-633.3072864672
15,7.5,355,9.470675074882e-16,3.84924523518e-14,-2.252330068773e-15,-7404.806585339,-1.793563934234,-641.86925456
15,7.5,356,9.582735814118e-16,3.821211511447e-14,-3.425151460157e-15,-7603.168282528,-4.908120568374,-637.7674925822
15,7.5,357,9.189889775834e-16,3.819091727346e-14,-1.104052624995e-15,-7254.86920143,6.343656689867,-637.3614720066
15,7.5,358,7.701639534152e-16,3.82773589041e-14,-7.686670354718e-15,-7130.389198759,-1.680171265308,-639.145969368
15,7.5,359,9.633806203183e-16,3.841786631086e-14,-2.29778632111e-15,-7498.975084822,-3.045273219401,-639.7214679549
15,7.5,360,8.546857425845e-16,3.815828744425e-14,-6.032581071241e-15,-7159.565105015,5.964141537617,-637.5216893637
15,7.5,361,8.589075297174e-16,3.825491101296e-14,-6.746295871858e-15,-7504.505077546,-5.931472261978,-639.2911454675
15,7.5,362,8.629816983264e-16,3.841767569945e-14,1.132598322461e-15,-7042.190849519,-2.727293887086,-642.840733144
15,7.5,363,9.515383242427e-16,3.803463291831e-14,-5.455496399836e-16,-7304.345227603,-5.601625294117,-635.3932473132
15,7.5,364,1.005488658887e-15,3.817460634183e-14,-2.834641691825e-15,-7350.919060166,-8.284001224115,-636.6492511053
15,7.5,365,8.489176701158e-16,3.819434597216e-14,-3.237167735684e-15,-7475.755332614,-1.989524910262,-638.6565423428
15,7.5,366,9.305767690718e-16,3.852306359921e-14,-1.24519746527e-15,-7203.404320596,4.716689820357,-643.1295182258
15,7.5,367,8.849916699647e-16,3.852576841534e-14,-4.974035048346e-15,-7276.121858303,5.05167203707,-644.6912808634
15,7.5,368,8.477380750754e-16,3.793277019632e-14,-6.00968620415e-15,-7530.372689212,9.376428056386,-636.4288529167
15,7.5,369,8.874501854108e-16,3.854716809929e-14,-2.084839355796e-15,-6830.15009551,-3.849846306885,-645.4944305616
15,7.5,370,8.439299429403e-16,3.840785969694e-14,-1.240436750984e-15,-7049.751517388,-14.62883471157,-640.0901430113
15,7.5,371,9.522971815517e-16,3.82933974832e-14,-4.601092716176e-15,-7247.386342576,-1.009705566065,-640.8116275474
15,7.5,372,7.87423082558e-16,3.854536870451e-14,-3.961137658224e-15,-7352.691801057,0.8706331507191,-642.9338842347
15,7.5,373,8.132081286244e-16,3.811366678815e-14,-3.665663057934e-15,-7417.504274678,-8.958408669025,-634.6595057981
15,7.5,374,8.800656754092e-16,3.871724104904e-14,-3.426389355038e-15,-7393.887033067,4.7507564708,-646.4548907406
15,7.5,375,9.223271423958e-16,3.844942711452e-14,-7.923632002752e-15,-7401.292921389,-11.15685276435,-641.4931594468
15,7.5,376,9.473178292249e-16,3.780021624276e-14,-2.725855295041e-15,-7387.214154319,-7.42667938915,-632.1216595205
15,7.5,377,8.705327245862e-16,3.830937442005e-14,-2.088117893368e-15,-7378.456527632,0.28840005236,-638.7883407709
15,7.5,378,8.638171764681e-16,3.850889063062e-14,-4.024655400312e-15,-7800.461505999,-3.502724548121,-642.650565203
15,7.5,379,7.885035733839e-16,3.853292739246e-14,-5.791272964095e-15,-7290.369413652,4.438223218455,-643.9579224157
15,7.5,380,8.790882439026e-16,3.833765048879e-14,-4.179531645902e-15,-7323.863894417,-1.957493837557,-641.5319705094
15,7.5,381,8.859136822758e-16,3.862516314282e-14,-3.531152739244e-15,-7504.681953268,3.164248799574,-644.1233748279
15,7.5,382,8.356537624033e-16,3.825657043838e-14,-2.731099574953e-15,-7435.496210424,1.669586468978,-638.8373136384
15,7.5,383,8.819131669143e-16,3.83887783236e-14,-4.762437087593e-15,-7668.361157521,7.978038850508,-640.1457094299
15,7.5,384,8.668380799432e-16,3.857550100774e-14,1.555612750126e-17,-7154.593951351,-5.156738842813,-643.2452747843
15,7.5,385,8.83732009238e-16,3.843126109739e-14,-2.322729056043e-15,-7321.745980875,3.361495287252,-642.2043645598
15,7.5,386,7.612317798273e-16,3.789539684917e-14,-6.230630583884e-15,-7019.915619733,0.3377142243803,-632.8937637403
15,7.5,387,9.289679453317e-16,3.825430917883e-14,-3.377086685311e-15,-7352.200084361,15.10574681455,-639.6303662005
15,7.5,388,7.355835703501e-16,3.825780704701e-14,-5.497691657658e-15,-7215.608146216,2.417801464834,-639.28259257
15,7.5,389,7.878074430704e-16,3.796484748418e-14,-2.432080283186e-15,-7413.694563251,6.203506247063,-635.3380207783
15,7.5,390,8.939408299557e-16,3.848955711785e-14,-2.457721338776e-15,-7327.705571007,-0.3836071094562,-643.3163806495
15,7.5,391,8.814321734966e-16,3.816943988854e-14,-2.291350760411e-15,-7491.199168701,-13.31651733942,-636.7321356511
15,7.5,392,1.01180100198e-15,3.848706825725e-14,-3.41728491606e-15,-7252.332384783,-5.350061626461,-643.6927433514
15,7.5,393,1.08871646454e-15,3.820543830563e-14,-2.682476571891e-15,-7250.152988757,7.776753661125,-638.2693118747
15,7.5,394,8.994696963448e-16,3.828949430197e-14,-2.105301533674e-15,-7241.106140114,-1.170685368209,-639.3549007332
15,7.5,395,9.13182394239e-16,3.83212991356e-14,-5.522475754799e-15,-7187.088949457,1.119449620457,-641.0449382893
15,7.5,396,9.698493874821e-16,3.849391795017e-14,-4.936856863861e-15,-7095.159056483,-1.183413649003,-641.8807967492
15,7.5,397,7.983575052735e-16,3.802551389017e-14,7.288023520332e-17,-7138.402983378,-5.331193848052,-634.783515863
15,7.5,398,7.98328099609e-16,3.836421681026e-14,-5.877617731352e-15,-7471.737855375,-9.632581152224,-641.2061122799
15,7.5,399,7.651663642521e-16,3.840872709673e-14,-3.759085564879e-15,-7144.547298522,0.07863197111484,-642.8635200572
15,7.5,400,1.043241375239e-15,3.827996741119e-14,-2.85874266312e-15,-7476.696169036,-1.510041097779,-640.9833721156
15,7.5,401,8.754498507827e-16,3.895393441815e-14,-6.001813217782e-15,-7191.899002536,-3.709008693312,-649.8911795792
15,7.5,402,9.215353477054e-16,3.820275441749e-14,2.73502550519e-15,-7263.078283516,0.8372531779517,-638.4770875126
15,7.5,403,8.885198144619e-16,3.886253704018e-14,-6.298305317975e-15,-7343.639272606,-2.580005785742,-648.9571669229
15,7.5,404,9.480432960172e-16,3.830816937828e-14,-4.142677602916e-15,-7208.836968226,4.647239465511,-639.2478933411
15,7.5,405,8.052769857894e-16,3.853405105778e-14,-2.967372515694e-15,-7249.505913102,1.365568191152,-643.0738537665
15,7.5,406,9.129613694549e-16,3.816526707992e-14,-2.679294393781e-15,-7211.634293039,2.58446249887,-637.4970484103
15,7.5,407,9.140926060372e-16,3.857519576092e-14,-4.058579585629e-15,-7327.634392247,-2.665085090335,-644.6914114881
15,7.5,408,8.376782990533e-16,3.839064063623e-14,-3.054303480931e-15,-7338.734298489,-4.963555557037,-642.177782884
15,7.5,409,8.85165801969e-16,3.830362741795e-14,-2.820898126348e-15,-7242.946118247,-7.679836885469,-638.916274618
15,7.5,410,8.031416266488e-16,3.821005165368e-14,-6.300217472837e-16,-7269.8150588,-1.352100800178,-639.6941372059
15,7.5,411,1.083018977808e-15,3.869934030681e-14,-4.378541869551e-15,-7167.389423089,-2.044872846405,-644.3111581225
15,7.5,412,9.893983365175e-16,3.823858432155e-14,-1.074106380579e-15,-7426.398608127,-1.853642756988,-638.0876031848
15,7.5,413,8.927891658106e-16,3.808139525127e-14,-3.492848584398e-15,-7015.716229214,-1.667218986984,-635.0340411226
15,7.5,414,8.833096138394e-16,3.826585924469e-14,-4.504995400412e-15,-7221.798106995,-3.863127677021,-638.7260318812
15,7.5,415,8.637436160033e-16,3.808878052475e-14,-2.95437931501e-15,-7239.916769723,-8.149939682763,-637.369900652
15,7.5,416,9.814368146689e-16,3.840824753107e-14,-4.149549053685e-15,-7278.833811577,-0.7584366532219,-642.3622102501
15,7.5,417,8.177660013924e-16,3.831521422235e-14,-4.216610101665e-15,-7486.190377469,3.061088657003,-639.5351293195
15,7.5,418,9.08382364208e-16,3.84259757718e-14,1.196090195411e-16,-7218.588168909,11.28829409111,-643.316236354
15,7.5,419,7.833564955184e-16,3.810735718626e-14,-2.807122051808e-15,-7084.576512518,3.45971946233,-637.0081011916
15,7.5,420,9.715317615176e-16,3.852348670628e-14,-2.990872484806e-15,-7623.100433635,1.297515544212,-642.7370605549
15,7.5,421,9.367829452292e-16,3.868771411509e-14,-3.607346639041e-15,-7247.349697482,4.589646585798,-646.6521118911
15,7.5,422,8.827775465292e-16,3.813371536346e-14,-3.731081111484e-17,-7216.126417625,2.356120953487,-638.9716308068
15,7.5,423,8.80086051194e-16,3.833455709495e-14,-5.441084106894e-15,-7239.846221002,-5.589707209596,-638.3344398312
15,7.5,424,7.059188406518e-16,3.838472390015e-14,-2.488044010641e-15,-7199.47590676,-0.7669647617185,-641.8200133517
15,7.5,425,9.650737234975e-16,3.835561968732e-14,-4.143277930618e-16,-7341.245815987,-0.8348750315223,-640.9453618488
15,7.5,426,9.877140973635e-16,3.893658217683e-14,2.421725080713e-15,-7184.07621637,2.291990818328,-650.3421197206
15,7.5,427,8.880408000722e-16,3.829669004615e-14,-3.347098524474e-15,-7018.657525795,8.162692653065,-639.9462718036
15,7.5,428,8.303216088349e-16,3.808479392863e-14,-4.384314112092e-15,-7217.822211734,3.229632621695,-636.7663855268
15,7.5,429,9.36975302339e-16,3.867121769477e-14,-5.779507689221e-15,-7342.280377126,2.499328454158,-646.1371020579
15,7.5,430,8.943690425418e-16,3.850934937264e-14,-2.831760038309e-15,-7238.87483714,-5.300959953855,-642.5248695441
15,7.5,431,9.213358447712e-16,3.853277728202e-14,7.612821192824e-16,-7293.827655812,1.145461930128,-643.0516291761
15,7.5,432,8.213449250896e-16,3.816328440442e-14,-2.235298379956e-15,-7089.776084303,6.719032619408,-638.9307953394
15,7.5,433,8.604578163088e-16,3.814927858722e-14,5.599073629006e-16,-7317.305090601,4.81183237848,-639.2857597375
15,7.5,434,7.703784683278e-16,3.805573644903e-14,-9.024212691737e-16,-7433.913514138,-6.330115563267,-637.1988516319
15,7.5,435,8.371179487093e-16,3.81985045281e-14,-6.280302638425e-15,-7378.067662203,2.540273360783,-637.5938846275
15,7.5,436,9.480596262179e-16,3.842772990392e-14,-3.695287117392e-15,-7154.520523332,3.420126617167,-642.0175404261
15,7.5,437,8.397424241639e-16,3.85226844786e-14,-1.759916672119e-15,-7194.223486871,2.299639125199,-644.5116916308
15,7.5,438,8.834916894552e-16,3.845904567475e-14,-5.302556911866e-15,-7410.514084638,-1.644417520365,-643.5503595137
15,7.5,439,9.388666890869e-16,3.841369491215e-14,-1.763172783415e-15,-7131.431096041,-3.893618761647,-640.0583287345
15,7.5,440,8.293084181523e-16,3.859800017641e-14,-1.761548675756e-15,-7264.276300969,-4.934154944745,-644.3575873046
15,7.5,441,9.562726366884e-16,3.82788471569e-14,-1.566736671642e-15,-7567.746338995,9.572986289819,-639.3281153345
15,7.5,442,9.815703563783e-16,3.86097839056e-14,-3.641871025232e-15,-7083.709387741,-1.720374846827,-646.1035194128
15,7.5,443,8.532474566935e-16,3.853504800876e-14,-6.095512664504e-15,-7442.94555937,-4.236603944645,-643.4081788423
15,7.5,444,8.90266561592e-16,3.825533213237e-14,-4.92628334919e-15,-7264.840083504,-8.711254189657,-640.8513406146
15,7.5,445,9.155157148336e-16,3.803998428065e-14,-1.758058113489e-15,-7555.122388774,-1.680807499822,-635.0722883511
15,7.5,446,9.358154695126e-16,3.823687856316e-14,-4.836578054131e-15,-7245.276969817,5.823638063434,-639.5501871764
15,7.5,447,8.907359345717e-16,3.808374051824e-14,-1.664737673196e-15,-7256.539421905,-1.700481737127,-636.9446307878
15,7.5,448,9.183349624618e-16,3.839960159522e-14,-1.077199345314e-14,-7314.265987626,-1.36227756111,-641.6083407133
15,7.5,449,9.287656493644e-16,3.837873536659e-14,-3.956613906613e-15,-7451.764019814,3.877183298118,-641.5668940845
15,7.5,450,7.85630088032e-16,3.817191854914e-14,-3.555096162323e-15,-7486.611531731,-1.670783616168,-638.6471742199
15,7.5,451,8.751520685874e-16,3.842272482235e-14,-6.166369643784e-15,-7305.051146827,7.122512352114,-641.5082530171
15,7.5,452,9.928757467569e-16,3.810238967445e-14,-4.513090884674e-15,-7360.739646922,-4.245857087143,-636.9468900927
15,7.5,453,9.186154488383e-16,3.839973722334e-14,-3.695537194243e-15,-7172.519689949,-4.334834537206,-640.9726183735
15,7.5,454,8.487224168729e-16,3.836142580643e-14,-2.447618520991e-15,-7510.992583366,10.14696975303,-641.0853567265
15,7.5,455,8.964760235124e-16,3.817972715382e-14,-5.765571915929e-15,-7554.809111497,1.040279033361,-636.9710135165
15,7.5,456,8.676881078698e-16,3.835855051021e-14,2.153688214211e-15,-7197.3136269,9.566318900353,-640.9705104735
15,7.5,457,8.2427192019e-16,3.844092859327e-14,-6.332064184396e-15,-7266.658505937,-4.022138361505,-644.2996957525
15,7.5,458,9.255367763242e-16,3.826572397824e-14,6.446383853854e-15,-7610.206361081,-4.615258824131,-640.6251205562
15,7.5,459,8.055682045122e-16,3.83222993959e-14,-2.565171034535e-15,-7461.043968586,-7.651073487818,-639.9991508556
15,7.5,460,8.336962280718e-16,3.810415525259e-14,-4.922445352584e-15,-7258.562745551,-1.673086791085,-637.4629398376
15,7.5,461,9.362728512598e-16,3.809672976195e-14,6.166984411859e-16,-7200.542297843,-7.406775571324,-637.5164527795
15,7.5,462,1.064810027616e-15,3.878744332008e-14,-4.495231301975e-16,-7448.305253147,2.266404924248,-647.7742655287
15,7.5,463,7.783573716842e-16,3.845816435308e-14,-9.014518918081e-15,-7447.489356951,-1.333581378835,-642.8527640942
15,7.5,464,8.290473004032e-16,3.869055747355e-14,-1.021077107417e-15,-7239.673290326,-2.073274504707,-645.6160951266
15,7.5,465,8.724705570057e-16,3.843275847294e-14,-1.183437667766e-15,-7382.797850984,8.491990879087,-642.7477393358
15,7.5,466,1.058028941768e-15,3.834597466686e-14,-5.592278842021e-15,-6903.436105031,1.296228692144,-642.7693462281
15,7.5,467,1.067250970178e-15,3.859653386625e-14,-8.018575218075e-15,-7486.676540528,-9.042130272914,-646.1354250224
15,7.5,468,7.284984121345e-16,3.797918396591e-14,-6.813075596402e-15,-7401.597799799,5.032774864357,-634.7200757427
15,7.5,469,9.340377153035e-16,3.863760944795e-14,2.921593166772e-15,-7747.51226672,4.825481177546,-643.5676112339
15,7.5,470,8.719550817292e-16,3.821177115138e-14,-6.3863275957e-15,-7171.181690958,0.9254769517283,-638.3516836708
15,7.5,471,8.379398501316e-16,3.870293464396e-14,7.59160060843e-16,-7376.404167438,1.026986109993,-647.3986184932
15,7.5,472,8.644744318542e-16,3.827491191369e-14,-4.22845941398e-15,-6817.805398479,-1.531728594088,-639.9005602179
15,7.5,473,8.53078998775e-16,3.79774812022e-14,-6.675738374412e-15,-7179.351798237,4.962727313205,-634.5807419834
15,7.5,474,9.659039572045e-16,3.860536990781e-14,-2.098282934664e-15,-7111.776922457,1.242334817816,-644.1339056919
15,7.5,475,9.38333653995e-16,3.838878111757e-14,-6.048252133731e-16,-7284.814635836,1.082974070192,-643.6751611633
15,7.5,476,7.691673231211e-16,3.844867355042e-14,-2.31430863968e-15,-7411.893487255,1.751575064006,-638.4113290674
15,7.5,477,8.431157280195e-16,3.867390326159e-14,-1.719211032106e-16,-7291.501599273,0.4455511688604,-645.7371766136
15,7.5,478,7.845866357397e-16,3.815627011096e-14,1.974691881353e-15,-7277.606263523,-6.089390762019,-638.5678836454
15,7.5,479,7.926661790238e-16,3.849596641393e-14,-3.473399999018e-15,-7265.671323716,1.405595743826,-641.8048868262
15,7.5,480,7.784578172027e-16,3.844537851404e-14,-8.158133842013e-15,-7339.512322064,-5.064375074719,-642.444801804
15,7.5,481,9.156685716098e-16,3.822513463784e-14,1.499665473886e-15,-7386.771594234,2.918866640408,-640.0299154702
15,7.5,482,9.176564502523e-16,3.858794155432e-14,-4.025963424302e-15,-7464.211749026,5.405659334443,-643.0971406661
15,7.5,483,7.460706290622e-16,3.846521194979e-14,-7.580983400134e-16,-7350.770316212,6.560172931403,-642.1239164134
15,7.5,484,9.074455161718e-16,3.830193774059e-14,-2.818458856698e-15,-7271.353607153,-7.555553967818,-638.8339483874
15,7.5,485,9.126067460344e-16,3.884471678617e-14,7.951248542393e-16,-7357.650223557,-6.825804758236,-650.2354847945
15,7.5,486,8.353139217549e-16,3.820165694107e-14,-5.378239726308e-15,-6983.66639354,3.409506032465,-638.3740220925
15,7.5,487,9.654172059354e-16,3.82512341754e-14,-2.315126764837e-15,-7290.528795882,-7.740776577611,-641.3860996113
15,7.5,488,9.782270096962e-16,3.776594438143e-14,-5.421153824374e-15,-7383.090201681,-1.448865577092,-631.0766565422
15,7.5,489,7.822057197064e-16,3.805890918059e-14,-2.100868370069e-15,-7278.457356742,5.872286334971,-636.0795835015
15,7.5,490,7.86656268585e-16,3.810559393694e-14,-3.256908232086e-15,-7249.388953313,5.668485820797,-636.9031335786
15,7.5,491,8.445840174137e-16,3.831507696831e-14,-7.595986180723e-16,-7477.193277827,4.423816646755,-640.4073645893
15,7.5,492,8.442653709596e-16,3.848847649184e-14,-1.897429417435e-16,-7331.258739914,-5.320783683073,-641.9455961545
15,7.5,493,7.868762992638e-16,3.800710625043e-14,-3.718887611304e-15,-7435.463581798,-1.335890752781,-634.4413193143
15,7.5,494,8.674021938158e-16,3.86152448001e-14,-2.55019084364e-15,-7504.347698985,2.536344454783,-644.5422022885
15,7.5,495,8.614308474435e-16,3.822478040007e-14,-3.178751335159e-15,-7232.680662814,4.951933047762,-640.0931257411
15,7.5,496,8.851156019582e-16,3.868795752379e-14,-9.739387195493e-16,-7327.616115317,2.565409216496,-645.3358495933
15,7.5,497,8.479513567071e-16,3.841904287163e-14,-4.790308059973e-15,-7358.515897398,-3.207559090668,-642.0000288611
15,7.5,498,9.220663289372e-16,3.839655886427e-14,-1.439975778482e-15,-7078.58342349,0.4160722910109,-641.7644725663
15,7.5,499,1.004019728811e-15,3.844957308198e-14,-1.224243056686e-15,-7374.924480575,5.599379845213,-643.0281430488
15,7.5,500,7.48430024505e-16,3.830893593853e-14,-3.640166149336e-15,-7428.744574071,10.62989009139,-639.735651718
15,7.5,501,7.610369269966e-16,3.851702281773e-14,-3.251974995677e-15,-7349.246607894,-7.612969736739,-641.5623378751
15,7.5,502,8.56202930675e-16,3.826812732446e-14,-5.256716672835e-15,-7297.039044506,6.532889219737,-641.4868264834
15,7.5,503,8.421497436174e-16,3.820745394849e-14,-6.795897488633e-15,-7391.536093581,-2.885561558715,-639.4384260214
15,7.5,504,8.909341108079e-16,3.822302418358e-14,6.08417031652e-16,-7315.015750913,2.26688729847,-639.7973291937
15,7.5,505,7.647103247543e-16,3.845805886195e-14,-5.204657321678e-15,-7152.884119818,-1.428503170941,-640.9611112597
15,7.5,506,7.57907941635e-16,3.850546427715e-14,-1.746362402875e-15,-7320.361640964,4.761038142031,-642.8820629978
15,7.5,507,8.862804617224e-16,3.876707047643e-14,3.559788982513e-16,-7490.131517674,7.222207183256,-646.1195979714
15,7.5,508,9.638515259775e-16,3.845732032529e-14,-1.59774230245e-15,-7243.771630893,-0.9543649264523,-643.2502592275
15,7.5,509,9.4172408672e-16,3.842055973211e-14,-8.253392026681e-17,-7356.932855708,5.0585506767,-639.9629154747
15,7.5,510,8.065454058324e-16,3.82900532941e-14,-7.55404133866e-15,-7332.315758453,-2.34918809261,-640.004957814
15,7.5,511,8.566276432512e-16,3.838508582059e-14,-3.626248491028e-15,-7217.845915411,1.591363080585,-640.1221282253
15,7.5,512,9.011749915487e-16,3.833107563339e-14,-5.073428870116e-15,-7240.092597791,-5.70290044048,-640.9293676934
15,7.5,513,8.43804663576e-16,3.875640010972e-14,-6.169103482659e-15,-7441.030645667,-1.905353998855,-645.5476184591
15,7.5,514,8.77551822579e-16,3.837113218884e-14,-1.302510833552e-15,-7252.657527907,0.02935605102073,-640.4195146479
15,7.5,515,8.931874401212e-16,3.865253569602e-14,-6.79032651734e-15,-7378.123295145,-2.262576295042,-644.37588294
15,7.5,516,7.171573516433e-16,3.817995588419e-14,-6.935325096554e-15,-7314.815272429,-3.429009144445,-637.9769617246
15,7.5,517,9.274061660572e-16,3.858732409476e-14,1.134516852235e-15,-7216.897890748,-2.448021647291,-643.5861738111
15,7.5,518,7.535252413252e-16,3.847106475465e-14,-1.006075558483e-14,-7173.7782721,-3.945913369409,-641.752940292
15,7.5,519,9.562618777744e-16,3.843716748405e-14,4.959701924763e-16,-7363.78899746,-1.411088365667,-642.659706566
15,7.5,520,8.784335312351e-16,3.869435583186e-14,1.865047053589e-15,-7183.007566456,1.091393618756,-644.4469545389
15,7.5,521,8.507443045021e-16,3.8019926751e-14,-4.97466280692e-15,-7430.89161846,-10.3944778467,-636.3315813769
15,7.5,522,7.617404686093e-16,3.826157860609e-14,-3.390477797946e-15,-7331.612564444,8.85563218484,-638.0709340373
15,7.5,523,8.553743193849e-16,3.842155324815e-14,-3.50736729638e-15,-7573.235978301,2.3092957824,-641.4384331533
15,7.5,524,9.451894304075e-16,3.852260445843e-14,-5.958764672029e-15,-7187.849932789,-2.411881192223,-641.6910684603
15,7.5,525,8.152397509986e-16,3.829530354734e-14,-2.862601952209e-15,-7338.396870891,6.838859903088,-638.5624858983
15,7.5,526,1.0462948201e-15,3.890255071373e-14,-1.951060177147e-15,-7099.879143067,1.455446727747,-650.6868343103
15,7.5,527,8.530719568482e-16,3.821144850131e-14,-8.783727730168e-16,-7338.744422411,11.55003940725,-637.1257743066
15,7.5,528,8.952060856944e-16,3.799198960503e-14,-4.844674588008e-15,-7357.884086336,9.432543923974,-635.5346282891
15,7.5,529,8.442606395677e-16,3.791581289866e-14,-4.534482508498e-15,-7302.714845984,-0.7221558385247,-633.7442708234
15,7.5,530,8.185520212789e-16,3.829789285163e-14,-5.230174974645e-15,-7432.74546622,-4.563012076208,-638.7136120632
15,7.5,531,9.064755729953e-16,3.796228238463e-14,-5.43126487551e-15,-7385.185652376,-15.98649871773,-632.6486958092
15,7.5,532,8.915260008519e-16,3.822522954262e-14,-6.744443377035e-15,-6996.787027796,-3.867880423796,-637.7956136553
15,7.5,533,8.134072938465e-16,3.870919627762e-14,-7.091547276086e-15,-7677.292274607,3.275690116774,-646.7628689627
15,7.5,534,8.436514461534e-16,3.876284231923e-14,-1.864424081665e-15,-7309.285525472,1.542002406929,-646.2747494875
15,7.5,535,9.215301844738e-16,3.831670049387e-14,2.075999185727e-16,-7353.031423774,4.635900988838,-638.8469733472
15,7.5,536,9.281674424954e-16,3.846647948695e-14,6.275304069976e-16,-7450.516429087,-1.436351372332,-642.3433456261
15,7.5,537,9.630817872531e-16,3.839043350821e-14,-4.111508134364e-15,-7578.789468918,4.072819774153,-642.5692594013
15,7.5,538,8.899082974933e-16,3.861103240523e-14,-4.087839441175e-15,-7246.845408727,0.7885686178771,-645.5944054041
15,7.5,539,9.641980654364e-16,3.875113638229e-14,-3.05345370163e-15,-7396.852517626,1.855417720516,-647.6365260586
15,7.5,540,9.053843943686e-16,3.834159978793e-14,-8.436805040453e-16,-7206.001380884,-1.222279656946,-642.9546912541
15,7.5,541,9.203374889012e-16,3.81109717272e-14,-4.518601233385e-15,-7446.706557453,3.057975483751,-637.074115799
15,7.5,542,9.031739640254e-16,3.839006110307e-14,-7.428262179731e-15,-7559.860891414,-2.870841578407,-640.2829032031
15,7.5,543,7.255841898157e-16,3.826791360445e-14,1.907541527203e-15,-7073.310696914,-4.310723981175,-639.9201579266
15,7.5,544,8.749262622519e-16,3.835648651121e-14,-8.629832748388e-15,-7268.596284567,-0.8369080833271,-640.0664758464
15,7.5,545,8.894323889019e-16,3.845369242872e-14,-4.05751279415e-15,-7211.704469789,-0.07538820446947,-642.5700358072
15,7.5,546,7.623332031031e-16,3.771964912835e-14,-4.747538478184e-15,-7321.755344389,-7.129618956612,-629.0237740768
15,7.5,547,8.492457589e-16,3.840249494787e-14,-3.840756103461e-15,-7335.713666602,-4.658046164862,-640.7441881224
15,7.5,548,1.043376859261e-15,3.856702641069e-14,-7.710765357861e-16,-7150.192617197,-1.665143662556,-641.7516308203
15,7.5,549,8.868655037426e-16,3.828489110103e-14,-6.678217892563e-15,-7170.21210908,0.5601454905471,-637.7071356276
15,7.5,550,8.383395705232e-16,3.804768261654e-14,-5.769598103114e-15,-7233.975880734,-7.496154072007,-635.8733851442
15,7.5,551,8.100857324086e-16,3.813773778614e-14,-6.641453574387e-15,-7310.758735996,5.672158985625,-637.2805609432
15,7.5,552,8.5268789248e-16,3.819043232711e-14,-5.504810211419e-15,-7695.116050235,0.3364262929087,-636.6152265885
15,7.5,553,9.224282185162e-16,3.837675775556e-14,-4.264353885703e-15,-7425.013172629,-4.432947089897,-641.3963200634
15,7.5,554,8.245085418315e-16,3.8135926893e-14,-8.069058438426e-15,-7506.585596198,-0.2914260736032,-638.6410261987
15,7.5,555,7.848635295991e-16,3.819759119306e-14,2.605333644398e-15,-7534.0127432,-2.561380405073,-639.2831300146
15,7.5,556,9.095333912112e-16,3.852291305804e-14,-3.267513436495e-16,-7245.52495247,6.271590946697,-643.0416450178
15,7.5,557,7.886162199745e-16,3.820564346027e-14,-3.743447410502e-15,-7536.553746403,-2.349410976081,-636.9429715865
15,7.5,558,8.148662644501e-16,3.857000039936e-14,-5.913837258273e-15,-7556.280609905,1.587775320337,-643.1417243949
15,7.5,559,9.358732010103e-16,3.849387156009e-14,-5.045004583171e-15,-7470.933349779,-3.807288274365,-641.8501316906
15,7.5,560,8.205492681853e-16,3.837120619945e-14,-5.282652750385e-15,-7313.361748869,-2.945046160982,-641.4100388415
15,7.5,561,8.709634213132e-16,3.830776767564e-14,-6.002894802804e-15,-7409.678687016,6.315530473577,-639.4308451962
15,7.5,562,1.034861233109e-15,3.833142999456e-14,-2.71394115323e-15,-7264.816745753,-3.76394283191,-638.84997334
15,7.5,563,9.281151447524e-16,3.823630844373e-14,-1.55866895728e-15,-7337.687319524,-0.1026823925507,-639.2445551669
15,7.5,564,8.760488333109e-16,3.83245921545e-14,-2.337900755194e-15,-7426.014672095,3.366450666101,-638.9990082702
15,7.5,565,8.312949671953e-16,3.83299600567e-14,-6.607674576177e-15,-7207.515934741,8.891608731143,-641.4976357919
15,7.5,566,8.723843241628e-16,3.890534157682e-14,-6.205147127455e-15,-7197.075587118,-2.757617725648,-647.6523445825
15,7.5,567,8.516387086411e-16,3.816125356841e-14,-3.580644400506e-16,-7199.737441516,-2.024224268974,-636.6426538162
15,7.5,568,9.846551879591e-16,3.80139353874e-14,-3.869449025575e-15,-7250.303526066,-0.5577251277525,-635.7997934829
15,7.5,569,8.694799224362e-16,3.828785325503e-14,-6.282062428591e-15,-7128.712024188,4.110121515219,-640.860588226
15,7.5,570,9.474019414166e-16,3.802982446464e-14,-3.254011296312e-15,-7438.572587502,-1.532263461106,-636.7602277214
15,7.5,571,9.237327144038e-16,3.83344595937e-14,-4.591214136026e-17,-7268.151004393,-3.12480788493,-639.898190131
15,7.5,572,9.301807345355e-16,3.817814142276e-14,-5.216627814724e-15,-7295.159732,-4.682800455627,-636.6934451686
15,7.5,573,7.410692713144e-16,3.858732633979e-14,-1.004840885939e-14,-7343.120903407,-4.731762534489,-644.4738504534
15,7.5,574,8.236259009159e-16,3.825698830617e-14,-6.810592211375e-15,-7052.028888238,-7.48082607349,-639.2270975088
15,7.5,575,8.332502653787e-16,3.848978756611e-14,-4.015285860359e-15,-7280.060724515,10.14190218861,-641.3353480376
15,7.5,576,9.155386915797e-16,3.809724423781e-14,-1.669661321199e-15,-7275.446025014,-2.763825331695,-634.2525638081
15,7.5,577,8.36178667559e-16,3.814790789702e-14,-6.794496727488e-16,-7099.075956301,8.062091798375,-636.0737745184
15,7.5,578,9.000284969118e-16,3.836281379884e-14,-3.583694985613e-15,-7409.796895878,7.352958503037,-641.4559940482
15,7.5,579,8.29169265141e-16,3.825862033576e-14,-6.961746979533e-15,-7693.491709023,1.062509756826,-637.6551758682
15,7.5,580,8.583344121096e-16,3.838884817288e-14,-5.647188165003e-15,-6933.460014052,-3.742392617627,-639.6724410738
15,7.5,581,8.61543905878e-16,3.882654000461e-14,-6.200275905239e-15,-6990.837343831,-9.850830255226,-647.8966275084
15,7.5,582,1.021512965252e-15,3.809782628028e-14,-1.690873146097e-15,-7216.915363374,2.867985376495,-637.666303896
15,7.5,583,7.762022759976e-16,3.826049897285e-14,-2.539039313689e-15,-7482.098995948,-2.500404747284,-639.7832083437
15,7.5,584,7.860610494288e-16,3.832233955975e-14,-2.988285025801e-15,-7217.815783013,5.750213463353,-640.4195133189
15,7.5,585,1.001798501635e-15,3.877607916757e-14,-4.608787015152e-15,-7260.016410174,5.072625992325,-648.1565430436
15,7.5,586,8.561829625866e-16,3.840622144829e-14,-4.086079565037e-15,-7508.719006028,-17.06242228175,-641.8119148453
15,7.5,587,8.511198702532e-16,3.810496010401e-14,-2.952280960468e-15,-7363.015445604,0.1295795866228,-637.932425476
15,7.5,588,9.398345384048e-16,3.813285630278e-14,-1.993768677032e-15,-7426.446763748,3.509962042326,-635.7244495681
15,7.5,589,9.166759498351e-16,3.850435994221e-14,3.259197406423e-16,-7216.661096765,-6.91487095263,-644.2088354106
15,7.5,590,8.515009074199e-16,3.843745798728e-14,-4.299058406928e-15,-7308.940931201,-8.929968608768,-640.7986400599
15,7.5,591,8.678766682742e-16,3.830548946453e-14,-4.471981633795e-15,-7427.272965709,-10.39034996221,-639.1119557106
15,7.5,592,7.760292694316e-16,3.848952191273e-14,-2.032801146664e-15,-7220.409532187,2.65825499804,-640.3785564993
15,7.5,593,8.983315704013e-16,3.858720776115e-14,-1.97310229088e-15,-7393.742108863,-4.829030961234,-643.8622002495
15,7.5,594,9.42404949455e-16,3.867231473195e-14,-6.537010562549e-15,-7490.07980439,0.4988503033423,-645.9958971193
15,7.5,595,8.021941572945e-16,3.84761038579e-14,-6.153983979424e-15,-7257.690406392,-2.134712999279,-644.0914822484
15,7.5,596,8.953544041289e-16,3.810011676561e-14,-2.542055278111e-15,-7287.757169964,-2.99481079703,-636.3203228954
15,7.5,597,8.45962074403e-16,3.830389424778e-14,-2.944984439577e-15,-7203.34911117,8.962910480956,-639.9700510769
15,7.5,598,1.004792263224e-15,3.859314797569e-14,-4.885983753068e-15,-7731.475619266,5.425906329902,-643.6220137876
15,7.5,599,6.948965990851e-16,3.825393769114e-14,-2.488658194278e-15,-7160.077219014,1.853291346026,-638.2831712223
15,7.5,600,8.314602575495e-16,3.819196998587e-14,-6.49198275461e-15,-7147.007110314,-6.355463031751,-640.1391950561
15,7.5,601,8.709336601164e-16,3.833272976046e-14,-1.149160716554e-14,-7439.269765735,-1.473086420491,-638.9588304701
15,7.5,602,9.249115177594e-16,3.848851901408e-14,-2.969217246279e-15,-7204.494360627,6.571488020101,-644.2315643582
15,7.5,603,8.912046259731e-16,3.852643710696e-14,-4.419660126805e-15,-7335.38456728,1.063067537085,-643.7850373259
15,7.5,604,8.406230402988e-16,3.837808760526e-14,-1.055769955213e-14,-7310.6286752,2.943846845668,-642.7909297064
15,7.5,605,9.286338888329e-16,3.859028847064e-14,-2.584716094273e-15,-7336.854032223,8.627496022075,-645.0672230766
15,7.5,606,9.371126602149e-16,3.818071109298e-14,-4.725120809481e-16,-7253.891744522,9.409175785131,-639.132219641
15,7.5,607,8.349459232112e-16,3.790562650369e-14,-7.762440403656e-15,-7139.379054192,-6.034547257994,-634.1985597249
15,7.5,608,8.265665247102e-16,3.864772259539e-14,-3.012773768393e-15,-7330.110895375,1.324699045105,-644.1720979902
15,7.5,609,8.766022529046e-16,3.863068974591e-14,-9.805241044308e-16,-7374.28217573,0.3719260090875,-647.6845266586
15,7.5,610,9.182253513e-16,3.839887484089e-14,-6.536485674269e-15,-7424.393249946,3.12571445589,-640.6482437272
15,7.5,611,8.580975922471e-16,3.817793107633e-14,-6.150435555043e-16,-7294.372302523,9.222371873934,-639.0937325847
15,7.5,612,9.115984775826e-16,3.803904844774e-14,-2.282130612268e-15,-7554.887369405,3.426016700481,-636.8929108992
15,7.5,613,8.088237160494e-16,3.843617086668e-14,3.653019731393e-15,-7372.100443756,10.0696437655,-643.0369521096
15,7.5,614,8.311468834988e-16,3.847347253228e-14,-1.821412166894e-15,-7322.140402566,1.091495239535,-643.3759339115
15,7.5,615,7.9055877107e-16,3.828742396162e-14,-2.587697010182e-15,-7333.715613594,-7.592072606239,-638.99153655
15,7.5,616,9.258207188216e-16,3.839695887255e-14,-6.856772386058e-15,-7477.977480403,-0.7105669444302,-640.0470128396
15,7.5,617,9.540694090812e-16,3.824344658113e-14,-1.278493895606e-15,-7384.931874434,-4.92700475565,-638.7829896457
15,7.5,618,7.425936964596e-16,3.810954560502e-14,-1.455207316272e-14,-7360.328750265,-4.786040138316,-635.7138685747
15,7.5,619,7.751456020053e-16,3.824142128516e-14,-6.741864924868e-15,-7290.117322297,-10.60068428217,-638.7940630257
15,7.5,620,9.301308148791e-16,3.875395652482e-14,-3.705054343453e-15,-7363.558770785,1.11743636954,-645.1476554293
15,7.5,621,9.450625600363e-16,3.868991227956e-14,-5.521202767611e-16,-7249.851306338,-7.663581750226,-646.2663851109
15,7.5,622,8.852377247727e-16,3.829129148433e-14,-3.754470467296e-15,-7111.646936446,-0.8979831081839,-638.6256968502
15,7.5,623,8.7543838185e-16,3.854663632862e-14,-4.340886212335e-15,-7346.957450648,11.35044188214,-644.9504704872
15,7.5,624,9.025266907211e-16,3.816240411598e-14,-9.666776870015e-15,-7447.700750825,-4.010082477305,-637.5225943055
15,7.5,625,8.272027912457e-16,3.836930483286e-14,-5.167937493042e-15,-7561.623289126,-3.672863935943,-640.1281808426
15,7.5,626,9.638699944648e-16,3.819707960884e-14,-3.223186875635e-15,-7479.372772666,2.350602833226,-637.8701822327
15,7.5,627,8.197679105859e-16,3.830650478839e-14,-3.018103803803e-15,-7445.421593613,5.263044427461,-639.2787940741
15,7.5,628,8.269665277654e-16,3.844995212975e-14,-3.444123727947e-16,-7312.023900436,3.198735938796,-642.6888581827
15,7.5,629,9.436704367253e-16,3.813378465112e-14,-4.421752624549e-15,-7548.448035226,3.618458166712,-637.4946997188
15,7.5,630,9.265893366776e-16,3.832531802654e-14,-4.28508935777e-15,-7259.829711185,2.403142691555,-637.2699872741
15,7.5,631,1.007312473533e-15,3.802560309606e-14,-2.720115632741e-15,-7240.391772862,-3.864678433618,-635.3781789293
15,7.5,632,8.4928585882e-16,3.844577091091e-14,-2.523415834367e-15,-7526.138402347,2.041695858185,-642.9565836069
15,7.5,633,8.539199602241e-16,3.85844398541e-14,-3.89987200139e-15,-7233.210767559,-0.8582884031794,-644.3389451851
15,7.5,634,9.409929727487e-16,3.782029975467e-14,1.735282663432e-15,-7365.386542316,-2.819737935798,-631.7214811368
15,7.5,635,7.783348029613e-16,3.885635022741e-14,-6.184913131117e-15,-7213.600030429,-3.065880516827,-647.5593202896
15,7.5,636,8.94596973975e-16,3.826537320526e-14,7.846714810909e-16,-7360.042675164,-8.040310088209,-637.6729957154
15,7.5,637,8.394524200902e-16,3.869024817503e-14,-3.051586163463e-15,-7239.166473597,-1.585128633944,-646.4001013525
15,7.5,638,7.964039360763e-16,3.845129791248e-14,1.122250502416e-15,-7289.05309815,-7.615084885492,-642.1491758214
15,7.5,639,7.883537285633e-16,3.823427650071e-14,-4.304273468104e-15,-7163.321881167,-0.6964894102486,-637.108422346
15,7.5,640,7.740056264489e-16,3.847794272477e-14,-4.941657540193e-15,-7609.552317102,-4.284318195993,-640.0805035216
15,7.5,641,8.270994069292e-16,3.79282643713e-14,-6.626577790772e-15,-7233.218241819,-6.086916371887,-632.914423477
15,7.5,642,8.315260486432e-16,3.825928271823e-14,-6.36301224146e-15,-7141.993095015,-9.970120883266,-638.3941379513
15,7.5,643,8.587761681019e-16,3.853673121277e-14,-3.188584016632e-15,-7317.954480104,0.07773344910989,-643.8724077802
15,7.5,644,8.726156672229e-16,3.840662381972e-14,-1.044332323391e-15,-7349.113968172,8.421742934421,-641.234438288
15,7.5,645,7.50301172855e-16,3.812747432921e-14,-7.080572290766e-15,-7137.743322208,-6.819505644573,-638.1547241745
15,7.5,646,7.710887211215e-16,3.862178178478e-14,-7.260897013831e-15,-7454.242097037,-7.194650153247,-644.6296590046
15,7.5,647,8.603524310818e-16,3.808289605504e-14,-4.153444737559e-15,-7308.602299462,2.283386361325,-633.9559188836
15,7.5,648,9.224931278743e-16,3.830145366907e-14,-5.299262086111e-15,-7649.817636719,5.962379731182,-638.7248479059
15,7.5,649,7.369867581148e-16,3.833061622679e-14,4.193942078103e-15,-7292.515866407,2.435399903891,-640.1518553353
15,7.5,650,8.518359588443e-16,3.828509828501e-14,-3.608590209786e-15,-7471.587732957,-6.26518333247,-639.0986432251
15,7.5,651,8.180418933704e-16,3.805938677789e-14,-1.013112746507e-15,-7577.849239783,-2.211478241103,-638.5121328114
15,7.5,652,8.470495263578e-16,3.838484558388e-14,1.605047394252e-15,-7271.306395092,-2.286980404172,-640.4231155017
15,7.5,653,8.056544093098e-16,3.818881183357e-14,-6.879005197597e-15,-7300.30142075,-1.769392037521,-638.5951218814
15,7.5,654,9.801268568593e-16,3.846571414534e-14,-1.242213474701e-15,-7349.683963022,-9.897871148136,-641.5976593474
15,7.5,655,8.704273896615e-16,3.847018816126e-14,-2.821112286711e-15,-7345.475528432,7.121857755077,-641.4266400134
15,7.5,656,8.360811919931e-16,3.845337056187e-14,1.501583859913e-15,-7292.028836446,-2.516106031398,-641.0403308325
15,7.5,657,8.497919090891e-16,3.855224050705e-14,-2.173107302849e-15,-7257.003578027,0.2079748827575,-645.6466652904
15,7.5,658,8.843483507246e-16,3.820990961477e-14,-7.641610598752e-15,-6820.843641493,-0.1530375901071,-638.4776558925
15,7.5,659,9.413405855359e-16,3.871207836083e-14,-3.544607428499e-15,-7403.075577353,-2.948551787774,-645.7128406953
15,7.5,660,8.537994736854e-16,3.855999764077e-14,6.692236498215e-16,-7589.397019966,10.70193601444,-644.2961890914
15,7.5,661,8.41130532868e-16,3.841168939107e-14,-8.625629629515e-15,-7407.033894949,12.40929862146,-642.6356931555
15,7.5,662,8.485150042718e-16,3.81479328508e-14,-3.815519645675e-15,-7333.060632491,-8.565146106133,-639.8682593391
15,7.5,663,9.574831795544e-16,3.860450219537e-14,-2.014581559075e-15,-7249.661925911,5.569504364099,-645.522698318
15,7.5,664,9.509651737897e-16,3.815956090656e-14,3.203708423667e-16,-7551.999723709,-0.9131631994103,-637.9521121902
15,7.5,665,8.91622139776e-16,3.874004514337e-14,-5.647282126243e-15,-7214.384890913,-11.62730164528,-644.7835737015
15,7.5,666,9.058373261361e-16,3.825189632042e-14,-5.334140642985e-15,-7274.564285376,0.5598213446676,-638.7340002299
15,7.5,667,8.589176197602e-16,3.809096086537e-14,-4.713376171786e-15,-7103.942230371,-2.543774903866,-638.1221029301
15,7.5,668,7.733530978945e-16,3.817452969048e-14,-8.959444991591e-15,-7353.21732022,-10.89609291,-635.3882727422
15,7.5,669,9.522162917696e-16,3.861793664398e-14,5.370977589538e-16,-7152.078395957,1.293951512568,-644.7153419415
15,7.5,670,8.931630422281e-16,3.806092576277e-14,-1.824662206132e-15,-7062.905860908,-3.138147269101,-637.0256281362
15,7.5,671,7.750236262815e-16,3.839185620071e-14,-4.846528759254e-15,-7294.293780282,-4.13006884776,-643.1689793677
15,7.5,672,7.70606593498e-16,3.840128970189e-14,-3.808796174475e-16,-7350.97750968,-4.758544236253,-642.5478540175
15,7.5,673,8.352064109895e-16,3.819070139397e-14,-4.126541372242e-15,-7164.346928504,-13.54327390818,-637.4669152514
15,7.5,674,8.529352756302e-16,3.784308001218e-14,-4.371881938882e-15,-7300.777081705,-5.309978470157,-632.2862073384
15,7.5,675,8.995825442289e-16,3.848331938166e-14,-1.123657573602e-15,-7062.737163393,6.106207946833,-641.2310449713
15,7.5,676,8.740421477415e-16,3.816090796373e-14,-5.937381047787e-15,-7588.33052756,-8.419002729113,-634.2528516751
15,7.5,677,8.394270602961e-16,3.822963943291e-14,-3.679392000418e-15,-7420.537005961,-1.750222621377,-639.0750773402
15,7.5,678,7.609788827938e-16,3.832894575752e-14,-5.982200130649e-15,-7470.739291724,6.327977505588,-640.2032825659
15,7.5,679,9.729627460135e-16,3.843834864101e-14,-3.567911187976e-15,-7106.694943638,5.108724047498,-641.7180175064
15,7.5,680,8.870985274018e-16,3.809764908554e-14,1.162595138006e-15,-7080.397224156,-1.719402107523,-636.4962175484
15,7.5,681,9.554000700102e-16,3.816394895611e-14,-2.199168486173e-15,-7275.373325778,-9.166526165321,-637.2942244717
15,7.5,682,9.534974272564e-16,3.819282879062e-14,-2.853560607149e-16,-7176.988628537,-1.813908684333,-638.4150050965
15,7.5,683,8.045077400011e-16,3.861123608189e-14,-7.446148870866e-16,-7317.891513287,6.489620581383,-644.8978172725
15,7.5,684,9.443110813472e-16,3.815129691731e-14,4.342768731172e-16,-7229.762126651,-1.495184678009,-638.8487506083
15,7.5,685,9.213054796831e-16,3.816668226057e-14,-2.694237463524e-15,-7295.53773101,0.5160585714158,-639.0384952469
15,7.5,686,7.623027459898e-16,3.838758749983e-14,-2.28741938855e-15,-7242.281308341,-2.841594767982,-641.1097649751
15,7.5,687,8.899191998715e-16,3.825163364592e-14,-5.871659509271e-15,-7660.924195317,0.3523653373584,-640.0929305113
15,7.5,688,8.625708714445e-16,3.837661999874e-14,-7.087290939234e-15,-7441.213157746,-6.557691491253,-640.6676853466
15,7.5,689,8.859935223118e-16,3.810244161103e-14,-6.33426279655e-15,-7307.763264009,0.2066807719456,-637.6751264218
15,7.5,690,7.924348130138e-16,3.867179483092e-14,-5.466196371695e-15,-7345.191753563,-6.1365178077,-645.7866172819
15,7.5,691,9.180548624692e-16,3.864477095101e-14,1.215281399374e-15,-7158.380680913,2.715292545251,-644.2253056524
15,7.5,692,9.173591382059e-16,3.840529232784e-14,-5.768907896626e-15,-7518.884368914,-8.945845330513,-639.2796203987
15,7.5,693,6.962299296607e-16,3.813938480797e-14,-3.480328986019e-15,-7095.528014148,0.173961664483,-636.8890117163
15,7.5,694,9.434208702382e-16,3.800702850112e-14,-8.076890859966e-15,-7380.606877021,-5.123314895662,-635.9684392173
15,7.5,695,8.799404587938e-16,3.823411101466e-14,-8.065750015248e-15,-7400.28289759,6.985231912187,-640.6073933153
15,7.5,696,9.219282243953e-16,3.884501940711e-14,-6.159624870668e-15,-7140.165346026,-12.29055459075,-648.20814467
15,7.5,697,8.751348347168e-16,3.869861126029e-14,-4.708041130133e-15,-7280.859710548,-9.151741996351,-647.0784881366
15,7.5,698,9.122566825197e-16,3.844379269829e-14,-3.975904405855e-15,-7052.39154423,-8.375374164642,-642.8034544428
15,7.5,699,7.789830218856e-16,3.836948035982e-14,-4.331543304274e-16,-7092.642527391,-10.23437752403,-642.1749660728
15,7.5,700,8.595036335131e-16,3.833443157192e-14,-8.130907385191e-15,-7415.477975993,-5.493943686629,-640.1109853102
15,7.5,701,8.268723828566e-16,3.826081313268e-14,-4.011694802705e-15,-7253.044916674,-2.513229179759,-636.0187599026
15,7.5,702,8.578396222881e-16,3.783210789423e-14,1.111387114075e-15,-7687.148010327,-1.850697966463,-633.4544920539
15,7.5,703,9.392283008548e-16,3.818294124491e-14,-1.066814430131e-14,-7443.725552119,-1.979042593265,-637.5778576912
15,7.5,704,8.494133065469e-16,3.848744200513e-14,-4.941057208925e-15,-7322.771681489,5.525400294242,-644.5511835488
15,7.5,705,8.189869899223e-16,3.810432421241e-14,2.14282493754e-15,-7533.308692305,-1.389442136793,-639.0085950084
15,7.5,706,9.905558304617e-16,3.869129482493e-14,-5.717860488229e-15,-7267.613456237,1.985022276082,-644.020992184
15,7.5,707,9.638733585195e-16,3.861151997043e-14,-5.671505032329e-16,-7338.328850506,-3.9321851756,-646.0672759341
15,7.5,708,8.498507622295e-16,3.830046663625e-14,-1.619123251464e-15,-7220.544454623,5.975262178327,-639.4699288812
15,7.5,709,1.029279511682e-15,3.879779669601e-14,-2.955424479397e-15,-7292.898687501,-0.9042029686854,-645.6054436914
15,7.5,710,9.800695285818e-16,3.802366697164e-14,-3.462815974234e-15,-7444.309072659,-3.088039842199,-634.593555436
15,7.5,711,8.600676745724e-16,3.826297690675e-14,-8.21030207155e-15,-7542.433896435,2.096427605459,-639.1493054031
15,7.5,712,9.575882156688e-16,3.826211163958e-14,-8.174421478393e-15,-7179.43809716,8.348643615253,-638.9566465154
15,7.5,713,8.155797786368e-16,3.841527059975e-14,-3.536883431575e-15,-7314.75420607,4.821050416576,-641.6075198543
15,7.5,714,9.184886670041e-16,3.842435340155e-14,-2.626678018357e-17,-6985.477451071,-5.194779291913,-643.1306869381
15,7.5,715,9.17464044369e-16,3.859916521648e-14,-2.684418983426e-16,-7209.878357337,-2.438686827729,-643.3357615173
15,7.5,716,8.555813698409e-16,3.849793765809e-14,2.269411314456e-15,-7158.118565737,5.691523212013,-642.6717641349
15,7.5,717,8.888217918446e-16,3.845453358024e-14,-1.73243779014e-15,-7231.343185786,6.152310140585,-643.5893849065
15,7.5,718,8.755612499658e-16,3.771235036812e-14,4.349503781627e-16,-6906.405063365,3.639741092221,-629.5857546273
15,7.5,719,8.702210232803e-16,3.818606795197e-14,-3.85310762187e-15,-7221.34520024,6.348817236603,-637.7764745264
15,7.5,720,8.291127556495e-16,3.865539954318e-14,-3.821225607717e-15,-7409.976820193,-1.258969870568,-644.8029908283
15,7.5,721,8.130179801058e-16,3.831985920425e-14,-5.741427724596e-15,-7290.918007364,-1.335800353674,-640.8172868548
15,7.5,722,7.062714743226e-16,3.828245058491e-14,-3.649100096122e-15,-7472.502735227,10.55577636991,-637.5347531079
15,7.5,723,8.819965440157e-16,3.863166643687e-14,3.753461260205e-15,-7287.270277562,-0.04166700818627,-644.2388136885
15,7.5,724,8.934293345505e-16,3.822093536264e-14,-9.657311925552e-15,-7314.838363871,-1.041913688857,-639.1911142102
15,7.5,725,8.343896665799e-16,3.801749647942e-14,-2.513427608524e-15,-7249.506283272,0.1617781461003,-636.8492874504
15,7.5,726,8.741134481211e-16,3.844513036807e-14,3.02255054413e-15,-7250.993147907,-0.1945438624242,-642.1942057749
15,7.5,727,8.934552243067e-16,3.87537132249e-14,-7.291805906822e-15,-7350.339444994,9.355129164711,-647.0534808466
15,7.5,728,8.927662480104e-16,3.857568427421e-14,-4.655676234561e-15,-7252.25084884,5.67796309053,-641.9296281185
15,7.5,729,8.343837675436e-16,3.852060649927e-14,-2.382804592844e-15,-6790.503032799,-0.5989503728474,-643.7755455244
15,7.5,730,8.703821835081e-16,3.834245779577e-14,-4.18119149545e-15,-7205.921811748,-0.4879208940478,-639.6289642952
15,7.5,731,9.110650390046e-16,3.859301851242e-14,-4.763413357805e-15,-7513.262609085,-2.689369513638,-645.2164632038
15,7.5,732,9.498103366659e-16,3.851171580181e-14,1.924306117424e-15,-7157.078654376,9.146283147295,-643.624032853
15,7.5,733,8.114140814998e-16,3.840719106059e-14,-1.043897679975e-14,-7179.48296885,-4.207950080857,-641.0790495455
15,7.5,734,8.878224434211e-16,3.824857418507e-14,-4.511035693782e-15,-7212.841460048,-1.767927225556,-636.6197462567
15,7.5,735,8.375965588683e-16,3.831199683419e-14,2.494409527682e-16,-7009.402812282,6.737570674004,-641.5299787167
15,7.5,736,8.861812794816e-16,3.839496524278e-14,-8.144148535665e-17,-7166.372223409,1.491397735685,-643.3050349162
15,7.5,737,8.767897505553e-16,3.813569040427e-14,-6.125183624255e-15,-7406.516253516,9.381623278158,-638.9334346953
15,7.5,738,7.176287608599e-16,3.821110598674e-14,-5.136304988781e-15,-7277.194326758,-2.617961904939,-637.1265646355
15,7.5,739,9.548971823097e-16,3.863639150524e-14,-2.016280845946e-15,-7327.752263752,3.085760506208,-643.1325030425
15,7.5,740,8.85792584452e-16,3.812559295375e-14,-2.888004900301e-15,-7352.385695879,-1.103688232413,-639.9842215069
15,7.5,741,9.631285608054e-16,3.808421700537e-14,-3.627305199462e-15,-7442.252709495,2.822924514984,-635.9712612985
15,7.5,742,9.571685207805e-16,3.823418700032e-14,-3.355931957101e-15,-7599.138001343,-5.025830890377,-639.0034140404
15,7.5,743,8.969130664615e-16,3.842741376e-14,-4.844436379072e-15,-7278.290139761,1.062808304642,-645.0855901257
15,7.5,744,9.247848647577e-16,3.86717661907e-14,-7.48051552979e-15,-7041.362168878,-2.623228007275,-646.4788994564
15,7.5,745,8.332578346845e-16,3.823939854716e-14,-8.682553551178e-15,-7108.771445391,-5.38188410063,-639.6180118356
15,7.5,746,8.311288868766e-16,3.861187875491e-14,-7.867949710216e-15,-7262.030643627,-3.058210123284,-645.2458517276
15,7.5,747,7.657291364981e-16,3.851946055865e-14,-3.994786699876e-15,-7106.809645528,3.460336021455,-643.1797344735
15,7.5,748,7.816071503454e-16,3.816631799403e-14,-3.634750597009e-15,-7248.407974288,-0.3118188471369,-636.3140690292
15,7.5,749,9.450581759862e-16,3.830721183081e-14,-3.600109386309e-15,-7246.430348374,-7.305174035768,-639.6671952496
15,7.5,750,8.773039876055e-16,3.852485503648e-14,1.516808013521e-15,-7426.43003778,12.42790637922,-643.874821436
15,7.5,751,9.32993227575e-16,3.844121545775e-14,-1.895415606239e-15,-7330.791425723,1.884186044021,-641.421259963
15,7.5,752,9.20865353206e-16,3.821180414122e-14,-3.380726963353e-15,-7539.476953534,-0.372886802401,-637.7928439763
15,7.5,753,8.556152258187e-16,3.839644434344e-14,-1.956833811982e-15,-7356.835248484,4.852271047505,-639.29801757
15,7.5,754,8.418923855842e-16,3.808705691121e-14,2.30451911072e-15,-7316.444659094,2.561141227843,-637.0297458672
15,7.5,755,8.797770842136e-16,3.859371802143e-14,-2.811429445952e-15,-7121.00825692,-7.782523641562,-645.6485129252
15,7.5,756,8.502011820692e-16,3.844633217527e-14,1.459680933283e-16,-7408.223250612,5.63334367896,-642.2535246683
15,7.5,757,8.734981226835e-16,3.825698749553e-14,-3.394830351783e-15,-7434.899552366,-3.169378423459,-639.3413419115
15,7.5,758,9.050179520967e-16,3.856984462113e-14,-7.306626013861e-16,-7341.712150191,-2.934835218031,-645.0107061826
15,7.5,759,8.296191941003e-16,3.825861500106e-14,1.01779808374e-15,-7396.438050624,7.100861929391,-639.1240212426
15,7.5,760,8.023500999887e-16,3.867459699834e-14,-7.682884562361e-15,-7501.037664108,-2.998825134893,-645.4078875529
15,7.5,761,9.481822400704e-16,3.802735713444e-14,-8.832204298005e-15,-7603.141961908,-6.308051325484,-636.4992819057
15,7.5,762,8.547855019272e-16,3.817624276133e-14,-5.321149264056e-15,-7324.71184354,-3.191009754864,-639.3038580217
15,7.5,763,8.620048042081e-16,3.852530526191e-14,-2.368682855566e-15,-7447.043960078,-7.429615373074,-642.8418000336
15,7.5,764,9.005304090192e-16,3.841357640092e-14,-4.868176095832e-15,-7667.338062721,-3.649433621297,-640.9014143706
15,7.5,765,9.226709615206e-16,3.848959744425e-14,-4.524863547522e-15,-7382.124351399,8.904241486378,-643.350386487
15,7.5,766,8.536039067684e-16,3.862736148982e-14,-3.891449197359e-15,-7377.238147397,-3.966970800302,-647.0382059071
15,7.5,767,8.994530696934e-16,3.834517025217e-14,-3.05726317981e-15,-7295.603021916,5.48711665328,-639.8573305337
15,7.5,768,8.986268774462e-16,3.7960846835e-14,-1.696297333003e-15,-7569.806565303,2.358977797037,-633.5722149059
15,7.5,769,9.148912881987e-16,3.850478455978e-14,-4.137790385362e-15,-7037.383609472,1.093505872181,-643.0059832895
15,7.5,770,8.887784432507e-16,3.819378819682e-14,-2.846331408475e-15,-7273.279110743,-2.449199023244,-639.6811117727
15,7.5,771,8.657395031508e-16,3.864825795434e-14,-6.042674055368e-16,-7505.312769775,-3.553966877571,-645.5061287706
15,7.5,772,8.972791874322e-16,3.844768916342e-14,-7.538035561895e-15,-7356.319941641,-4.062203391271,-640.9244061601
15,7.5,773,9.052134975141e-16,3.852026222164e-14,-1.031313964765e-14,-7490.069067585,-4.709831547152,-642.3637818878
15,7.5,774,8.112891320592e-16,3.860221504827e-14,-6.044040660409e-16,-7528.933925534,-0.03544309800333,-642.6837277907
15,7.5,775,8.948466204259e-16,3.850694320566e-14,-3.051797256232e-15,-7265.36928901,3.115508466894,-641.9103345951
15,7.5,776,8.496030705512e-16,3.789375409609e-14,-5.1152098811e-15,-7230.369844643,1.7725084713,-634.1471693708
15,7.5,777,9.977362628768e-16,3.8498604905e-14,-3.075731146604e-15,-7412.529210022,3.997005655878,-642.3895068766
15,7.5,778,8.032136589692e-16,3.866778548545e-14,-6.636081740275e-15,-7256.113879152,-3.188340954809,-644.6240405216
15,7.5,779,9.993086332231e-16,3.83660272201e-14,-7.923194424137e-15,-7524.573865548,-2.136263431583,-639.349822618
15,7.5,780,9.499900192202e-16,3.856724558829e-14,-7.309111469012e-15,-7022.037553165,-0.5005118044463,-643.6088803983
15,7.5,781,8.070455858824e-16,3.858494706798e-14,-8.243670827849e-15,-7517.591225549,1.791597892301,-645.7029496171
15,7.5,782,8.477395990666e-16,3.864976593695e-14,-1.676915750107e-15,-7245.839623877,-6.025200277078,-645.3408496356
15,7.5,783,8.128754235417e-16,3.808771017647e-14,-1.614481488551e-15,-7192.841992956,0.0001444630859936,-633.9871521705
15,7.5,784,7.861141535339e-16,3.834905123219e-14,-5.028547175647e-15,-7353.097063792,-7.985043698292,-638.9668470942
15,7.5,785,1.017736978636e-15,3.876017749395e-14,-4.294906499781e-15,-7429.922095996,3.53982441934,-646.3902042505
15,7.5,786,9.89458661206e-16,3.839478389029e-14,-4.78417129834e-15,-7255.296939656,1.479969094807,-640.8191650057
15,7.5,787,8.870543233739e-16,3.827398819342e-14,-1.026699512948e-14,-7461.050346768,-4.076888445917,-639.8450666516
15,7.5,788,8.678100552755e-16,3.805592755959e-14,-8.918939407565e-15,-7110.002369953,7.94703540979,-637.7802697811
15,7.5,789,8.706844183997e-16,3.822367810563e-14,-4.212789071186e-15,-7264.110860747,0.3891765062171,-640.3649274688
15,7.5,790,8.61314761614e-16,3.854610796051e-14,-6.602817039842e-15,-7484.320128873,-1.609736999476,-644.2400202527
15,7.5,791,8.621368572734e-16,3.835315371024e-14,-2.412309675754e-15,-7211.336363388,-9.96903781393,-640.4625276939
15,7.5,792,9.535020894409e-16,3.822675967225e-14,-5.261806701968e-15,-7330.783496823,-0.1234879818956,-638.3761007851
15,7.5,793,7.868641344367e-16,3.821662903149e-14,-3.279457366713e-15,-7310.33506224,-0.7439422941637,-637.9306582728
15,7.5,794,8.682377809648e-16,3.85528377562e-14,-5.88365045265e-15,-7457.077996753,14.09266885397,-643.7202533268
15,7.5,795,9.937484020843e-16,3.878990387307e-14,-7.419760583364e-17,-7453.990704694,0.1709418275605,-646.3732012926
15,7.5,796,8.992835834717e-16,3.852536333637e-14,1.617869762904e-17,-7243.981279044,-7.51439515126,-643.8569436669
15,7.5,797,8.173630893924e-16,3.869416591083e-14,-6.493006037142e-15,-7087.225647224,1.731040278739,-644.5150643179
15,7.5,798,1.003380994033e-15,3.808488135103e-14,-1.392449169533e-15,-7332.223065898,2.350254326834,-638.4220655408
15,7.5,799,9.449536670808e-16,3.83196272332e-14,-3.788476198907e-15,-7277.73469454,-3.393388708176,-641.1433462445
15,7.5,800,7.74712943496e-16,3.895621668181e-14,-2.030816555992e-15,-7376.089036753,-6.493684290849,-649.7599286459
15,7.5,801,1.00669791869e-15,3.854762883044e-14,-5.546092571846e-15,-7614.381196135,5.936412221694,-644.5676483285
15,7.5,802,8.196230204686e-16,3.80467614783e-14,-4.465323300335e-15,-7099.781664348,1.077683525447,-636.5159046932
15,7.5,803,9.591379340661e-16,3.841897082035e-14,-6.150009062912e-15,-7282.100590082,5.234534688941,-640.2168648386
15,7.5,804,8.089054635895e-16,3.815526544102e-14,-1.932012752322e-16,-6900.544419786,4.437251572698,-639.3122396444
15,7.5,805,8.360222436326e-16,3.858958217553e-14,-4.949523827523e-15,-6944.700178029,7.166712218552,-642.9167247776
15,7.5,806,9.016943007621e-16,3.855654618531e-14,2.451323563475e-15,-7188.176969498,7.611528756595,-644.6048182464
15,7.5,807,9.727477559996e-16,3.851983935229e-14,-2.600814595767e-15,-7174.303348033,-0.9278503226504,-641.9666520461
15,7.5,808,8.435669609903e-16,3.827280874664e-14,-7.767808903305e-15,-7210.452227826,-19.17830911889,-638.0336116424
15,7.5,809,8.908488380291e-16,3.867497716621e-14,-1.575135161807e-15,-7421.887195782,-5.454235093701,-645.4498171434
15,7.5,810,1.044194146924e-15,3.796442042757e-14,-4.542765904738e-17,-7238.90720997,0.4886583390576,-633.5820547454
15,7.5,811,9.02681385397e-16,3.798765838387e-14,-3.880967461047e-15,-7314.96568045,1.068338484256,-637.0005364258
15,7.5,812,8.908734014651e-16,3.826586278193e-14,-5.403754996929e-15,-7299.538571759,9.012446864375,-640.2793640187
15,7.5,813,8.444242391562e-16,3.845915889972e-14,8.351049061918e-16,-6962.921472012,-5.697857974351,-641.1429732749
15,7.5,814,1.011901624484e-15,3.850531785825e-14,-5.797526094379e-15,-7697.262657911,5.385779307859,-644.556490831
15,7.5,815,8.638466176822e-16,3.854179259697e-14,-8.06836576075e-15,-7245.987599512,-2.079120359764,-642.5458598876
15,7.5,816,1.010118275126e-15,3.822194327365e-14,-3.351545610991e-15,-7408.477325349,9.14739593396,-638.4242249979
15,7.5,817,8.532483085514e-16,3.850046610838e-14,-5.4495368641e-15,-7340.685333586,1.133115560019,-645.6593110237
15,7.5,818,7.599917005622e-16,3.800893224417e-14,-1.075281833845e-15,-7504.768391451,5.979631750224,-635.5513307436
15,7.5,819,9.3292948076e-16,3.856368401264e-14,-1.034485674649e-15,-7283.844172378,9.970965405415,-643.7214433912
15,7.5,820,7.372094534491e-16,3.811623580294e-14,-2.767591052876e-15,-7363.180685498,-0.5894571598616,-638.1088408941
15,7.5,821,8.831530980044e-16,3.857793041328e-14,-5.59624905609e-15,-7101.52640428,-8.978931076527,-643.9952604702
15,7.5,822,9.097508873569e-16,3.858908643492e-14,-3.829057495589e-15,-7603.020971648,7.280969976434,-644.6181758173
15,7.5,823,8.681746587838e-16,3.840053009929e-14,-1.19268722543e-15,-6895.188629329,-1.537041522478,-641.7916955285
15,7.5,824,8.277607932889e-16,3.857358682957e-14,-2.603850309664e-15,-7233.959493471,5.391975091982,-643.6580579322
15,7.5,825,9.118286089913e-16,3.853167592726e-14,1.511337325625e-16,-7245.861675456,8.756987753454,-643.1725481968
15,7.5,826,9.194454316436e-16,3.822944014322e-14,5.744197838041e-15,-7054.178080164,-1.137768257629,-638.951641617
15,7.5,827,9.955298596407e-16,3.862081233449e-14,-3.567105651159e-16,-7256.54757434,8.90297348387,-644.5533287619
15,7.5,828,9.1875074926e-16,3.848768590899e-14,-3.862011105634e-15,-7597.864134794,0.9911882633802,-642.8058914124
15,7.5,829,8.168018657947e-16,3.823452430649e-14,-1.213106090812e-15,-7150.011451893,3.575995609215,-635.9807768388
15,7.5,830,8.715494463996e-16,3.809985590334e-14,-2.745511848663e-15,-7474.413537152,-1.836124877153,-635.0301054136
15,7.5,831,9.377160211132e-16,3.815331810931e-14,1.592399906636e-15,-7208.25769852,-1.008537444042,-636.2201401551
15,7.5,832,9.753333343106e-16,3.838777046615e-14,3.355634389506e-16,-7219.266880775,4.273110624203,-643.7715640529
15,7.5,833,8.217941604109e-16,3.820183958994e-14,-8.845824506437e-16,-7017.115901138,5.073058147879,-639.7367534599
15,7.5,834,8.528254435117e-16,3.864854194223e-14,-8.828473306566e-15,-7257.219423991,-4.536254486054,-645.5243029748
15,7.5,835,8.576473675181e-16,3.799939640912e-14,-4.492859398687e-15,-7305.346601635,-7.149008094326,-635.9271226303
15,7.5,836,8.962897965211e-16,3.818612781687e-14,-3.693932843076e-15,-7184.563073577,-1.807840972727,-638.4933312404
15,7.5,837,8.202398191135e-16,3.861469213096e-14,-1.207878096444e-16,-7261.543143329,1.536729635248,-645.1035124236
15,7.5,838,8.677940808585e-16,3.821911058744e-14,-6.387459723613e-15,-7238.285467049,-2.440398127039,-638.722199829
15,7.5,839,8.803615808552e-16,3.852050686269e-14,-1.019246350983e-14,-7164.354033167,-3.298872517483,-643.26879566
15,7.5,840,8.697423276357e-16,3.846956919193e-14,-6.221996325297e-15,-7555.631525529,-1.654892119025,-640.0566312639
15,7.5,841,9.864826744905e-16,3.852159960939e-14,-5.59559311734e-15,-7363.292050917,-2.332937150657,-640.64903629
15,7.5,842,9.176775605497e-16,3.813563174397e-14,-2.892558852624e-15,-7462.755136954,-1.850725187821,-635.9859270435
15,7.5,843,7.412955151842e-16,3.840315127195e-14,-4.109217327771e-15,-7289.286720573,2.715660979263,-641.1477224328
15,7.5,844,9.106835887535e-16,3.795203389633e-14,-1.348751618761e-15,-7255.221465162,-7.425135458717,-635.0482866701
15,7.5,845,8.332616501405e-16,3.917962408772e-14,2.991494841721e-15,-7147.83072404,-0.8103463666021,-653.728404726
15,7.5,846,8.670669928267e-16,3.860241246835e-14,-4.115277533129e-15,-7610.89549375,3.701060442582,-646.1294166177
15,7.5,847,9.034424605501e-16,3.875724252909e-14,-3.212037954923e-15,-7319.435517391,-4.643967331741,-646.8227772468
15,7.5,848,8.393735892612e-16,3.84198419637e-14,-9.495954856911e-15,-7418.205619952,6.367003493448,-639.9448183075
15,7.5,849,8.765641199326e-16,3.847388641716e-14,-2.097470036324e-15,-7253.448371536,-0.5632942208516,-643.3098887428
15,7.5,850,8.419284534761e-16,3.793647918542e-14,-4.653978655601e-15,-7422.366584316,-2.87894503789,-634.2969213881
15,7.5,851,9.164027827961e-16,3.826198659736e-14,-3.86263064487e-15,-7126.324907388,-3.08628710072,-639.3458083338
15,7.5,852,8.32830392883e-16,3.804112000479e-14,-3.003331110558e-15,-7303.478461539,2.714385825576,-636.9682198177
15,7.5,853,8.694445733547e-16,3.791257209618e-14,-2.487278103068e-15,-7203.303642356,-8.383140072778,-631.1257750498
15,7.5,854,9.782093043818e-16,3.817916083378e-14,-2.366567018116e-15,-7575.628905979,-1.069960111317,-639.2871403566
15,7.5,855,8.332366654359e-16,3.86440052434e-14,-3.085081139419e-15,-7357.712171243,0.9866857081522,-643.8869542566
15,7.5,856,9.165025997525e-16,3.809232104803e-14,-8.597059540898e-17,-7225.390349711,7.128578149077,-636.1808322529
15,7.5,857,9.044556289422e-16,3.880515567172e-14,1.205278543686e-16,-7162.466029215,0.7161804307465,-646.7940746319
15,7.5,858,8.594396422354e-16,3.842678470783e-14,-5.640645445229e-16,-7367.468475486,-6.703035403339,-641.8174960038
15,7.5,859,9.614658197819e-16,3.815319364823e-14,-2.680802159654e-15,-7015.4391029,5.998868157838,-637.0673114617
15,7.5,860,7.554214465812e-16,3.852232858675e-14,-5.866875435539e-15,-7353.568604326,-4.212395270202,-644.4680342346
15,7.5,861,8.361124827617e-16,3.825127453371e-14,-2.717171982673e-15,-7378.626711104,3.029092653911,-639.3011308857
15,7.5,862,9.507556209697e-16,3.83652851232e-14,8.668151298161e-16,-7372.823019849,1.612745357916,-639.5431878142
15,7.5,863,9.249493612095e-16,3.846424754469e-14,-2.691371767828e-15,-7291.822484523,-5.496074744088,-642.2925404862
15,7.5,864,1.007928111571e-15,3.857786351542e-14,-2.106281501058e-15,-7142.465985857,-0.9415421749349,-645.2440933753
15,7.5,865,8.655015870217e-16,3.803083605083e-14,-2.884248534077e-15,-7386.9985358,5.454854922691,-635.4187689516
15,7.5,866,9.64335211536e-16,3.83125514798e-14,-1.191921707047e-14,-7262.946516922,-2.668153335871,-641.0652077686
15,7.5,867,8.668186491269e-16,3.813706321205e-14,-6.599482593482e-15,-7170.964664693,-15.22653550495,-636.5179541073
15,7.5,868,8.600237352204e-16,3.871597924827e-14,7.283139823109e-16,-7185.054750534,-3.020929726325,-645.473406333
15,7.5,869,9.243482906034e-16,3.839451239171e-14,-5.455594982919e-15,-7364.407884079,0.2895878629823,-641.7743928602
15,7.5,870,8.238689086397e-16,3.822812861807e-14,-1.437683084876e-15,-7300.154253418,-2.389922164733,-637.0257184393
15,7.5,871,8.612455263179e-16,3.835195242466e-14,-5.333356164173e-15,-7441.900330475,0.6639123271683,-641.1671632147
15,7.5,872,8.316366479711e-16,3.818300625519e-14,-5.116257900065e-15,-7384.546575783,0.6604242565258,-638.7620640028
15,7.5,873,8.882988477331e-16,3.837622470499e-14,-4.038366166262e-15,-7042.687217354,-6.173359334241,-643.3751842876
15,7.5,874,9.104361460078e-16,3.806382941013e-14,-2.910471804284e-15,-7411.211816607,-2.852706349359,-635.4695900279
15,7.5,875,8.839011512756e-16,3.830893244196e-14,-2.857224269653e-15,-7417.847999757,-0.8632595209191,-640.1038352145
15,7.5,876,8.211240520035e-16,3.851302177309e-14,-8.961401702165e-15,-7339.327329363,1.294332335198,-640.6958684288
15,7.5,877,8.198836951431e-16,3.831046799131e-14,-1.028323410893e-15,-7241.274636438,-3.848844073729,-641.2281105499
15,7.5,878,9.087445477384e-16,3.835862300433e-14,-6.685614795872e-15,-7617.148258822,1.352739450114,-641.957056078
15,7.5,879,9.210560925539e-16,3.845647429217e-14,-4.849323506097e-15,-7253.569886222,-19.65518682158,-641.5998492972
15,7.5,880,8.003819291734e-16,3.804598380386e-14,-3.929786042219e-15,-6999.555938124,2.172539855462,-634.3820003233
15,7.5,881,9.949554700051e-16,3.841580696331e-14,-9.279805925829e-15,-7438.891550041,-2.193231253661,-640.601874063
15,7.5,882,8.231711695621e-16,3.825643558421e-14,-6.729778999068e-15,-7252.381649321,-8.261995773753,-637.233500707
15,7.5,883,9.731619273761e-16,3.879504022805e-14,-1.567935691158e-15,-7179.475112053,-3.8594123216,-648.0878633125
15,7.5,884,9.937371689848e-16,3.845572029398e-14,-4.788798754661e-15,-7253.113543703,0.2377944427996,-644.1788748733
15,7.5,885,8.659614205919e-16,3.834314018123e-14,1.843177626576e-16,-7252.107290267,-1.562487792569,-640.0807985647
15,7.5,886,9.111602142185e-16,3.82639389242e-14,2.986504297437e-15,-7439.584179915,2.159330962506,-638.7932664872
15,7.5,887,8.558274764742e-16,3.852208343667e-14,-3.043319491374e-15,-7122.687567895,-1.939283495883,-642.9606788258
15,7.5,888,1.047402887044e-15,3.827829038834e-14,-1.566376447713e-15,-7382.90684638,-2.314554826562,-640.3743295511
15,7.5,889,8.294273558685e-16,3.835096747988e-14,-2.55583262002e-15,-7368.96102791,3.041021513853,-641.1021983855
15,7.5,890,8.464996796887e-16,3.779107731491e-14,-4.395005776685e-15,-7190.0478317,3.987425308533,-632.3561555003
15,7.5,891,8.941596607959e-16,3.864051390437e-14,-9.212510646182e-16,-7237.020812056,-1.061367377411,-646.6471244382
15,7.5,892,8.294628532376e-16,3.812769461245e-14,-9.899338102868e-15,-7250.780439516,-6.231705360163,-636.093230274
15,7.5,893,8.30826143598e-16,3.815548038562e-14,-3.016482504278e-15,-7184.219739601,7.077671140751,-638.043677666
15,7.5,894,1.030835769876e-15,3.827156925573e-14,-5.867493951522e-15,-7230.67917065,1.223854359981,-637.3509244167
15,7.5,895,9.525965687886e-16,3.856547892467e-14,-4.269427981601e-15,-7424.382345072,-7.449485747971,-642.4015093551
15,7.5,896,8.630949164188e-16,3.844254616474e-14,-5.688028152028e-15,-7257.105640082,-3.223866680983,-642.9110158576
15,7.5,897,9.423698279594e-16,3.840225571339e-14,-4.649981065772e-15,-7360.466368079,1.889681817843,-642.0971111683
15,7.5,898,8.247838264725e-16,3.838624081185e-14,-2.407332973636e-15,-7506.424505388,-10.55668653616,-642.2804133343
15,7.5,899,9.10650370725e-16,3.850369349379e-14,1.363980134544e-15,-7194.547345251,-8.156301447959,-640.6181012384
15,7.5,900,9.965897120432e-16,3.846250317071e-14,-2.566455448047e-15,-7115.500259718,-5.376056637543,-641.6900212421
15,7.5,901,9.99518143644e-16,3.831879975008e-14,-3.199016799245e-15,-7311.131329974,-0.04621507197451,-640.637482113
15,7.5,902,7.572417863876e-16,3.845533195681e-14,-6.123002685698e-15,-7273.714823784,-0.680637896943,-642.3887908277
15,7.5,903,8.970527770439e-16,3.819123907777e-14,-3.7194493986e-15,-7344.263277636,1.988887975678,-638.5424822747
15,7.5,904,9.864168287951e-16,3.827278092832e-14,-6.160819502362e-15,-7376.22743764,1.604653235543,-637.2827132965
15,7.5,905,9.766009435277e-16,3.828067134413e-14,-8.880649582785e-18,-7134.849143147,-8.882378444096,-639.3158714358
15,7.5,906,8.076370042486e-16,3.85175665043e-14,-1.020518376392e-15,-7296.71786032,-4.219802012241,-641.5316297953
15,7.5,907,1.044842807052e-15,3.837731419542e-14,-3.950743050317e-15,-7141.221236818,1.961284756556,-639.9866455947
15,7.5,908,9.371959982363e-16,3.827352349933e-14,-5.071115867804e-15,-7154.934298664,4.064049400265,-638.9166270458
15,7.5,909,9.886464926159e-16,3.860168563487e-14,7.695704800349e-16,-7423.116752573,0.9961692385101,-643.9873385426
15,7.5,910,8.183422958962e-16,3.858429152632e-14,-4.478537222736e-15,-7460.454765198,-1.364393892407,-643.7025746646
15,7.5,911,9.438422142316e-16,3.860497868336e-14,-1.334921537731e-15,-7366.556031522,-0.4474591370988,-643.589805097
15,7.5,912,1.001706570345e-15,3.844223314198e-14,-2.924162687517e-15,-7067.76709096,-8.44373460453,-644.3680510429
15,7.5,913,8.280109708995e-16,3.807897082076e-14,-1.410849802413e-15,-7084.858157898,-1.032577082199,-638.7690398416
15,7.5,914,8.518514510104e-16,3.85984009781e-14,-4.39973362184e-15,-7236.223401377,7.482421128412,-644.9843644709
15,7.5,915,9.47303476567e-16,3.825924306534e-14,-4.514678277881e-16,-7485.743297575,-1.005386125188,-639.0177016813
15,7.5,916,9.382301167407e-16,3.829303179442e-14,-4.828171049464e-15,-7554.762702005,-0.08711298846088,-639.8341582176
15,7.5,917,8.120107502183e-16,3.817354092326e-14,4.702754437803e-16,-7453.443531544,1.172812846243,-636.1580745635
15,7.5,918,9.504827507481e-16,3.853777650032e-14,-5.177112556872e-15,-7107.963705575,8.228329986835,-644.0056760645
15,7.5,919,7.05972291145e-16,3.76709147331e-14,-4.466304059623e-15,-7263.013215301,-11.79990657408,-629.5077239041
15,7.5,920,9.227215352977e-16,3.807908442816e-14,-3.693069256919e-16,-7193.484886279,1.289718376926,-635.9568883014
15,7.5,921,8.596929054729e-16,3.852980638344e-14,-3.477572892215e-15,-7852.02261124,1.884356706504,-644.4850771233
15,7.5,922,9.027414321165e-16,3.840901261371e-14,-3.683778168051e-15,-7322.673674429,2.022769153316,-642.4852073348
15,7.5,923,9.969947567103e-16,3.839792618014e-14,-3.785353912809e-15,-7257.573807152,1.335135606439,-641.6975596405
15,7.5,924,8.899035505144e-16,3.815304022841e-14,-4.380903795068e-15,-7417.69936645,3.741239809862,-638.1286837486
15,7.5,925,9.541722083493e-16,3.835064251078e-14,-2.55486802189e-15,-7109.99764159,-6.455195049497,-639.9062924824
15,7.5,926,8.341051804271e-16,3.846685428566e-14,-2.483206413147e-15,-7122.222922403,0.8321035564117,-641.056622011
15,7.5,927,8.420787383102e-16,3.828972041303e-14,-3.225669270089e-15,-7541.761931071,-0.7916611165012,-641.9094592215
15,7.5,928,8.73770833424e-16,3.818346355868e-14,1.481379739689e-15,-7474.290625466,-2.307164982207,-635.7530575706
15,7.5,929,7.907872371043e-16,3.819044615629e-14,-6.796242007245e-15,-7458.757129477,2.234022103598,-636.368174991
15,7.5,930,9.169896391221e-16,3.842782402748e-14,-9.598312207597e-16,-7332.827066454,-6.738983602666,-641.8388593468
15,7.5,931,9.715658118634e-16,3.827241982997e-14,-4.683334809029e-15,-7210.437777681,-2.133721961229,-636.8192175959
15,7.5,932,8.478031691325e-16,3.882973889762e-14,-4.203747891941e-15,-7287.413589105,2.459150378128,-645.2272972653
15,7.5,933,9.301400430339e-16,3.838148944525e-14,-3.312858904227e-15,-7697.569004944,-3.549316195527,-639.0902881124
15,7.5,934,8.082047199396e-16,3.806538849546e-14,-2.838013488564e-15,-7215.413187598,-0.4338600560324,-637.4482868651
15,7.5,935,8.511624079645e-16,3.86392281671e-14,-3.294659860447e-15,-7142.583028631,3.307570010595,-645.0003512328
15,7.5,936,8.499032556044e-16,3.782468677167e-14,-4.272425173788e-15,-7522.296274138,5.586880111339,-630.8647910729
15,7.5,937,9.325713644448e-16,3.850634953609e-14,-3.656787998671e-15,-7262.061873346,-2.583119628868,-643.5099953274
15,7.5,938,1.032413771881e-15,3.815697913055e-14,-7.152129569845e-15,-7477.710937293,-3.606035617006,-637.1249888602
15,7.5,939,8.428795331337e-16,3.849287757781e-14,-2.446799957521e-15,-7156.340419299,0.9977469665371,-642.7303481248
15,7.5,940,8.683879900164e-16,3.81873468981e-14,4.831486305145e-16,-7297.38465499,-1.765644899297,-637.1540858922
15,7.5,941,1.000864074109e-15,3.889810686424e-14,-3.402975149924e-15,-7339.622577084,-1.49674228801,-648.5915665381
15,7.5,942,8.875747178818e-16,3.858734385611e-14,-6.766656975102e-15,-7121.299603914,2.938228459141,-643.0819720263
15,7.5,943,6.950858248361e-16,3.843445858265e-14,-3.745550434957e-15,-7267.206820239,3.078177415504,-643.9888812478
15,7.5,944,9.161587315e-16,3.801123052937e-14,-5.770898903771e-15,-7287.080471095,-12.31263827359,-637.4647208683
15,7.5,945,8.115672488825e-16,3.827558349497e-14,-3.12954682298e-15,-7481.713105939,1.135200302101,-641.4394221928
15,7.5,946,8.447334353436e-16,3.851630472261e-14,-9.381839973271e-15,-7138.931259575,0.02588994227523,-643.3383172283
15,7.5,947,8.787651205669e-16,3.879155987835e-14,1.131734679764e-15,-7139.029104368,-1.439686827873,-646.648806549
15,7.5,948,9.138639114901e-16,3.833712069579e-14,-8.021580179274e-15,-7372.35251393,-0.9440776712726,-639.240000221
15,7.5,949,9.354032329388e-16,3.84129359394e-14,-1.325762735304e-15,-7361.40895099,3.362362900987,-641.5206384371
15,7.5,950,8.81038243508e-16,3.773865987111e-14,-2.43573314044e-15,-7431.011609519,-2.465292829642,-632.2974673778
15,7.5,951,9.556166910875e-16,3.847273887201e-14,-8.687664237455e-15,-7243.544133291,-2.796301891432,-642.6112386584
15,7.5,952,9.29044206577e-16,3.873733260714e-14,-2.064940122597e-16,-7348.935436125,-3.815979216267,-645.6474282814
15,7.5,953,8.587180536833e-16,3.831903644459e-14,-4.510972560908e-15,-7173.530695593,-2.42881388402,-641.9700035621
15,7.5,954,8.573332546166e-16,3.831666790823e-14,-4.546823439614e-15,-7270.121529548,0.8313240472483,-638.5593998835
15,7.5,955,1.020877827293e-15,3.84290691143e-14,-6.301100826368e-15,-7358.496898712,4.09615683015,-643.3476629336
15,7.5,956,9.206925563825e-16,3.817870343e-14,-4.071043354322e-15,-7730.170893784,-10.06254443411,-638.1864661044
15,7.5,957,8.901139155032e-16,3.812849012001e-14,4.233321949541e-15,-7184.280968438,13.44145319174,-637.090977768
15,7.5,958,9.09144511171e-16,3.828917106741e-14,-7.048062769779e-15,-7087.66581242,-0.3220446440192,-638.894163481
15,7.5,959,9.005235273276e-16,3.851428347623e-14,-5.65365920771e-15,-7285.593056827,-6.038640661522,-640.0470343623
15,7.5,960,9.655840164359e-16,3.840014560579e-14,-5.701042587257e-15,-7287.050824209,-2.639161264183,-641.4970282629
15,7.5,961,8.118429566825e-16,3.860896461968e-14,3.188923950867e-15,-7330.742071389,1.894711236814,-644.974057046
15,7.5,962,1.002934244492e-15,3.850161340354e-14,-7.406907457694e-15,-7280.281227493,-2.90666962033,-644.1959168692
15,7.5,963,8.536101030301e-16,3.806121767105e-14,-9.233648564972e-16,-7170.70168406,-0.8990442800118,-635.942342409
15,7.5,964,8.279501602322e-16,3.852745040982e-14,-1.981944207424e-15,-7410.531283202,3.39410133143,-644.9475106713
15,7.5,965,9.210304052916e-16,3.844969227085e-14,-5.268162125609e-15,-7278.313884721,1.748675229743,-642.3495103865
15,7.5,966,8.659567390709e-16,3.841897309368e-14,-3.533588866809e-15,-7259.04985275,0.3463706666993,-640.9471589
15,7.5,967,8.987252589174e-16,3.84623139399e-14,-7.331974192522e-15,-7461.317472668,0.09033808045775,-642.0314040146
15,7.5,968,9.406378020028e-16,3.839801502446e-14,-2.928940369826e-15,-7172.562412506,-1.112367288122,-641.5519872756
15,7.5,969,8.371235911357e-16,3.862067744893e-14,-5.857174117369e-15,-7404.385440023,-0.9440328360716,-643.8869532316
15,7.5,970,8.517946872762e-16,3.845384828992e-14,-1.429465233065e-15,-7239.703442739,-2.714161453295,-644.7246313742
15,7.5,971,9.11443220891e-16,3.817929041973e-14,-4.530796539602e-15,-7038.618554181,-8.401239328476,-638.8652598994
15,7.5,972,9.185938694484e-16,3.843911786577e-14,6.953262395794e-16,-7191.376882145,5.620853438414,-642.1419751726
15,7.5,973,7.770117054136e-16,3.833705689446e-14,-7.530285653871e-15,-7363.822609378,-4.05813606209,-640.4641180457
15,7.5,974,9.462151355352e-16,3.856477111456e-14,-3.479163364775e-15,-7148.284323362,0.04657676793131,-644.7985325141
15,7.5,975,7.275847571433e-16,3.790402831391e-14,-4.431257895241e-15,-7330.259224857,-0.6002426519669,-634.1532737026
15,7.5,976,9.498775053281e-16,3.848793786858e-14,-2.026711462384e-15,-7453.822613096,3.7788372127,-643.0245443606
15,7.5,977,8.374570909348e-16,3.828546432462e-14,-3.705785682399e-15,-7410.33492453,5.923967280165,-639.3529543838
15,7.5,978,9.787733722588e-16,3.847665840954e-14,1.613271267574e-15,-7414.867666475,-1.791530571691,-641.2775611426
15,7.5,979,8.084244955346e-16,3.860902209083e-14,-5.338799057048e-16,-7223.631482782,3.058984172116,-644.3585566215
15,7.5,980,8.376189147205e-16,3.801165173285e-14,-1.0767700651e-15,-7065.604496152,6.3518165998,-635.0599710101
15,7.5,981,8.06562600471e-16,3.819446507832e-14,-5.587881133375e-16,-7406.836653264,-8.800257969822,-637.9510586541
15,7.5,982,8.582037438724e-16,3.799879090186e-14,-4.625053120484e-15,-7189.422738179,-0.3539319807655,-635.7767466418
15,7.5,983,8.675011648805e-16,3.870884214585e-14,-4.490806519437e-15,-7499.499280992,0.275349635035,-646.7633739182
15,7.5,984,9.434287240534e-16,3.830819350709e-14,3.33768306039e-16,-7350.904954379,-2.600836421688,-640.3996757409
15,7.5,985,9.088275956417e-16,3.8317326944e-14,-4.064318999682e-15,-7369.276458076,2.801066945788,-642.4886220671
15,7.5,986,9.47543830828e-16,3.854396020432e-14,-4.206932624581e-15,-7099.934497696,2.691245648928,-645.1673071649
15,7.5,987,8.01532655255e-16,3.813521557863e-14,-4.325988193611e-15,-7453.748939803,0.2409595697985,-638.0466092254
15,7.5,988,8.349458061719e-16,3.893874433607e-14,-1.17788548495e-15,-7360.978597799,5.119628971798,-648.960559426
15,7.5,989,8.686281745992e-16,3.837890948838e-14,-4.227192250247e-16,-7596.820637023,12.26648500956,-641.8153986101
15,7.5,990,8.753055797241e-16,3.852491473901e-14,-5.259219031098e-15,-7283.178235081,-12.74576644099,-642.1528439819
15,7.5,991,9.391246205983e-16,3.816917636458e-14,-5.468888515795e-15,-7375.416987087,-1.124044819957,-635.8975125912
15,7.5,992,7.531827090769e-16,3.82702981074e-14,-4.758737578621e-15,-7398.408034086,-8.420312692433,-639.7559486079
15,7.5,993,8.039414053235e-16,3.8313461685e-14,-7.960409237461e-15,-6835.443465815,-2.636894910489,-640.741803004
15,7.5,994,8.14480376862e-16,3.829633048582e-14,-2.753731028528e-15,-7353.841774214,9.111949178784,-639.95940644
15,7.5,995,7.364702930457e-16,3.808714313181e-14,-7.84638449262e-15,-7243.95420084,-13.23575085273,-637.6491257673
15,7.5,996,7.967333315191e-16,3.830206413278e-14,-5.221306353099e-15,-7224.556074191,-6.42454917116,-640.3809489351
15,7.5,997,8.403828627386e-16,3.841261232431e-14,-4.912052011292e-17,-7194.542298965,3.877751293621,-642.1925539703
15,7.5,998,8.915459185496e-16,3.772573267736e-14,-6.53732563634e-15,-6937.061622856,4.065419434262,-629.1692924899
15,7.5,999,8.634806810893e-16,3.849998486731e-14,-8.125223933707e-15,-7459.582670309,-12.10278067583,-640.6906828182
15,7.5,1000,8.759372916872e-16,3.860069840917e-14,2.949708580371e-15,-7437.156875215,-4.070113229799,-642.9255081295
20,10,1,2.295956522346e-15,7.917768318903e-14,-1.171334734864e-14,-11766.00778824,-4.510905204424,-1322.28711823
20,10,2,2.39570774431e-15,7.893294068172e-14,-4.062797222214e-15,-12178.94026846,-2.045053069959,-1315.486535938
20,10,3,2.137786829092e-15,7.934494137994e-14,-5.927250703674e-15,-12143.03152209,6.035370178363,-1328.517053975
20,10,4,2.28628032948e-15,7.992280417271e-14,-1.450295826645e-14,-11917.32171912,8.691066268616,-1334.705549196
20,10,5,2.302653642492e-15,8.005192991668e-14,-1.419124698992e-14,-12481.71014964,9.444134994957,-1335.575869412
20,10,6,2.411015247323e-15,7.808276049528e-14,-1.610679488803e-14,-12214.9950562,-3.792235584231,-1307.11751829
20,10,7,2.26978765009e-15,7.854096969226e-14,-9.585818332422e-15,-11839.09357474,7.225280612747,-1309.580167061
20,10,8,2.340795517664e-15,7.933837369044e-14,-4.090710813742e-15,-12113.89399758,1.285194445599,-1324.257695095
20,10,9,2.436482574729e-15,7.923181055536e-14,-1.406012028297e-14,-12446.73961002,-7.473548605213,-1323.926765342
20,10,10,2.322708489203e-15,7.827641191692e-14,-7.091134452342e-15,-12196.60023837,0.4055193216015,-1312.360500766
20,10,11,2.217999217373e-15,7.833684894233e-14,-1.774086317573e-14,-12349.35228003,-19.38207981551,-1307.408263398
20,10,12,2.238765647433e-15,7.765314368564e-14,-1.389279252239e-14,-11763.05352777,17.93743271443,-1302.257564945
20,10,13,2.232302535895e-15,7.898629437754e-14,-7.605266166852e-15,-12161.98993398,-12.72199713083,-1313.720043272
20,10,14,2.300941170358e-15,7.924497974937e-14,-1.406739470475e-14,-11995.07376076,3.068013559881,-1324.813266899
20,10,15,2.289389808831e-15,7.824828058104e-14,-1.051257408522e-14,-12243.0585868,11.25173327591,-1307.88653152
20,10,16,2.328467522066e-15,7.885348132233e-14,-5.583325736767e-15,-12342.51531254,-11.3926588575,-1316.443680885
20,10,17,2.297720891402e-15,7.91802553044e-14,-5.192729284061e-15,-12243.45482851,-15.52548242708,-1323.948927552
20,10,18,2.27085578666e-15,7.838045705907e-14,-7.64918046005e-15,-12256.56997171,-5.00255660687,-1311.449869604
20,10,19,2.488018934577e-15,7.909777086267e-14,-7.701838523508e-15,-12086.74976183,-2.985516242078,-1322.044389697
20,10,20,2.183876375562e-15,7.847423006882e-14,-2.590693043066e-15,-11769.2672944,13.91776264915,-1310.29136208
20,10,21,1.961513812761e-15,7.846245261701e-14,-1.145193292471e-14,-12160.35503622,-8.211205754483,-1311.003564465
20,10,22,2.238718662549e-15,7.900582047537e-14,-2.321311059189e-15,-12396.09478708,5.757241564767,-1320.976691265
20,10,23,2.288979269203e-15,7.85090605844e-14,-9.32837770504e-15,-11913.49810195,1.379590353555,-1311.136183443
20,10,24,2.424030591741e-15,7.910144215161e-14,-1.638198632828e-15,-11714.30112783,-28.2487240392,-1319.767417502
20,10,25,2.038430487404e-15,7.873645107241e-14,-3.872985120113e-15,-12172.94148647,1.297265486271,-1313.143971619
20,10,26,2.249647157658e-15,7.869041641261e-14,-7.070601796023e-15,-11961.29090538,-16.79032534571,-1309.466174495
20,10,27,2.402279863614e-15,7.911095603639e-14,-6.448071050709e-15,-11644.50646575,-7.73404053627,-1321.63208559
20,10,28,2.353179842605e-15,7.893092953904e-14,-8.704132412569e-15,-12141.77905264,-10.32191557943,-1316.489515652
20,10,29,2.313525754548e-15,7.939477750748e-14,3.533919564909e-15,-11736.99121082,13.71313467891,-1326.375950404
20,10,30,2.179058993013e-15,7.867883887571e-14,-4.638929621483e-16,-12148.96244424,-12.88638032297,-1310.929255515
20,10,31,2.396568770319e-15,7.970673155257e-14,-4.950318829449e-15,-11760.24911354,13.46553562715,-1329.117236603
20,10,32,2.172139447615e-15,7.86468410477e-14,-5.04851848996e-15,-11966.62221492,-14.44766023617,-1312.100037103
20,10,33,2.341548848822e-15,7.972798654908e-14,-1.016706851875e-14,-11726.2570827,-9.739952778545,-1329.993702438
20,10,34,2.232377496033e-15,7.913930795887e-14,-8.342711216609e-15,-11748.20588403,-1.042253709184,-1322.886767347
20,10,35,2.107067707612e-15,7.827838086764e-14,-8.134579772877e-15,-12151.82851363,0.4034022178298,-1312.207803621
20,10,36,2.132253052248e-15,7.847310178363e-14,-6.091100283541e-15,-11569.44597178,-15.71640921771,-1308.573926778
20,10,37,2.438278257405e-15,7.922422258751e-14,-1.496267349342e-15,-12214.63916832,2.414510800632,-1322.335301367
20,10,38,2.21742372613e-15,7.885226043019e-14,-1.852813086453e-14,-12391.47142536,-2.747562819576,-1317.296146977
20,10,39,2.321209731239e-15,7.970135239236e-14,-2.583233444947e-15,-12430.90221195,-10.46398162913,-1333.432567673
20,10,40,2.038643819341e-15,7.945071611805e-14,-9.15488825887e-16,-11864.65881539,21.54906473257,-1326.614841824
20,10,41,2.36577996707e-15,7.837785823682e-14,-1.091431663203e-15,-11956.14512663,3.642088259606,-1312.989648236
20,10,42,2.28881345261e-15,7.888414426258e-14,-5.268686591427e-15,-12480.16270969,-3.560346546607,-1317.237221297
20,10,43,2.171586949911e-15,7.936451019931e-14,-1.391589843278e-14,-12068.74003296,17.26869490829,-1325.996507107
20,10,44,2.351387684519e-15,7.841816283473e-14,-9.770101221759e-15,-12239.81565451,11.85995716151,-1312.228407439
20,10,45,2.349831610377e-15,7.956063891901e-14,-9.306139830487e-15,-12149.90469841,5.936344981992,-1329.541783443
20,10,46,2.243204685173e-15,7.82636889377e-14,-1.218203016551e-14,-11968.55874001,0.4500298225035,-1308.675826909
20,10,47,2.378621584776e-15,7.960915009591e-14,-9.082046451839e-15,-11914.36920685,-16.34765548138,-1331.870423678
20,10,48,2.430517434852e-15,7.91517041714e-14,-6.11594641078e-15,-12390.43266214,18.63892689772,-1323.600920009
20,10,49,2.473714851953e-15,7.935775749419e-14,-7.216089239769e-15,-11683.18815887,-6.041421543724,-1322.22389262
20,10,50,2.385697963636e-15,7.902342738339e-14,-4.016495288557e-15,-12530.04770912,3.60138939071,-1319.766174733
20,10,51,2.374550581607e-15,7.868215762686e-14,-6.859728887818e-15,-12255.51231279,-16.84856384285,-1313.97501918
20,10,52,1.945018296114e-15,7.782395495351e-14,-8.012038474924e-16,-12036.78426642,0.8473588745694,-1299.374146027
20,10,53,2.133661024552e-15,7.887647054089e-14,-1.727346857253e-14,-12159.79202898,-10.21164418584,-1317.931151111
20,10,54,2.380299097727e-15,7.875523249124e-14,-1.010127232415e-14,-11784.21492096,7.254331170957,-1310.871532046
20,10,55,2.235870316178e-15,7.931700264733e-14,-1.024671564898e-14,-11500.3773344,0.5774593744393,-1325.231923935
20,10,56,2.345100359784e-15,7.909871586496e-14,-8.735483875626e-15,-11669.83225409,-5.912257232563,-1324.797540605
20,10,57,2.600794411597e-15,7.874017015347e-14,-5.099918524592e-15,-12320.78740293,-13.94654720824,-1313.816635194
20,10,58,2.296586152215e-15,7.947407310645e-14,-9.258899814803e-15,-11880.26120314,-14.92522263793,-1326.141112778
20,10,59,2.22890570866e-15,7.876561262601e-14,-5.806409225856e-15,-12225.70589709,-2.269647649174,-1314.952005488
20,10,60,2.422314390361e-15,7.837140423635e-14,-1.088433193898e-14,-11899.03476012,8.507839961696,-1309.464114354
20,10,61,2.349007074711e-15,7.871786809481e-14,-3.622154325877e-15,-11985.67638097,-1.216805516876,-1313.094937522
20,10,62,1.937574226621e-15,7.940465157633e-14,-1.200327826342e-14,-12182.01729847,-2.929291746236,-1325.745832261
20,10,63,2.117400367645e-15,7.800012561501e-14,-1.386258448115e-14,-12021.87651466,-4.589171432204,-1303.259882488
20,10,64,2.054523775122e-15,7.911030063305e-14,-2.949420376985e-15,-12406.90746631,-0.08295367619562,-1321.494269326
20,10,65,2.358258612554e-15,7.896454180229e-14,-7.034014022481e-15,-12064.36354556,23.67316821542,-1320.415603673
20,10,66,2.109695598747e-15,7.8373329745e-14,-1.143489652377e-14,-12093.28831709,5.980165292813,-1305.960876304
20,10,67,2.331039642361e-15,7.772996723865e-14,-9.128762918048e-15,-12122.89858664,17.15377761722,-1301.992216471
20,10,68,2.310940524765e-15,7.906235217387e-14,-8.944068687672e-15,-12586.42669026,-9.431488543088,-1314.989086737
20,10,69,2.234040637046e-15,7.921245878712e-14,-8.279101636653e-15,-11931.48730252,-19.22552735641,-1325.396780075
20,10,70,2.71324091712e-15,7.956506558753e-14,-1.251582569075e-14,-11766.06864608,5.231877656224,-1327.921589418
20,10,71,2.503302508438e-15,7.928077844108e-14,-8.006339341081e-15,-12119.58352053,5.007698182351,-1321.168417991
20,10,72,2.26715512393e-15,7.916660144198e-14,-5.880976560333e-17,-12141.94665893,-10.09951836321,-1321.645015767
20,10,73,2.412663549019e-15,7.926082015279e-14,-6.585289534565e-15,-12368.14039766,7.772159839158,-1322.864034067
20,10,74,2.223601755117e-15,7.888302989632e-14,-1.3774852375e-14,-12186.00718163,-26.06693712417,-1315.794347404
20,10,75,2.288736371728e-15,7.802232611642e-14,-1.674583141872e-15,-11917.48672689,-4.380511860284,-1307.125878687
20,10,76,2.453593733499e-15,7.827417145241e-14,-5.080302112553e-15,-11683.62889306,-0.5109645999368,-1308.796349825
20,10,77,2.494166025408e-15,7.874282903555e-14,3.69310539318e-15,-11938.42093977,10.55119246248,-1318.218368575
20,10,78,2.362021883491e-15,7.849503133964e-14,-4.966629872406e-15,-11908.98522247,22.73773417733,-1306.835629155
20,10,79,2.500206466388e-15,7.947527628762e-14,-5.476654889392e-15,-11928.46769232,-6.920810670405,-1326.993966053
20,10,80,2.347022765609e-15,7.966136366101e-14,-8.881310517079e-15,-12019.31908965,-6.889852820695,-1331.885326865
20,10,81,2.153611783109e-15,7.855388196408e-14,-9.8320888395e-15,-11847.85721019,2.123758165503,-1315.960353955
20,10,82,2.128499671782e-15,7.883476101738e-14,-9.691053706989e-15,-12120.48214214,1.11522495028,-1320.291257224
20,10,83,2.152770988051e-15,7.954586940716e-14,-6.641984666638e-16,-11948.91955712,-2.56862574853,-1325.137368173
20,10,84,2.304333065604e-15,7.947023474971e-14,-5.861776841028e-15,-11905.21552928,9.930472550019,-1326.106002232
20,10,85,2.137139472267e-15,7.856361060555e-14,-5.213777180052e-15,-11790.75394028,8.221062044527,-1315.541663185
20,10,86,2.136685086372e-15,7.946733883309e-14,-9.363383206247e-15,-12159.78172449,7.054686057887,-1325.534009675
20,10,87,2.359557139684e-15,7.861133621793e-14,2.394156848614e-15,-12269.95272802,15.19515286109,-1314.875642438
20,10,88,2.413545078086e-15,7.933250595904e-14,-4.004390722249e-15,-11652.59571346,7.903519209988,-1326.433391174
20,10,89,2.28854666495e-15,7.876645777254e-14,-6.258887014149e-15,-11876.97514152,6.707439958318,-1312.593508751
20,10,90,2.387710861251e-15,7.955988771854e-14,-4.260853861154e-15,-12209.68100498,7.051843116948,-1330.184724895
20,10,91,2.010482903063e-15,7.911967902391e-14,-1.994666766015e-15,-12190.76653306,-9.161794423002,-1316.277202177
20,10,92,2.392778631997e-15,7.853989981029e-14,-1.537634711397e-14,-12040.30313564,-5.140683107533,-1315.987945584
20,10,93,2.380918837614e-15,7.876621294961e-14,-9.481013511806e-15,-11862.13683036,-10.44107152393,-1315.464802184
20,10,94,2.355388630804e-15,7.929376486759e-14,-9.568725187442e-15,-12072.25632606,-0.9732418823863,-1325.102571659
20,10,95,2.426467862225e-15,7.78781996048e-14,-8.37948379403e-15,-12186.54654663,-19.27305595766,-1308.318460895
20,10,96,2.194920639652e-15,7.920951225951e-14,-4.70274912597e-15,-12139.53151409,5.509120301354,-1325.197972147
20,10,97,2.234033489055e-15,7.880909143518e-14,-9.766476427535e-15,-12017.61130407,0.03453627704058,-1316.37473026
20,10,98,2.246524334147e-15,7.851306732522e-14,5.146839291298e-17,-11574.34121344,-7.655520867908,-1309.127884164
20,10,99,2.031736465416e-15,7.795402326183e-14,-1.100257220929e-14,-11811.63430214,-31.98913422584,-1303.539639767
20,10,100,2.234597195053e-15,7.8406140309e-14,-1.699659415586e-14,-12489.56265904,-8.941659466604,-1311.234896472
20,10,101,2.221755472147e-15,7.884902958426e-14,-7.161453015013e-15,-12120.01315558,-27.71684401853,-1320.101994203
20,10,102,2.351797230211e-15,7.876655662008e-14,-2.784938620617e-15,-12009.46038829,37.67378584098,-1320.295266752
20,10,103,2.405839629024e-15,7.84523468212e-14,-9.645862476303e-15,-11930.97541084,-4.570207937642,-1308.450336253
20,10,104,2.081217798034e-15,7.937300893302e-14,1.613926232647e-15,-12117.32530705,-5.01413066289,-1326.209686323
20,10,105,2.33279869974e-15,7.877065267299e-14,-7.600621257096e-15,-11398.72689464,14.69424177009,-1316.412854275
20,10,106,2.440817385367e-15,7.897838782933e-14,-1.365451582413e-14,-11821.5242998,1.344817031426,-1316.88313632
20,10,107,2.214688208032e-15,7.909762339754e-14,-4.117966682219e-15,-12299.11910992,12.78979625857,-1316.320603604
20,10,108,2.296641490579e-15,7.877279014475e-14,-1.309373354644e-14,-11897.46478355,15.10620217477,-1314.727236052
20,10,109,2.15205619247e-15,7.845793569596e-14,-7.768861304581e-15,-12078.4654535,-11.31206959495,-1311.210879929
20,10,110,2.358386792601e-15,7.783886966409e-14,-8.108537956171e-15,-12152.28971468,3.89136485908,-1305.206652436
20,10,111,2.202167962716e-15,7.856564196457e-14,-1.151011168141e-14,-12229.32851336,-3.093364719261,-1313.589682952
20,10,112,2.23202996499e-15,7.896587378396e-14,-3.140714544656e-15,-12415.85526979,-24.43114354037,-1318.385918279
20,10,113,1.973952779064e-15,7.90601815829e-14,-7.898763187309e-15,-11611.44550179,7.151785529029,-1322.704581489
20,10,114,2.444178300324e-15,7.890031564897e-14,-6.654398650309e-15,-12363.03746279,-12.53251112956,-1316.038247952
20,10,115,2.255588209078e-15,7.846555524842e-14,-1.658228820172e-15,-12078.11615494,6.10272129203,-1314.309180978
20,10,116,2.509357427238e-15,7.942067382173e-14,-1.44273204006e-14,-12203.53532834,19.61862476511,-1323.206851932
20,10,117,2.382981392442e-15,7.862860823354e-14,-1.147963507842e-14,-12198.26806848,-4.157912445419,-1313.859429067
20,10,118,2.472691174438e-15,7.845522608803e-14,-1.356970656551e-14,-12247.41487239,0.2705652333668,-1311.075555881
20,10,119,2.245584225639e-15,7.891026927733e-14,1.428836178064e-15,-11738.57585892,9.319273328023,-1316.496524986
20,10,120,2.37933058928e-15,7.820879731098e-14,-1.821467991005e-14,-12563.87719223,-6.172341648966,-1308.760939217
20,10,121,2.412265700249e-15,7.881926194853e-14,-6.692258920243e-15,-12064.03638654,-0.349449279761,-1320.788264718
20,10,122,2.444638642686e-15,7.899912469145e-14,-9.222297133474e-15,-12084.22994229,-3.433047743147,-1322.815536157
20,10,123,2.058304143849e-15,7.82684321187e-14,-1.22799430855e-14,-12354.9680175,-10.26133295851,-1312.165768492
20,10,124,2.363033410164e-15,7.949764153498e-14,-5.593354713321e-15,-12163.12996208,-2.583995764337,-1330.46683881
20,10,125,2.221932184638e-15,7.920581528992e-14,-5.567665531549e-15,-12096.54086898,-7.478193894003,-1320.200345097
20,10,126,2.361213614183e-15,7.897182047027e-14,-2.575484425127e-15,-11713.60236194,-22.24518905904,-1320.115572896
20,10,127,2.585260056053e-15,7.905218446164e-14,-6.921745006042e-15,-11761.06130542,11.10564245044,-1320.936052305
20,10,128,2.404272497455e-15,7.906539998196e-14,-5.304277430233e-15,-12130.91061292,-20.12942599928,-1316.502916075
20,10,129,2.164757374292e-15,7.929384190238e-14,1.838898630902e-15,-12035.77207924,-4.274263876485,-1323.001282669
20,10,130,2.402584578709e-15,7.863666240019e-14,-1.181449229978e-14,-12538.55166082,-2.959970551843,-1314.317555925
20,10,131,2.371929420117e-15,7.841677054795e-14,-2.649293548276e-15,-11751.233763,-5.667465108342,-1312.960449597
20,10,132,2.26807008492e-15,7.855412504757e-14,-1.221489219007e-14,-12603.54698179,-3.281107602586,-1314.774348004
20,10,133,2.20481835064e-15,7.880115543379e-14,-8.10699039684e-15,-12315.56318044,-5.702530554688,-1314.960555109
20,10,134,2.267281234582e-15,7.831256164149e-14,-4.813089965894e-15,-12026.24988661,-9.121647985404,-1308.044500191
20,10,135,2.214453229898e-15,7.858161857414e-14,-5.674597568386e-15,-12050.67428307,-1.191811002129,-1311.780133017
20,10,136,2.37288797001e-15,7.928186381906e-14,-1.149958247866e-14,-12271.7664187,6.62870738707,-1323.160569248
20,10,137,2.00136797329e-15,7.855690257959e-14,-1.148148218888e-14,-11904.60957642,-4.325111799311,-1313.140779978
20,10,138,2.514299050438e-15,7.867049708254e-14,-7.35048233664e-15,-11996.57134051,10.31101046493,-1316.459214298
20,10,139,2.156241136668e-15,7.910519718166e-14,-7.706544415931e-15,-12434.9600795,0.955605571367,-1320.3815563
20,10,140,2.266937583754e-15,7.845227541801e-14,-5.250425309628e-15,-12091.46853088,-11.28217779911,-1314.225026867
20,10,141,2.317254720256e-15,7.79091359287e-14,-3.702154419091e-15,-11939.90177636,-0.4295078593917,-1306.792709471
20,10,142,2.292353727074e-15,7.892795049517e-14,-8.046197895161e-15,-11501.10465825,7.67218813038,-1317.238638819
20,10,143,2.318008310052e-15,7.813220564992e-14,-1.373285033285e-14,-12255.72478509,-3.556034404486,-1302.977955949
20,10,144,1.988679195452e-15,7.88026336009e-14,-6.000161374601e-15,-12339.14973931,-1.122174924494,-1312.69341165
20,10,145,2.311421263729e-15,7.875899298468e-14,-7.203395544525e-15,-12160.76815373,-2.128962077635,-1315.732285434
20,10,146,2.26229895568e-15,7.962400988231e-14,-8.145137642392e-15,-11985.48752153,0.1537804972263,-1327.16298047
20,10,147,2.551025232068e-15,7.999907249901e-14,-1.283936834954e-14,-11536.28830709,-18.06750815286,-1336.271422426
20,10,148,2.137590668705e-15,7.862222154331e-14,-4.376962783147e-15,-12593.53320115,2.507483806455,-1313.103007383
20,10,149,2.349691248434e-15,7.916605435279e-14,-5.437186945679e-15,-11897.82830916,2.245393206263,-1322.781549996
20,10,150,2.379992287722e-15,7.886930047462e-14,-1.186747346931e-14,-11816.88754283,17.57569993617,-1317.137330732
20,10,151,2.090676163624e-15,7.923222361628e-14,-1.44738987018e-14,-12027.0966406,0.004044366130615,-1325.164185979
20,10,152,2.155592269597e-15,7.894383185845e-14,-1.433906160561e-14,-12261.35443735,-14.46119331549,-1317.934846966
20,10,153,2.189712257849e-15,7.843326674905e-14,-1.183710349276e-14,-12359.44778455,7.022108408443,-1308.218046719
20,10,154,2.247874816478e-15,7.881659060449e-14,-4.487755512505e-15,-11994.42027215,-11.40279556564,-1316.751506402
20,10,155,2.319169115125e-15,7.829241722316e-14,-2.660777047448e-15,-11651.89406865,11.44480771678,-1309.04010705
20,10,156,2.485604331757e-15,7.880753452899e-14,-9.714498420011e-15,-11683.2022103,-9.890197744877,-1316.697465996
20,10,157,2.361487162965e-15,7.988128539323e-14,-7.011191666629e-15,-12391.92253332,-3.27324311869,-1335.603823891
20,10,158,2.28920768206e-15,7.931343453759e-14,-7.106203339199e-15,-12241.83998359,-14.03039941339,-1326.963863305
20,10,159,2.343923920756e-15,7.911524010207e-14,-7.106492827893e-15,-12250.27850472,-0.4349796012611,-1319.150786463
20,10,160,2.320621936705e-15,7.820966129428e-14,-1.289201947648e-14,-11687.15081647,-3.097461910059,-1307.85972562
20,10,161,2.511658573928e-15,7.962606352448e-14,-8.904056047369e-15,-11816.07044123,-10.87385972211,-1326.397692522
20,10,162,2.592636337612e-15,7.939310616606e-14,-1.963759288961e-15,-12152.37007552,-8.518256749849,-1319.72437451
20,10,163,2.298633685755e-15,7.888338431332e-14,-5.134981483728e-15,-12233.83443572,9.995934793406,-1319.170833866
20,10,164,2.551550770036e-15,7.910415198661e-14,-8.015301148596e-15,-11878.70705318,6.566279214885,-1322.123236404
20,10,165,2.157692510073e-15,7.876968099811e-14,-6.544878482737e-15,-12214.14958622,-6.165435919842,-1316.937013209
20,10,166,2.247233003619e-15,7.833385387807e-14,-1.382828198753e-14,-12258.51671749,-13.64038985408,-1306.632689779
20,10,167,2.177736846452e-15,7.827097097461e-14,-1.062361493163e-14,-12210.94769305,7.350694159579,-1308.60480234
20,10,168,2.232680411554e-15,7.958673218264e-14,-9.558469840646e-15,-11740.2901508,-4.920303239357,-1328.126603153
20,10,169,2.537308856929e-15,7.936794911146e-14,-2.120960864233e-15,-12302.31698614,7.824174548523,-1324.669160327
20,10,170,2.254539692692e-15,7.926978082173e-14,-1.354478710059e-14,-12269.12282171,4.615833906667,-1320.830097903
20,10,171,2.263967481737e-15,7.920745858097e-14,-1.708830386519e-14,-12057.3639167,4.397901445879,-1318.927698766
20,10,172,2.296631299214e-15,7.93293438406e-14,-6.940297352011e-15,-11853.79065081,-3.437900387547,-1323.090956325
20,10,173,2.11250499711e-15,7.95711787831e-14,-1.300082862936e-14,-11809.49858655,-14.55409549372,-1327.635453325
20,10,174,2.240070674143e-15,7.931308206525e-14,-1.060557283022e-14,-12091.34671802,-17.11733051743,-1325.431556478
20,10,175,2.18006859338e-15,7.876423491983e-14,-1.154038114868e-14,-11911.0930009,-29.18878548426,-1314.041991185
20,10,176,2.225112660702e-15,7.884758649845e-14,-6.774329758552e-15,-12043.72078514,20.34744308449,-1315.487018733
20,10,177,1.952412547204e-15,7.903219698926e-14,-3.177488104866e-15,-12271.87187904,-24.6966015967,-1321.006350678
20,10,178,2.451590051887e-15,7.88813099925e-14,-7.787754764069e-15,-12099.83607837,11.60103115936,-1317.65127364
20,10,179,2.64549969585e-15,7.877909134327e-14,3.611058646545e-15,-12191.64022987,9.070088108937,-1316.880080129
20,10,180,2.303935019454e-15,7.833071122659e-14,-6.105491407977e-15,-12055.92387989,0.5663013166888,-1310.330766189
20,10,181,2.435718320361e-15,7.890392596507e-14,-9.626914991874e-15,-11674.71819213,15.00853981081,-1318.053585354
20,10,182,2.418297084609e-15,7.94264825114e-14,1.405691665198e-15,-11918.25561588,0.4374593234824,-1325.414677144
20,10,183,2.256663007048e-15,7.939236682227e-14,-8.857812299372e-15,-12257.83286265,6.595635794019,-1326.360700298
20,10,184,2.282887802617e-15,7.86288870645e-14,-1.664816987903e-15,-12282.51716903,-2.356154809863,-1313.350857909
20,10,185,2.051190689288e-15,7.908609470582e-14,-1.999141902718e-14,-12603.25831217,10.36080779498,-1323.462559319
20,10,186,2.36599918125e-15,7.91851413996e-14,-9.791879367574e-15,-12023.64793663,2.747946896069,-1325.264132841
20,10,187,2.132291702258e-15,7.834889102919e-14,1.817381151893e-15,-12368.84187293,-15.95468030493,-1306.947335862
20,10,188,2.109640822225e-15,7.844931088181e-14,-8.569088804667e-15,-12154.65878401,12.99679691813,-1310.518271587
20,10,189,2.123912517022e-15,7.955283405367e-14,-1.134981712123e-14,-11832.01459371,-16.93506507373,-1329.507644949
20,10,190,2.585674469381e-15,7.869230347758e-14,-2.183067794443e-15,-11909.16554935,-0.2371794226498,-1313.385284315
20,10,191,1.941614803957e-15,7.856177795962e-14,-1.163310929583e-14,-12540.59022211,2.47713164533,-1318.973624758
20,10,192,2.325506618157e-15,7.888020174572e-14,-4.276955899017e-15,-12764.60780936,10.59365646607,-1316.858343301
20,10,193,2.045643070153e-15,7.813524036686e-14,-1.145882652946e-14,-12217.56625168,1.440950435225,-1304.398711619
20,10,194,2.298239867621e-15,7.914545874173e-14,-1.043409591214e-14,-11781.16520193,-19.46108222634,-1324.575601271
20,10,195,2.259811637643e-15,7.873082262506e-14,-9.635519586259e-15,-11748.16922471,14.11104617781,-1317.275533926
20,10,196,2.090922269543e-15,7.913391265354e-14,-1.423890540827e-14,-11779.96825528,3.438119153457,-1322.438432111
20,10,197,2.447727932945e-15,8.002103796405e-14,-2.263831072366e-15,-12435.80380717,27.72159523637,-1337.408396633
20,10,198,2.141036157676e-15,7.889849715689e-14,-1.569366486865e-14,-11746.9662112,-4.37540209883,-1320.089021373
20,10,199,2.321781027731e-15,7.881030056336e-14,-3.587578006284e-16,-11981.65385379,-11.10235350714,-1314.773779305
20,10,200,2.44257011397e-15,7.85017744374e-14,-1.544621622351e-14,-11794.28654966,-15.3211843842,-1310.723907073
20,10,201,2.098164690988e-15,7.871966564955e-14,-5.378806618476e-15,-12171.78435688,-17.02475057806,-1312.500339132
20,10,202,2.306431681717e-15,7.939245009262e-14,-5.705463950499e-15,-12010.31894447,-0.1042460979471,-1326.3018013
20,10,203,2.194928127078e-15,7.872234971203e-14,-1.506480334253e-14,-12182.43885455,-14.01076463306,-1315.522342639
20,10,204,2.675404845778e-15,7.916355448427e-14,-6.52358657174e-15,-12500.40068227,0.374075497725,-1325.759724078
20,10,205,2.314383747392e-15,7.881488338012e-14,-1.185234786502e-14,-12066.34114395,-4.706889745655,-1316.303622904
20,10,206,2.192528820233e-15,7.913345754691e-14,-4.373304153949e-15,-12542.16948197,-4.035867663829,-1322.169509508
20,10,207,2.274308018458e-15,7.896316400996e-14,-8.641951175053e-15,-11899.43016115,-17.20760006989,-1319.229111549
20,10,208,2.334464358772e-15,7.943963576033e-14,-9.808291232215e-15,-11818.70226099,-36.28655495889,-1321.524842666
20,10,209,2.19499540379e-15,7.925328398271e-14,-6.584496405619e-15,-12206.71465412,24.26123439716,-1323.839428259
20,10,210,2.393616974187e-15,7.867267125049e-14,-2.644995283079e-15,-12167.25071087,2.620215264749,-1315.720860107
20,10,211,2.243371783916e-15,7.861854038926e-14,-9.740304692782e-15,-12026.80737954,-10.95669638073,-1313.99256083
20,10,212,2.262210643053e-15,7.946082163438e-14,-1.45372468021e-14,-11740.14972671,-4.918538126489,-1326.107326578
20,10,213,2.158193254214e-15,7.918738823928e-14,-8.614611751162e-16,-11684.26801583,19.47695575079,-1316.260687962
20,10,214,2.591289817029e-15,7.939505222586e-14,-4.574082951508e-15,-11791.84791368,-7.230055881195,-1327.466300172
20,10,215,2.537119372709e-15,7.921872597315e-14,-5.383873146923e-15,-12099.43898092,6.457859086595,-1322.67780865
20,10,216,2.442594233894e-15,7.905627160449e-14,-1.036464832518e-14,-12013.70152282,17.52307770866,-1322.089612005
20,10,217,2.294404777152e-15,7.852276228325e-14,-9.340723110649e-15,-11971.18282179,-10.4323159586,-1314.617923899
20,10,218,2.359869727597e-15,7.830450957894e-14,-7.426811967543e-15,-12278.58000395,3.92224497319,-1307.696436323
20,10,219,2.02086985953e-15,7.883169728422e-14,-1.60636302475e-14,-12408.72672244,16.48190169167,-1315.209287686
20,10,220,2.368787349933e-15,7.857136077428e-14,-8.123420558457e-15,-12274.00647976,-8.917247114436,-1311.783598707
20,10,221,2.332878703818e-15,7.952413845811e-14,-1.537931814026e-14,-12009.76338254,19.21566337522,-1329.634895221
20,10,222,2.521749692094e-15,7.990203798117e-14,-1.86866278683e-15,-12260.72272268,-16.44504440586,-1335.936236512
20,10,223,2.365265827928e-15,7.87790390848e-14,-7.35150096108e-15,-12169.98961088,-23.12865734655,-1317.314661045
20,10,224,2.202236429982e-15,7.877981552427e-14,-9.024058065428e-15,-11590.43010243,-7.902502556236,-1315.306229892
20,10,225,2.321121162726e-15,7.82557402985e-14,-3.520927998146e-15,-11546.1216049,16.61626233167,-1306.438025314
20,10,226,2.22100922255e-15,7.919852468498e-14,-6.040328390522e-15,-12308.99858566,32.38856373248,-1321.821809314
20,10,227,2.437285872945e-15,7.892513627329e-14,7.706896532895e-16,-12477.65993921,5.065109560712,-1317.820531756
20,10,228,2.318266310125e-15,7.96001373076e-14,-1.355321119636e-14,-12161.00421648,21.08847878845,-1327.308419585
20,10,229,2.236059701938e-15,7.899823982691e-14,-8.907141421661e-15,-12556.98458465,13.34062893459,-1322.567189476
20,10,230,2.331119463736e-15,7.894111141644e-14,-1.389050347276e-14,-12499.28738238,3.053676460883,-1319.823967667
20,10,231,2.027261547198e-15,7.894911383569e-14,-5.701175966972e-15,-12054.18406329,-14.17732960917,-1315.722124904
20,10,232,2.452066040731e-15,7.932376001797e-14,-7.751205564808e-15,-11974.97812785,-6.535255157318,-1324.588431815
20,10,233,2.443639504449e-15,7.892156121038e-14,-1.024568444221e-14,-12227.87381057,7.493885249606,-1313.85004247
20,10,234,2.021479269656e-15,7.915066216869e-14,-1.040617193184e-14,-12103.98345011,14.54038020174,-1321.407750347
20,10,235,2.092202473641e-15,7.899641949944e-14,-8.736103661533e-15,-12447.72769199,-1.093086334197,-1314.474502708
20,10,236,2.147128748569e-15,7.892615539017e-14,-2.592268944676e-15,-11652.27839286,4.829713563891,-1321.473212381
20,10,237,2.3248353294e-15,7.835003669684e-14,-3.834653809111e-15,-12378.76504573,8.268312145402,-1311.72844063
20,10,238,2.334486267367e-15,7.980260913732e-14,-2.295840100942e-15,-12504.71043652,7.701205490267,-1332.981601068
20,10,239,2.393002130396e-15,7.865470516196e-14,-1.921234969722e-15,-11949.06758261,-0.691094619883,-1310.47549739
20,10,240,2.317099390211e-15,7.872534862558e-14,-4.192682822997e-15,-12186.77169627,14.32794321254,-1313.327578085
20,10,241,2.362784858604e-15,7.888027457401e-14,-7.107763420654e-15,-11980.25288499,-0.3298967039256,-1314.788060167
20,10,242,2.217437458431e-15,7.951654468376e-14,5.728751593561e-15,-11846.7107589,5.455000305501,-1330.060581953
20,10,243,2.16939347825e-15,7.889380634842e-14,-1.177980341695e-15,-11574.72962522,14.63642529729,-1318.666756294
20,10,244,2.13109230924e-15,7.85432129228e-14,-6.987120024799e-15,-11917.70033975,-8.827517832819,-1310.810526655
20,10,245,2.390507076708e-15,7.914802454859e-14,-3.028337236174e-15,-12027.47989985,-20.82941944957,-1320.820675192
20,10,246,2.141367296771e-15,7.835225347155e-14,-4.716318399732e-15,-12322.97513608,0.363415369267,-1307.008102964
20,10,247,2.489726698399e-15,7.913672409711e-14,-7.718341456356e-15,-11998.84367965,1.179250306816,-1321.450586328
20,10,248,2.05274146647e-15,7.852218028509e-14,-2.31016347654e-15,-11894.41514504,6.547083142901,-1311.579276148
20,10,249,2.121490250981e-15,7.947729038994e-14,-5.35872577054e-15,-12387.63570236,7.487219961808,-1327.144228321
20,10,250,2.081345096468e-15,7.965683082733e-14,-1.135343997809e-14,-12441.21034759,20.77844087091,-1328.917626969
20,10,251,2.316696489975e-15,7.850404498349e-14,-8.206122531889e-15,-11876.47363619,7.287027458195,-1308.544588265
20,10,252,2.185998144296e-15,7.866492390692e-14,-6.323977275163e-15,-12239.25038783,3.027322549877,-1314.409120819
20,10,253,2.498846468381e-15,7.93090011448e-14,-8.247972741078e-15,-12322.13357456,22.68639051521,-1323.80727983
20,10,254,2.196807986584e-15,7.882980950955e-14,-5.735054121716e-15,-12383.02301218,-29.17887904944,-1321.942328531
20,10,255,2.379428572807e-15,7.805142846749e-14,-8.551475511565e-15,-12141.4395714,-3.566630293021,-1303.04589753
20,10,256,2.225830978119e-15,7.854387785172e-14,-1.313370752974e-14,-12456.32201988,1.862638515687,-1314.751392595
20,10,257,2.313973300018e-15,7.953632204945e-14,-7.12061972511e-15,-12073.42006392,-14.40115019856,-1326.678322308
20,10,258,2.353349161544e-15,7.894130680893e-14,3.061077007377e-15,-11780.58555616,1.287353741997,-1318.302761837
20,10,259,2.02569745448e-15,7.949819952173e-14,-2.319434081139e-15,-11932.83581354,14.85118404434,-1326.356588459
20,10,260,2.352727205491e-15,7.887790673904e-14,-1.536630459918e-14,-12235.42522226,-6.591829240793,-1318.866485428
20,10,261,2.325610007148e-15,7.809949048344e-14,-3.362875347746e-15,-12189.02761958,-20.09024691896,-1308.759061957
20,10,262,2.161263684366e-15,7.884882808928e-14,-8.852230796886e-15,-12125.02915051,-9.959423645072,-1314.826878981
20,10,263,2.274531195596e-15,7.848369235888e-14,-1.196561005276e-14,-11951.02085779,-10.37715915525,-1311.333657798
20,10,264,2.32718992319e-15,7.828734800856e-14,-1.315201916427e-14,-11758.75845501,-9.425075987614,-1310.350471747
20,10,265,1.9555456826e-15,7.818024906231e-14,-5.555590797819e-15,-12314.75514399,8.307165180125,-1307.632308257
20,10,266,2.476311329709e-15,7.954559596437e-14,-6.244912077124e-15,-12064.23204529,-25.47638407856,-1331.289868612
20,10,267,2.6020935743e-15,7.822691886531e-14,-3.196255635579e-15,-12200.37835488,0.9030973144741,-1307.27694671
20,10,268,2.239003336605e-15,7.93506005334e-14,-1.425752999119e-14,-11964.55047912,-3.630231080314,-1322.460108769
20,10,269,2.216134301452e-15,7.889576862608e-14,-8.606012480513e-15,-12612.20875936,-18.74123529692,-1315.687863773
20,10,270,2.202818604818e-15,7.910246714486e-14,-9.540900819517e-16,-11786.10245643,8.439198215803,-1321.616995135
20,10,271,2.300675559233e-15,7.975293374369e-14,-3.701491406033e-15,-12083.47941279,9.987593560408,-1328.756798794
20,10,272,2.017963222459e-15,7.870078716034e-14,-4.197266678095e-15,-11998.95892561,-6.942911276083,-1315.162692938
20,10,273,2.354421719074e-15,7.954479394755e-14,-5.910331211294e-15,-11960.38604943,4.109589705793,-1322.223750562
20,10,274,2.342707448564e-15,7.82407087064e-14,-1.104114080813e-14,-12158.71968069,-4.442455500005,-1307.822900507
20,10,275,2.266330623783e-15,7.834219768757e-14,-9.89195298415e-15,-11939.58810056,-1.362511073357,-1309.690924894
20,10,276,2.127750805789e-15,7.861153924841e-14,-1.711588200011e-14,-12527.77739948,14.52609387385,-1315.797238837
20,10,277,2.585337737221e-15,7.902404382921e-14,-1.258082474802e-14,-12528.33779611,-12.83772535376,-1320.069258027
20,10,278,2.499762196603e-15,7.905557886631e-14,-4.671199911398e-15,-12075.57513898,-12.05611312204,-1322.734485389
20,10,279,2.395536616226e-15,7.865765184083e-14,-1.114434941593e-14,-12330.67723069,18.48493509428,-1315.173139701
20,10,280,2.140782032982e-15,7.851225668726e-14,-7.577164882644e-15,-12210.00842672,-17.4624036067,-1310.450703848
20,10,281,2.208816747515e-15,7.866738782974e-14,-5.707967698494e-15,-12098.18023019,-1.915068532559,-1315.913332555
20,10,282,2.308807909848e-15,7.980621063868e-14,-1.026910289187e-14,-11956.8770558,-4.785562646456,-1330.590970163
20,10,283,2.030093970429e-15,7.875355607614e-14,-1.758306637228e-14,-12333.55993429,14.61622776461,-1319.087203138
20,10,284,2.553261897505e-15,7.871268967555e-14,-1.190558518559e-14,-12333.53466597,2.106813134677,-1314.525518924
20,10,285,2.414820003258e-15,7.848966814574e-14,-1.278883137761e-14,-12084.62831215,4.892737103595,-1313.554107152
20,10,286,2.177650769215e-15,7.801312860917e-14,-9.907436087852e-15,-12312.98114495,-1.279260741763,-1305.617961509
20,10,287,2.466797047703e-15,7.884500286182e-14,-4.560030290347e-15,-12061.86319782,-6.351466857947,-1315.780127637
20,10,288,2.693272680954e-15,7.850607798329e-14,-4.018793602592e-15,-12050.25314425,17.23360962551,-1310.723630699
20,10,289,2.294407667424e-15,7.890604006599e-14,-8.707707555577e-15,-11636.55147195,5.664851614681,-1320.005171399
20,10,290,2.387783958998e-15,7.912023542029e-14,-9.884781083671e-15,-11918.68339421,10.75627829436,-1316.282302232
20,10,291,2.109574354321e-15,7.907211365839e-14,-7.913521040363e-15,-12236.28770952,10.10681145305,-1321.181287279
20,10,292,2.344391937698e-15,7.928105244084e-14,2.280977288437e-16,-11991.92155243,14.67596507171,-1323.428210378
20,10,293,2.15784605571e-15,7.889441165971e-14,-6.225328272208e-15,-11798.80503985,-4.120861336002,-1317.588290066
20,10,294,2.3858253987e-15,7.907043310896e-14,-1.001260638527e-14,-11723.76208524,-4.508606991637,-1320.290746301
20,10,295,2.5615104405e-15,7.918475675488e-14,-1.195685620346e-14,-12114.93092517,-12.21828447668,-1325.980014178
20,10,296,2.396719192973e-15,7.926869983622e-14,-1.127166417138e-14,-11552.90800378,-22.18373012835,-1323.06262268
20,10,297,2.447182735359e-15,7.899006184517e-14,-7.46274817793e-15,-12077.17964033,-9.210663130881,-1321.436451818
20,10,298,2.042846576914e-15,7.823762886608e-14,-2.125885910499e-15,-12404.71642825,-7.208292533263,-1308.128561247
20,10,299,2.230169399314e-15,7.931393460422e-14,-9.84405478349e-15,-12555.6384582,-18.92214430655,-1322.354656606
20,10,300,2.461555575119e-15,7.866540983571e-14,-1.574947167681e-14,-12138.83775039,12.52933331006,-1317.255452921
20,10,301,2.169973984946e-15,7.929404846263e-14,-7.021317135428e-15,-11938.14109651,15.53418335619,-1324.495270448
20,10,302,2.165107203206e-15,7.851171842298e-14,-1.458583777162e-14,-12148.01777637,-14.38615554607,-1312.847053755
20,10,303,2.080882707038e-15,7.852362185396e-14,-8.509827128264e-15,-11979.73449295,6.350742892896,-1308.486235657
20,10,304,2.023585951454e-15,7.92142438148e-14,-9.383817845866e-15,-11828.606798,9.235778209407,-1326.93769674
20,10,305,2.23445894147e-15,7.834573232685e-14,-5.813171423909e-15,-12010.31778347,-5.945778178916,-1311.590664116
20,10,306,1.940020920708e-15,7.940304911375e-14,-9.023958038037e-15,-11971.18216904,9.40433758337,-1323.907850359
20,10,307,2.153229994905e-15,7.852756551628e-14,-1.434091719993e-14,-11579.23189225,10.74212891081,-1312.677446916
20,10,308,2.229435180454e-15,7.836062633818e-14,-1.155196425436e-14,-11991.05847167,-3.138860311337,-1311.184859689
20,10,309,2.143242389937e-15,7.888639940926e-14,-7.264709234826e-15,-11833.7634406,1.343115566947,-1319.650166139
20,10,310,2.438000098461e-15,7.836478841763e-14,-7.288315197691e-15,-12264.7453539,-4.200942526462,-1310.9804227
20,10,311,2.168800588154e-15,7.943550774904e-14,-1.41533336601e-14,-12317.55632919,-5.575671246341,-1327.440313548
20,10,312,2.382340196079e-15,7.968370128007e-14,-1.546848684497e-14,-12274.79771067,9.990597126787,-1330.678122733
20,10,313,2.197710192331e-15,7.895261892271e-14,-2.600120359406e-15,-11561.19885209,15.09025149654,-1320.349308232
20,10,314,2.251103598058e-15,7.858486140862e-14,-4.630397869925e-15,-12033.92739398,15.35879682027,-1315.092869774
20,10,315,2.149887075836e-15,7.912917298768e-14,-7.686582851212e-15,-12521.97949365,-0.789377434942,-1320.576512138
20,10,316,2.280185466911e-15,7.819813421615e-14,-2.41804564543e-15,-12288.84272229,2.628843932637,-1304.330802494
20,10,317,2.328165957319e-15,7.886435855508e-14,-6.562254375669e-15,-11872.0215175,-7.580074126412,-1316.16393287
20,10,318,1.949151270627e-15,7.875015431936e-14,-3.593119966562e-15,-12203.36123476,12.80807125225,-1316.411596284
20,10,319,2.119534652734e-15,7.783197917792e-14,-1.242462317086e-14,-12031.3784011,-3.123085300541,-1298.588023325
20,10,320,2.433015973682e-15,7.911795365259e-14,-8.851439857148e-15,-11903.6326572,-2.900439286427,-1317.085378888
20,10,321,2.070491083877e-15,7.881863751975e-14,-7.402758836247e-15,-12127.54474748,13.50451049168,-1313.280122261
20,10,322,2.151054785767e-15,7.917265095943e-14,-7.54321412228e-15,-12433.23266156,-8.070910244024,-1319.546888564
20,10,323,2.234206234847e-15,7.943686865971e-14,-1.428137654067e-14,-12077.56008617,-5.388659152223,-1323.224311092
20,10,324,2.394182790361e-15,7.903997596802e-14,-8.376389723076e-15,-12098.84729856,7.785150353982,-1318.653391
20,10,325,2.194412478993e-15,7.941165289348e-14,-4.208103855658e-15,-12066.93195212,-3.297642155615,-1329.295269114
20,10,326,1.995622791263e-15,7.876703573795e-14,-6.06739705609e-15,-12141.96815831,5.544341231109,-1318.513251009
20,10,327,2.239258080701e-15,7.862839688604e-14,-9.084390861159e-16,-12052.71772465,5.892727600087,-1313.843146805
20,10,328,2.288366357677e-15,7.808746463909e-14,-3.163160245072e-15,-11966.55197059,-2.725045556697,-1308.006717045
20,10,329,2.3860150856e-15,7.874429771855e-14,-5.672279730274e-15,-11929.5013272,0.5284039646468,-1317.265505358
20,10,330,2.335604844806e-15,7.84867805618e-14,-9.639080713077e-15,-12304.53182706,-1.872618054178,-1312.55545473
20,10,331,2.06606476997e-15,7.938846745077e-14,-7.832935102798e-15,-12263.62723443,-6.341271780899,-1328.528240208
20,10,332,2.085639654371e-15,7.940807409361e-14,-7.136433078656e-15,-11922.00902732,-5.173770437331,-1327.685029221
20,10,333,2.598382705003e-15,7.957235025441e-14,-6.892431729923e-15,-11876.25300046,-7.967654742602,-1326.20955563
20,10,334,2.341622063815e-15,7.818266104932e-14,-2.548533388096e-15,-12030.09186438,-2.200151164566,-1303.861748029
20,10,335,2.364460771356e-15,7.895451010976e-14,-1.042654995857e-14,-12691.20340628,-6.125602938794,-1318.81321007
20,10,336,2.201924486905e-15,7.794438022466e-14,-6.220691818554e-15,-12349.60669853,8.044003936044,-1304.894668046
20,10,337,2.186513746825e-15,7.880708723846e-14,-3.725183458118e-15,-12337.2568496,-24.45193538416,-1310.870025797
20,10,338,2.116040993582e-15,7.866514733371e-14,-7.238522210234e-15,-12172.08585726,2.574281654838,-1315.679463803
20,10,339,2.299064145788e-15,7.923589089512e-14,-1.27724181229e-14,-12229.88731404,-12.33859488914,-1318.78266564
20,10,340,2.326681544198e-15,7.906577232725e-14,-1.880317220273e-14,-12461.46459573,1.149017824318,-1320.602095631
20,10,341,2.481016489294e-15,7.922818082188e-14,-1.155536684113e-14,-12044.69737158,-11.23356177563,-1323.509867667
20,10,342,2.168433923829e-15,7.929431939631e-14,-1.259776779738e-14,-12060.4732115,-7.097290566347,-1326.884009441
20,10,343,2.323076587093e-15,7.872668186657e-14,-2.038220531305e-14,-11951.73400538,6.459258890709,-1320.214016921
20,10,344,2.164053461198e-15,7.881411255013e-14,-5.211442689773e-15,-11961.59022599,11.95746386958,-1311.77772321
20,10,345,2.145804909527e-15,7.787085339045e-14,-6.77654121839e-15,-12146.54601642,-9.729202440793,-1298.149579257
20,10,346,2.234248246163e-15,7.943117028588e-14,-1.175891608212e-14,-12228.75633601,2.37139347842,-1326.819647888
20,10,347,2.495890746765e-15,7.926499867305e-14,-6.262498469389e-15,-12512.99467587,19.67894342141,-1325.357757979
20,10,348,2.186582409341e-15,7.897797661601e-14,7.831783170053e-16,-12447.35360777,6.115758825835,-1321.331402201
20,10,349,2.30748766489e-15,7.871926539559e-14,-3.928141975792e-15,-11872.12772278,-30.33443414485,-1319.207145274
20,10,350,2.317852448796e-15,7.900761875818e-14,-1.360919877856e-14,-11950.92615793,-4.804653411513,-1321.802971347
20,10,351,2.191595190803e-15,7.912473852398e-14,-4.098567286343e-15,-12100.18282881,21.16344184231,-1317.365324614
20,10,352,2.586860603073e-15,7.863647614207e-14,-1.81800415405e-14,-12267.06915547,-14.58943036585,-1313.043052342
20,10,353,2.424589916536e-15,7.944199293871e-14,-1.161674991586e-15,-12498.72863122,4.114353865377,-1324.521339598
20,10,354,2.417264951278e-15,7.800893125757e-14,-4.932371021962e-15,-12454.39626406,-15.18799925432,-1303.783422509
20,10,355,2.324257941513e-15,7.907813519934e-14,-6.945614591209e-15,-12251.27323351,0.4629601604164,-1320.010048189
20,10,356,2.207133867709e-15,7.834464906088e-14,-5.76755583575e-15,-12569.13817486,8.360665676509,-1310.516535394
20,10,357,2.174772340992e-15,7.829365231654e-14,-1.458857999779e-14,-12046.42891971,-2.809587922304,-1309.692601007
20,10,358,2.362144434326e-15,7.874354486883e-14,1.212773010459e-15,-11749.07245587,-4.955125846967,-1315.374085895
20,10,359,2.564472308964e-15,7.885819906576e-14,-9.568260714084e-15,-12402.34442813,-10.29116323467,-1317.194738352
20,10,360,2.307125917474e-15,7.845254210512e-14,-5.502420904617e-15,-11841.85593638,1.220070553174,-1311.066728325
20,10,361,2.070331602305e-15,7.85673892781e-14,-1.576094323489e-15,-12373.60071017,1.310592616261,-1313.245661569
20,10,362,2.487943066529e-15,7.917404710414e-14,-9.92616018866e-15,-11684.82050409,8.411508046387,-1322.390965597
20,10,363,2.088884442487e-15,7.799985338317e-14,-1.064631314639e-14,-12111.0329892,12.43160631944,-1304.760655034
20,10,364,2.19327577864e-15,7.798620307707e-14,-4.802196841248e-15,-12143.20594387,-0.2557174161193,-1307.462502264
20,10,365,2.33453005058e-15,7.890870476377e-14,-1.385307112767e-14,-12396.97403374,11.49907442532,-1313.900380754
20,10,366,2.295599008579e-15,7.920423820306e-14,-1.037558573806e-14,-11969.1246456,19.93940608762,-1322.288122191
20,10,367,2.173344767248e-15,7.942538799264e-14,-7.738294571993e-15,-12036.83010913,-9.547328038729,-1325.096529015
20,10,368,1.912596536957e-15,7.84529161286e-14,-6.570557111468e-15,-12440.22439405,-19.17996090873,-1306.524157353
20,10,369,2.326744979169e-15,7.937889853357e-14,-2.931829464707e-15,-11306.36896095,7.363733515545,-1326.396963681
20,10,370,2.386991817471e-15,7.854508647912e-14,-1.864160381425e-15,-11654.13814226,18.98749695724,-1316.791131807
20,10,371,2.09021961585e-15,7.886717810412e-14,-4.003760239023e-15,-11977.64352744,2.824582169084,-1315.612728582
20,10,372,2.38414450468e-15,7.929049460525e-14,-6.082276556092e-15,-12151.26411176,-9.010432283296,-1323.838106903
20,10,373,2.44477108195e-15,7.81603701823e-14,2.475983441646e-15,-12227.79208271,1.666209856996,-1306.798662149
20,10,374,2.305304632856e-15,7.956164806691e-14,-9.201502575863e-15,-12239.99864877,-7.069766076787,-1329.403854613
20,10,375,2.331615478325e-15,7.89067909763e-14,1.45321842496e-15,-12188.9475232,5.199975336079,-1319.051430022
20,10,376,2.11289909492e-15,7.756223061373e-14,-3.919600629008e-15,-12212.83094166,15.30987749212,-1297.817803576
20,10,377,2.102336620448e-15,7.848809288192e-14,-8.78682712227e-15,-12228.19468993,8.513177599115,-1312.745540887
20,10,378,2.167403606598e-15,7.906403420145e-14,-7.481431455358e-15,-12893.73404427,1.272999370516,-1321.107695797
20,10,379,2.231662377124e-15,7.943349435525e-14,-1.037747380462e-14,-12071.77261178,0.5845512430049,-1324.549574982
20,10,380,2.324237319178e-15,7.904442183286e-14,-1.066119143641e-14,-12125.42357355,2.900531456453,-1318.9920782
20,10,381,2.477884537517e-15,7.906074797204e-14,-1.372510984838e-14,-12432.41757117,-6.360717570853,-1324.875808818
20,10,382,2.317736447825e-15,7.855823046554e-14,-2.633500980016e-15,-12311.52756427,16.93591784821,-1313.646445287
20,10,383,2.464586603946e-15,7.876462088646e-14,-6.139565084202e-15,-12690.23677534,5.052784810108,-1317.167783151
20,10,384,2.420223087534e-15,7.898026669145e-14,-6.123306216342e-15,-11846.58618255,5.345940351084,-1322.830131196
20,10,385,2.402342538533e-15,7.908028164651e-14,-9.144490316228e-15,-12143.57856371,12.30625896501,-1320.966157411
20,10,386,2.460703389522e-15,7.825489408339e-14,-5.115206165582e-15,-11607.15817549,3.300384275388,-1303.642007421
20,10,387,2.243436241994e-15,7.88185257965e-14,-1.033878268862e-14,-12201.60894082,2.531197316413,-1314.783384932
20,10,388,2.410318713353e-15,7.903313718141e-14,-1.130216013517e-14,-11925.11894781,-24.53636084502,-1316.644202443
20,10,389,2.26479332809e-15,7.840097122482e-14,-9.921733139315e-15,-12288.68117979,0.03287121209897,-1307.105749635
20,10,390,2.168708465389e-15,7.938608133959e-14,-1.346495188245e-14,-12146.35859888,-2.580973223318,-1322.699317928
20,10,391,2.486425681104e-15,7.829573679453e-14,1.914153889353e-15,-12357.15184854,14.39121146097,-1309.961349267
20,10,392,1.89744065704e-15,7.891370734054e-14,-6.078301785371e-15,-11998.57378545,7.945459693276,-1319.849380327
20,10,393,2.113179545769e-15,7.820065209161e-14,-1.040558638993e-14,-12021.03586589,-4.474384038625,-1309.369492495
20,10,394,2.336434160809e-15,7.862489996149e-14,-9.468041995107e-15,-12012.58640594,17.35210075892,-1314.528807074
20,10,395,2.284215553433e-15,7.874808729619e-14,-9.232920288156e-15,-11882.70407699,-9.636480275445,-1317.152859014
20,10,396,2.177019487874e-15,7.878185789016e-14,-1.304046481046e-15,-11715.83816797,1.996101538613,-1318.947423668
20,10,397,2.516968885892e-15,7.867339907919e-14,-6.186269710251e-15,-11822.49464338,6.396614081508,-1308.353503731
20,10,398,2.446400971887e-15,7.894797651104e-14,2.129151038366e-16,-12326.08342545,14.38063697119,-1319.22896103
20,10,399,2.266963513385e-15,7.957632649839e-14,-7.19179669733e-15,-11828.2144661,2.729744037698,-1323.463171344
20,10,400,1.902860908396e-15,7.833195688911e-14,-5.8534672237e-15,-12372.26141804,9.624094581369,-1313.264778797
20,10,401,2.400721953288e-15,8.016198819637e-14,-2.998458893096e-15,-11876.4707314,2.477609130542,-1337.442033306
20,10,402,2.380311682408e-15,7.834067088289e-14,-7.290037681975e-15,-12059.35316734,24.78826053882,-1312.320243058
20,10,403,2.397631938889e-15,7.999901893122e-14,-6.77532747575e-15,-12124.03589384,-12.15133424487,-1335.240236279
20,10,404,2.216993492174e-15,7.870804438157e-14,-1.350126049756e-14,-11939.37104758,-15.09485986119,-1314.173376585
20,10,405,2.443363925307e-15,7.925844882917e-14,-1.024413768369e-14,-12014.99158847,0.6346394295859,-1323.620923717
20,10,406,2.212660658658e-15,7.823542339945e-14,-1.005573936397e-14,-11948.95607069,-0.09354857279332,-1309.702643242
20,10,407,2.008803580759e-15,7.92141324374e-14,-1.155272265004e-14,-12141.92800767,9.499728731942,-1323.890974586
20,10,408,1.967217750063e-15,7.919906829775e-14,-1.662862171758e-14,-12148.23473065,-17.35610940345,-1319.662716597
20,10,409,2.465086238111e-15,7.87447261941e-14,-4.98441925904e-15,-11977.98429017,8.861349715969,-1314.867231388
20,10,410,2.482372181436e-15,7.915221970459e-14,-1.066527793619e-14,-12050.26081825,1.35365819104,-1317.43846477
20,10,411,2.250553200578e-15,7.885671344054e-14,-3.611895880867e-15,-11845.50672952,3.092506456309,-1323.019424743
20,10,412,2.277389650525e-15,7.854626972947e-14,-1.143369022098e-14,-12293.82989754,-14.69420416812,-1311.553211259
20,10,413,2.382711257626e-15,7.784572246401e-14,-1.254339635298e-15,-11606.21450563,16.57861519894,-1305.447191683
20,10,414,2.221383136352e-15,7.854551116275e-14,-6.842301671532e-15,-11936.8928103,-4.523330364166,-1312.792434143
20,10,415,2.234289376372e-15,7.806282672212e-14,-8.607797511973e-15,-11975.1443553,2.830987156915,-1308.576465144
20,10,416,2.131208106717e-15,7.871541908323e-14,-4.564626002901e-15,-12039.93787059,9.644913608528,-1318.420836104
20,10,417,2.562709358059e-15,7.881621037188e-14,-5.338632849016e-15,-12352.96011998,-26.1083437661,-1316.746714456
20,10,418,2.401333733028e-15,7.942948947459e-14,-1.156957562143e-14,-12002.84328283,14.15735629404,-1323.118945549
20,10,419,2.439108162755e-15,7.853629186216e-14,-7.296081742637e-15,-11735.22479048,0.6863074151907,-1311.011772009
20,10,420,2.18951426923e-15,7.8836386241e-14,-5.131475990064e-15,-12613.72825038,11.28714452352,-1319.90617138
20,10,421,2.059900343386e-15,7.947577570445e-14,-1.499461147335e-14,-12021.81613217,-5.973837266662,-1327.720686075
20,10,422,2.261490624595e-15,7.869601042359e-14,-9.279574536018e-15,-11951.57408108,-9.275828855323,-1313.213175522
20,10,423,2.395298495625e-15,7.843537096924e-14,-5.546293399144e-15,-11963.26159301,5.039274956961,-1313.399191049
20,10,424,2.292375638127e-15,7.914709364646e-14,-1.10054418282e-14,-11926.64254507,-1.46508408552,-1320.684307265
20,10,425,2.200301163924e-15,7.8807342093e-14,-1.493169839378e-14,-12202.82428451,26.30594037977,-1316.823370797
20,10,426,2.14125048218e-15,7.997930568069e-14,-1.254808264588e-14,-11946.0969203,13.88224872957,-1336.166616548
20,10,427,2.423618260747e-15,7.859594451349e-14,-1.218209164559e-14,-11650.87285675,2.855044665156,-1315.792412304
20,10,428,2.220375864817e-15,7.840148402296e-14,-6.055002867591e-15,-11955.3830828,13.75049780495,-1309.038320921
20,10,429,2.284232688944e-15,7.925874533691e-14,-4.481084672235e-15,-12133.41124554,-1.730821567383,-1327.365483622
20,10,430,2.456453195081e-15,7.9207350615e-14,-8.335615240865e-15,-11967.4827337,-8.924750129651,-1322.399240446
20,10,431,2.188697655477e-15,7.901676747738e-14,-1.336381725853e-14,-12099.31984609,-9.04966051917,-1321.423010813
20,10,432,2.117660837472e-15,7.87244004828e-14,-1.079442984151e-14,-11775.14470862,12.43958959559,-1313.037822969
20,10,433,2.140690225625e-15,7.879240202843e-14,-1.055997793853e-14,-12138.75854144,-1.987742059035,-1313.391683809
20,10,434,2.260821124453e-15,7.836109973908e-14,-7.368458001926e-15,-12305.25991053,9.201131406805,-1310.022359314
20,10,435,2.36743543465e-15,7.854151120913e-14,-6.874093872525e-15,-12196.67911958,-3.097969165528,-1311.845264513
20,10,436,2.17273939353e-15,7.885399960846e-14,-4.538770253121e-15,-11861.73769777,25.15589643138,-1318.844940293
20,10,437,2.26046168006e-15,7.962276497205e-14,-5.947207559863e-15,-11929.41465932,19.84183153563,-1325.659807522
20,10,438,2.073514367497e-15,7.932102196219e-14,-2.913629157007e-15,-12234.77380235,-1.197378931104,-1322.29231999
20,10,439,2.372890139484e-15,7.857056057751e-14,-4.714323533781e-15,-11797.43332546,0.6351549705189,-1315.630954473
20,10,440,2.551508695714e-15,7.931316509192e-14,-4.701334689318e-15,-12036.18879228,22.63507739922,-1326.253296118
20,10,441,2.0951670638e-15,7.857382287066e-14,-1.641788837714e-14,-12550.65085956,-16.97261269916,-1313.141509794
20,10,442,2.206900466946e-15,7.925175561764e-14,-1.86539292458e-15,-11708.6768992,9.093504950648,-1326.298906035
20,10,443,2.180850836102e-15,7.926688735408e-14,-7.569235624292e-15,-12284.38083637,-9.87644307813,-1323.093311309
20,10,444,2.223081910439e-15,7.898826947034e-14,-5.584316378868e-16,-11978.30733817,-2.515910009222,-1316.939454539
20,10,445,2.407989475048e-15,7.810366897746e-14,-1.314437600297e-14,-12519.43413662,-2.458238481018,-1305.904282051
20,10,446,2.191020819025e-15,7.837537683314e-14,-1.039437975954e-14,-11991.5984733,-10.36868396128,-1313.131114376
20,10,447,2.159009458066e-15,7.829721460263e-14,-5.645317891307e-15,-12014.28818889,9.45881819173,-1308.408205795
20,10,448,2.13465630419e-15,7.888890903146e-14,-3.228078407572e-15,-12043.64227673,-18.81391167206,-1318.055758176
20,10,449,2.234835954704e-15,7.891052772921e-14,-8.446245959026e-15,-12328.6784271,-7.522031243235,-1318.303304853
20,10,450,2.308887794339e-15,7.883329975939e-14,-9.505628181707e-15,-12383.15736281,-3.799332202334,-1314.088925945
20,10,451,2.146577832982e-15,7.879743896167e-14,-9.994489120103e-15,-12092.01401626,-4.718340792264,-1318.140686722
20,10,452,2.270447978059e-15,7.815724881782e-14,-6.590790547826e-15,-12164.31051091,-1.137986384718,-1307.906736956
20,10,453,2.537031573251e-15,7.866272800875e-14,-2.293045068275e-15,-11870.97394084,23.95549158372,-1318.077479971
20,10,454,2.355239627989e-15,7.884743607323e-14,-1.227147393385e-14,-12462.79088412,1.204496378668,-1318.480695582
20,10,455,2.291295866226e-15,7.8404612882e-14,-9.22984869366e-16,-12466.12954439,-2.298556464825,-1310.076126477
20,10,456,2.223535957058e-15,7.909038287118e-14,-1.758092446426e-14,-11976.97644851,-2.848844979911,-1318.330980643
20,10,457,2.2346346989e-15,7.938093678598e-14,-9.175279928424e-15,-12004.73355461,-12.4525944064,-1324.36955867
20,10,458,2.163501282777e-15,7.875353597659e-14,-1.019598644061e-14,-12648.31684775,23.51531912597,-1315.642903127
20,10,459,2.48803615716e-15,7.897872326069e-14,-1.162165823023e-14,-12341.22149452,-9.970926849059,-1317.703579707
20,10,460,2.069896096734e-15,7.853912683046e-14,-3.835708962606e-15,-11993.97472149,4.326803101057,-1310.095221579
20,10,461,2.031809066616e-15,7.812891811009e-14,-3.609210969911e-15,-11912.56575613,7.852753742746,-1308.029793406
20,10,462,2.163552082281e-15,7.965393919487e-14,-1.486862658402e-14,-12371.74467369,11.5915160381,-1330.310595598
20,10,463,2.499123618831e-15,7.944097979364e-14,-4.536533371816e-15,-12281.98048555,-9.316669615942,-1323.925644196
20,10,464,2.504686239461e-15,7.977053318793e-14,-6.409112942435e-15,-11983.14127868,-2.725429208203,-1329.843080849
20,10,465,2.309586103524e-15,7.931683837579e-14,-1.559740835792e-14,-12259.43179399,-1.087302141933,-1321.971138616
20,10,466,2.165996186522e-15,7.920523959015e-14,-3.472966788186e-15,-11405.84425304,-8.23632184713,-1319.516278136
20,10,467,2.038658887543e-15,7.90496423662e-14,-6.913312576985e-15,-12326.08840529,-24.42676101215,-1324.51337089
20,10,468,2.460480746916e-15,7.828433080068e-14,-1.860473290812e-14,-12265.00602549,-15.4720483913,-1307.18358676
20,10,469,2.144355333709e-15,7.890919470584e-14,-1.590831267106e-14,-12880.82260442,6.303073520345,-1321.953266893
20,10,470,2.257882827999e-15,7.851658736803e-14,-8.796241827115e-15,-11859.51234467,-6.280929357166,-1312.202214429
20,10,471,2.405291054331e-15,7.988845848501e-14,-1.098387537481e-14,-12254.79584851,19.39729354767,-1332.088588585
20,10,472,2.135098464078e-15,7.906541618348e-14,-2.795786314391e-15,-11280.53029351,13.69481284343,-1315.997755851
20,10,473,2.032677106526e-15,7.786989955406e-14,-1.504561141944e-15,-11856.72855545,0.6162635891854,-1303.30221116
20,10,474,2.32925440505e-15,7.918847996786e-14,-5.50439285398e-15,-11782.86335626,11.00847940953,-1324.010775691
20,10,475,1.916102490265e-15,7.927110767471e-14,-9.423807845968e-15,-12066.17542562,-9.810823586229,-1321.061075531
20,10,476,2.47510798712e-15,7.850364893089e-14,-1.56865386968e-14,-12308.59971224,9.868870282146,-1315.156680345
20,10,477,2.391105240345e-15,7.971711381187e-14,-1.537483472594e-14,-12099.22804303,-8.945008423907,-1329.258933376
20,10,478,2.331680234079e-15,7.878700797382e-14,-1.535570108717e-14,-12102.34098409,23.9378311652,-1313.771534789
20,10,479,2.279676762734e-15,7.890885246499e-14,-8.393063522328e-15,-12041.71687321,13.48391734845,-1320.308875614
20,10,480,2.567673191526e-15,7.929240347434e-14,-1.386250261948e-15,-12099.45573644,-2.764813151443,-1323.128522742
20,10,481,1.912482968324e-15,7.873496060042e-14,-1.168300021353e-14,-12284.22417034,30.88382492612,-1313.835730537
20,10,482,2.22555795991e-15,7.903680667791e-14,-1.254521428177e-14,-12370.72657611,0.8235483721927,-1322.093959851
20,10,483,2.511749006316e-15,7.939868234521e-14,-2.042341644584e-14,-12209.60516094,-17.12271657675,-1323.296680985
20,10,484,2.178196192722e-15,7.843153934334e-14,-3.184855941937e-15,-12018.38576349,9.609302018449,-1312.421394739
20,10,485,2.194575534803e-15,8.014926165069e-14,-3.904402128917e-15,-12178.42728258,11.35649871438,-1336.216095601
20,10,486,2.339528583126e-15,7.876140227787e-14,-5.849048568616e-15,-11550.19886403,-7.05122057885,-1313.587522681
20,10,487,2.288720020799e-15,7.895834217699e-14,-4.244552488212e-15,-12059.04083529,12.41593876036,-1317.427274339
20,10,488,2.325914037395e-15,7.749614828177e-14,-7.62054156695e-15,-12192.95314835,-13.83012391961,-1296.729318031
20,10,489,2.219890726937e-15,7.864031257734e-14,-1.845849980047e-14,-12083.4562202,-8.051130564854,-1309.042555568
20,10,490,2.403748824468e-15,7.836516035695e-14,-8.362805169536e-15,-12011.76693686,4.2140155689,-1310.264504062
20,10,491,2.24840958871e-15,7.896824888003e-14,-1.489888092923e-14,-12418.51682925,11.54576093634,-1317.289747534
20,10,492,2.357663733698e-15,7.914167399863e-14,-7.092509957358e-15,-12143.81372809,10.7744598365,-1321.083196108
20,10,493,2.268861886693e-15,7.821093176561e-14,-6.790292389391e-15,-12296.24332558,-0.1393821535034,-1305.565167472
20,10,494,2.486063499628e-15,7.946372825918e-14,-8.2038502168e-15,-12439.42890686,13.02447497766,-1326.733531839
20,10,495,2.149226314829e-15,7.86662629998e-14,-7.48390177031e-15,-11977.893175,-0.06728840063809,-1314.750707383
20,10,496,2.622992134461e-15,7.960717698285e-14,-1.082956020053e-14,-12160.1081434,10.61882567299,-1329.424428782
20,10,497,2.141235811411e-15,7.90210868922e-14,-1.758491152878e-14,-12178.12115667,-22.76006939416,-1319.505495527
20,10,498,2.23876013095e-15,7.89121003431e-14,-9.711465356924e-15,-11740.83387869,9.616705979706,-1318.907620495
20,10,499,2.036901761346e-15,7.870741862298e-14,-1.353702170546e-14,-12240.42963187,2.773300014744,-1318.994667765
20,10,500,2.410524159597e-15,7.914261272877e-14,-1.684126143297e-14,-12320.2064556,-13.17064094252,-1317.748539515
20,10,501,2.420739479216e-15,7.902336496202e-14,-7.894820003862e-15,-12153.22131093,0.2721460354452,-1321.571212617
20,10,502,2.228444803076e-15,7.874345424585e-14,-9.765613526436e-15,-12097.96045676,10.4734121803,-1317.478900829
20,10,503,2.484593665913e-15,7.862273840409e-14,-6.997821751348e-15,-12202.42347036,-4.48427420529,-1314.92188956
20,10,504,2.163002408075e-15,7.854616297955e-14,-9.420550818694e-15,-12138.45039144,11.1115210333,-1314.202566102
20,10,505,2.426464308477e-15,7.911495803484e-14,1.277343592066e-16,-11803.15656146,-2.435138968786,-1320.413318096
20,10,506,2.347200075599e-15,7.93828578049e-14,-8.513135726484e-15,-12147.28562728,15.08910234121,-1323.642291405
20,10,507,2.335427545624e-15,7.947165079803e-14,-1.07222484059e-14,-12429.08017962,2.386035471483,-1329.15681986
20,10,508,2.145217451576e-15,7.924087102961e-14,-1.367594328342e-14,-12012.09036587,-6.486143698255,-1321.493531991
20,10,509,2.467969316329e-15,7.870571935857e-14,-9.331200735131e-15,-12203.77111608,6.496174555791,-1316.58896143
20,10,510,2.287896482249e-15,7.877215694819e-14,-5.63902421416e-15,-12098.97589158,-16.04041537141,-1316.111474891
20,10,511,2.280097876141e-15,7.895644457173e-14,-7.57169859718e-15,-11950.67070238,2.725457364,-1317.25147706
20,10,512,2.144675865572e-15,7.897973178113e-14,-2.888173006846e-15,-11962.59620028,8.609605987634,-1317.354876412
20,10,513,2.258815701586e-15,7.927513599792e-14,-2.344401309599e-15,-12286.55442785,6.005623195625,-1327.360067081
20,10,514,2.513728331096e-15,7.865832284958e-14,-3.352894005763e-15,-12008.64740333,13.55056559968,-1317.325416057
20,10,515,2.409390147565e-15,7.903271365092e-14,-4.829155400113e-15,-12180.41202895,-3.096866852075,-1324.918790851
20,10,516,2.56907539739e-15,7.88875270645e-14,-2.423772098656e-15,-12066.1512352,-0.6492288926798,-1314.801466266
20,10,517,2.433248773256e-15,7.887586110963e-14,-7.85086471922e-15,-11969.94726105,11.86276235957,-1323.04410703
20,10,518,2.584224395216e-15,7.935644714259e-14,-1.039077181362e-15,-11812.31656498,-12.62064911959,-1322.862997426
20,10,519,2.325535819902e-15,7.871085855556e-14,-6.594291906679e-15,-12200.00963715,6.679675547994,-1319.741625739
20,10,520,2.407447539935e-15,7.89594192463e-14,-1.432535988402e-14,-11950.97315938,19.18338364584,-1324.980677486
20,10,521,2.312257687807e-15,7.84208752791e-14,1.288771114168e-15,-12240.33252443,-1.412940512175,-1308.360573256
20,10,522,2.505299303668e-15,7.853346016363e-14,-1.483466810647e-14,-12173.86059825,5.006890955036,-1313.853476685
20,10,523,2.333334521794e-15,7.91456084462e-14,-1.220183708325e-14,-12533.25625617,-12.76393860412,-1319.942663171
20,10,524,2.23262688649e-15,7.870659221849e-14,-5.485429283407e-15,-11873.6256501,-4.516064965012,-1318.726570377
20,10,525,2.535710222869e-15,7.86809826193e-14,-1.352200235656e-14,-12168.77144584,-6.243992059093,-1315.057822137
20,10,526,2.138878245412e-15,7.984599559589e-14,-3.573996670861e-15,-11760.39628226,14.19461149836,-1335.731660965
20,10,527,2.113455939118e-15,7.844662420114e-14,-2.459093414509e-14,-12223.59582009,-4.921537077435,-1309.800538096
20,10,528,2.096425260013e-15,7.828814915193e-14,-1.333708442882e-14,-12192.73585954,-9.806053339874,-1305.894784435
20,10,529,2.417420156318e-15,7.798290630412e-14,-6.980711642622e-15,-12072.01914622,-2.797606948753,-1303.580235797
20,10,530,2.320315487766e-15,7.869603539071e-14,-9.264830490775e-15,-12297.87182548,5.957149107781,-1314.470445232
20,10,531,2.268810763068e-15,7.786908414483e-14,5.807099395145e-15,-12140.39480727,-2.783240553833,-1301.175265484
20,10,532,2.593640122703e-15,7.835264919355e-14,-3.235522720481e-15,-11559.76037115,8.527090858878,-1312.549754954
20,10,533,2.35229063714e-15,8.003631641432e-14,-8.356341815836e-15,-12677.12785334,-16.06559040425,-1331.444966775
20,10,534,2.337078302472e-15,7.955708867524e-14,-5.580401715275e-15,-12107.16462623,11.04199346389,-1329.814444503
20,10,535,2.364089278493e-15,7.837081433804e-14,-1.647273155355e-14,-12222.85423001,2.12714320979,-1313.154148108
20,10,536,2.218710903704e-15,7.910614309822e-14,-5.68619556016e-15,-12352.74499527,17.6685770596,-1320.531857373
20,10,537,2.096390841062e-15,7.899138204677e-14,-3.038393566979e-15,-12551.68829219,29.28148282957,-1319.122157473
20,10,538,2.312991352289e-15,7.949254156074e-14,-6.552262610557e-15,-11979.45286566,-9.423850297519,-1327.323751594
20,10,539,2.251659196524e-15,7.98193466543e-14,-6.846884381873e-15,-12232.94502111,-7.698258092857,-1331.226875511
20,10,540,1.998712697871e-15,7.884204185156e-14,-1.087880857842e-14,-11943.70688575,-0.6027421748529,-1318.860836477
20,10,541,2.141037441024e-15,7.845923237815e-14,-1.20329081818e-14,-12331.39199187,1.455429091879,-1308.928514918
20,10,542,2.497317508605e-15,7.880193643424e-14,3.189177053573e-16,-12473.13752414,15.95209762419,-1317.592244012
20,10,543,2.347394318526e-15,7.880007307371e-14,-9.089585782703e-15,-11746.56244157,16.12042444441,-1316.740379927
20,10,544,2.281032971784e-15,7.87474182355e-14,-1.80701852896e-15,-11989.15916917,-1.709142527659,-1316.333585769
20,10,545,2.140609884229e-15,7.884296745842e-14,-4.534670081117e-15,-11915.97204757,-4.620064037944,-1319.808853992
20,10,546,2.448840870795e-15,7.758125408003e-14,-1.557893945621e-15,-12094.91730588,13.51772694618,-1295.277026591
20,10,547,2.300208264457e-15,7.873645208954e-14,-1.779166150324e-15,-12121.41712875,10.86615089448,-1317.756059908
20,10,548,2.260485478838e-15,7.867960397975e-14,-1.904179847045e-15,-11824.15728177,-0.08397228746104,-1318.37869302
20,10,549,2.437079899096e-15,7.831367102643e-14,-3.390487034311e-15,-11837.6323686,-3.373927786257,-1311.777314606
20,10,550,2.225697751611e-15,7.82800051471e-14,-4.216930838919e-15,-11939.48770292,-0.4436504853809,-1307.279321969
20,10,551,2.419042230603e-15,7.845518571729e-14,-8.482565397062e-15,-12099.16673902,0.8711822557578,-1311.210626334
20,10,552,2.367730827454e-15,7.83856642956e-14,-7.567251005473e-15,-12741.64585424,22.06777425646,-1309.967911313
20,10,553,2.371923406321e-15,7.912810209295e-14,-1.709085806047e-15,-12271.99414058,15.60900785985,-1319.40999826
20,10,554,2.158948448828e-15,7.86799300901e-14,-2.18298069196e-15,-12373.11161036,-5.658714935709,-1312.645284493
20,10,555,2.527775777008e-15,7.885071420716e-14,-1.099057068368e-14,-12517.12024242,24.54616170675,-1315.983464191
20,10,556,2.212828526765e-15,7.924007694778e-14,-1.323475116536e-14,-12025.49121714,-4.824259737304,-1322.009089972
20,10,557,2.226935191243e-15,7.850111741276e-14,-8.55082813779e-15,-12455.20313346,-7.494246979089,-1310.716000521
20,10,558,2.547545772025e-15,7.931201107039e-14,-1.671705051533e-14,-12502.51459892,-26.09894265936,-1324.53699175
20,10,559,2.009326902274e-15,7.871812057918e-14,-4.380657638415e-15,-12328.15637546,-10.59131390412,-1317.943705267
20,10,560,2.138414689742e-15,7.916091462524e-14,-4.10396678493e-15,-12064.67419317,-12.67991533612,-1318.978708115
20,10,561,2.456996359904e-15,7.882430741506e-14,-1.399282547066e-14,-12263.64128556,-19.32864145974,-1316.083002295
20,10,562,2.062986145528e-15,7.825550419776e-14,-8.649462476595e-15,-12032.8242387,9.688199262138,-1311.25772838
20,10,563,2.218541233328e-15,7.854689252097e-14,-8.688755187093e-15,-12148.08417232,-5.10423125662,-1313.371047237
20,10,564,2.284323426785e-15,7.842404022516e-14,-7.681383406069e-15,-12296.47298803,-4.773285278252,-1313.691200236
20,10,565,2.167016614182e-15,7.895567409373e-14,-1.003410999347e-14,-11930.46306378,-10.95332133961,-1318.374062956
20,10,566,2.610889215341e-15,7.974009521622e-14,-1.868374609656e-15,-11884.20275735,3.731170056495,-1334.209638139
20,10,567,2.298255292287e-15,7.831492416233e-14,-4.060024636709e-15,-11913.15452036,2.33147272797,-1309.401100589
20,10,568,2.286163196218e-15,7.818683700327e-14,-9.967369872383e-15,-12010.00190005,4.770289948128,-1306.384029874
20,10,569,2.416696398504e-15,7.880013164605e-14,-1.020763504938e-14,-11817.06489471,12.58751118354,-1317.70827942
20,10,570,2.301132923424e-15,7.809391841622e-14,-1.030935343981e-14,-12316.70297384,4.021359554671,-1307.781642509
20,10,571,2.404074266735e-15,7.868368296702e-14,-9.645426475948e-15,-12038.70203321,-4.23162088702,-1315.927512169
20,10,572,2.215334194618e-15,7.810433628052e-14,-3.717366302551e-15,-12033.53484684,-9.269121998122,-1308.22263518
20,10,573,2.26791719291e-15,7.948347604217e-14,-1.480488625474e-15,-12093.55182349,-4.54580816913,-1326.183074456
20,10,574,2.09349399737e-15,7.870062419278e-14,-3.387141715217e-15,-11627.64704002,-11.11506938334,-1314.146463034
20,10,575,2.500578123443e-15,7.902004908596e-14,-6.416569379704e-16,-12031.87766057,-6.08222462167,-1320.572389737
20,10,576,2.299935536311e-15,7.807078441229e-14,-7.124846013021e-15,-12050.8449011,7.796042238641,-1304.533712045
20,10,577,2.319311821292e-15,7.826003566893e-14,-1.205260319604e-14,-11792.79191345,3.227034435605,-1308.480119582
20,10,578,2.254159270058e-15,7.869840719561e-14,-1.348109690587e-14,-12276.25320913,-15.39876976134,-1317.700530822
20,10,579,2.406015749178e-15,7.861588758805e-14,9.548181980133e-16,-12694.46478647,13.71978344331,-1312.673896362
20,10,580,2.456597977478e-15,7.871548706225e-14,-5.193516607333e-15,-11452.0592241,-7.840445170517,-1316.373397159
20,10,581,2.663417048804e-15,7.998033098826e-14,-1.805560568464e-15,-11527.75220585,-6.29341810084,-1334.867624311
20,10,582,1.985689744496e-15,7.835287176483e-14,-7.992445849132e-15,-11959.3207297,2.481843558221,-1308.274698968
20,10,583,2.490420841126e-15,7.891228855872e-14,-5.161818611766e-15,-12384.9519787,17.75045742703,-1317.069865047
20,10,584,2.246844172386e-15,7.898797388639e-14,-1.022357591335e-14,-11962.63439945,-1.570111030455,-1317.582956131
20,10,585,2.1457457914e-15,7.953539941714e-14,-6.750145239525e-15,-12013.36680007,-0.6461761310247,-1330.718053613
20,10,586,2.400510422955e-15,7.906477789805e-14,-1.163103644918e-15,-12384.13726512,6.929556816267,-1320.212425541
20,10,587,2.153750693245e-15,7.856370235067e-14,-6.281489574484e-15,-12186.77964973,7.941948811855,-1310.705660037
20,10,588,2.383513945696e-15,7.838232881531e-14,-2.900313578947e-15,-12297.07885686,15.71494199832,-1307.955255055
20,10,589,1.91789192216e-15,7.939755640611e-14,-8.429162322896e-15,-11954.58735468,5.230156097518,-1322.786383382
20,10,590,2.403885044346e-15,7.909199313988e-14,-3.269462926542e-15,-12064.39647756,1.864531340875,-1319.299722661
20,10,591,2.20829318966e-15,7.85952151849e-14,-2.568769028888e-15,-12250.99625632,-0.678697601151,-1313.893245384
20,10,592,2.430459338138e-15,7.897835886241e-14,-4.962944766366e-15,-11962.30484295,12.21807940033,-1319.315347726
20,10,593,2.258765970221e-15,7.902924943805e-14,-9.354992046029e-15,-12229.42192011,-11.4319465316,-1323.126778012
20,10,594,2.274360972053e-15,7.94830457281e-14,-7.246481937453e-15,-12376.55529054,-6.393230118983,-1327.680789403
20,10,595,2.32372875112e-15,7.946617637897e-14,3.208182836765e-16,-11972.41881676,-1.598691908745,-1325.032753806
20,10,596,2.367819449731e-15,7.836906157636e-14,-5.857474295501e-15,-12060.46470267,9.452102064395,-1308.764235572
20,10,597,2.406258486508e-15,7.911676617275e-14,-1.694811535392e-14,-11957.21077175,-11.00328736081,-1317.266320667
20,10,598,2.278317074258e-15,7.893746504558e-14,-8.123016098127e-15,-12763.86099848,-27.39283353003,-1322.178753987
20,10,599,2.476996564157e-15,7.8564091982e-14,-1.085372926803e-14,-11880.54304576,8.504176447622,-1314.494889957
20,10,600,2.50279790513e-15,7.927531491003e-14,1.999080422181e-15,-11795.4067171,18.38329544764,-1318.081463782
20,10,601,2.529164420023e-15,7.889128927073e-14,-1.434572968651e-15,-12241.46764954,-15.00588871785,-1316.242668278
20,10,602,2.395396687654e-15,7.922327399948e-14,-1.649833496729e-14,-11949.82768905,-13.14899128668,-1324.115288681
20,10,603,2.279705656168e-15,7.934030404126e-14,-1.105158126236e-14,-12141.10502456,-4.923219077498,-1323.861943507
20,10,604,2.157278211542e-15,7.915075393893e-14,-6.083494531495e-15,-12052.82262962,-18.44616793282,-1320.988134751
20,10,605,2.105128843599e-15,7.933096679108e-14,-1.346792241296e-14,-12170.2521103,-3.430941015168,-1325.025528234
20,10,606,2.129332510565e-15,7.862318574599e-14,-1.451100906573e-14,-12047.17807716,-6.275242639538,-1312.68170885
20,10,607,2.279983112633e-15,7.818212870221e-14,-6.261884669023e-15,-11774.23347013,-15.72687310016,-1304.281397142
20,10,608,2.342591718165e-15,7.945027282929e-14,-4.081474623386e-15,-12125.46047954,2.708443629397,-1325.911809439
20,10,609,2.476759570652e-15,7.993287013276e-14,-9.979959169563e-15,-12225.9041332,2.38300096997,-1332.108240043
20,10,610,2.477304122032e-15,7.878506728473e-14,-5.865845988717e-15,-12277.46406371,3.026348790218,-1318.057030467
20,10,611,2.264061611324e-15,7.846001080988e-14,-7.406933889398e-15,-12094.76600093,2.463466996852,-1312.749745576
20,10,612,2.09317214097e-15,7.848182690533e-14,-1.0832968465e-14,-12522.80179369,7.440319230588,-1308.350921058
20,10,613,2.436014266946e-15,7.949659441145e-14,-1.608192567348e-14,-12256.99724368,-8.559821377159,-1323.844479913
20,10,614,2.109671879609e-15,7.936194855987e-14,-8.492871676425e-15,-12132.96871095,4.648566149096,-1322.620890073
20,10,615,2.356729649193e-15,7.890102005202e-14,-7.157565033291e-15,-12136.45137887,10.76496282842,-1315.579692453
20,10,616,2.468108107984e-15,7.856155275476e-14,-2.568330333506e-16,-12335.08861699,1.027871933638,-1316.229502673
20,10,617,2.167076925405e-15,7.824940240769e-14,-2.106073416235e-15,-12204.51686568,1.894898158258,-1311.414522722
20,10,618,2.328951963282e-15,7.834454536172e-14,2.258502416778e-15,-12074.16408984,-25.72557252197,-1308.667242435
20,10,619,2.427811321583e-15,7.885002808423e-14,-5.695987861715e-16,-12017.82757844,4.976921950236,-1315.362658779
20,10,620,2.407512795132e-15,7.937494049866e-14,-8.886240126075e-15,-12193.1861569,3.836447161482,-1327.5526861
20,10,621,2.404494631565e-15,7.934124472734e-14,-6.021079586359e-15,-11992.08128056,-3.013991392836,-1328.349868531
20,10,622,2.426840106419e-15,7.862139331195e-14,-4.51885141977e-15,-11750.20400089,-13.6875665647,-1313.972207712
20,10,623,2.131493559699e-15,7.920565814935e-14,-8.542152566104e-15,-12175.23357202,-1.632649838747,-1324.631791103
20,10,624,2.354757317127e-15,7.84420730003e-14,-2.132908477075e-15,-12257.41029143,-15.31704458392,-1310.934435837
20,10,625,2.342237855717e-15,7.867579624083e-14,-2.014997133269e-15,-12487.99151769,9.152143045596,-1316.554031356
20,10,626,2.324121022708e-15,7.855231484593e-14,-6.859169177743e-15,-12386.99172435,11.57154122759,-1311.499171242
20,10,627,2.314587178153e-15,7.895420901003e-14,-1.106632574486e-14,-12324.82410576,-16.06452636716,-1315.82243408
20,10,628,2.294797912343e-15,7.933845491733e-14,-1.522506092042e-14,-12128.70885508,-11.03926897586,-1321.86521181
20,10,629,2.404103580896e-15,7.837961896347e-14,-6.349017678529e-15,-12479.26094427,-5.592409080841,-1310.333340582
20,10,630,2.401065916433e-15,7.821865568048e-14,-8.999438165658e-15,-12021.89064341,1.199976835977,-1311.001961683
20,10,631,2.187431020396e-15,7.821670237899e-14,-1.232967714308e-14,-11980.68763494,-12.09629093744,-1305.411550405
20,10,632,2.323742035808e-15,7.928583546584e-14,-1.109115322974e-14,-12460.02945269,-9.041080958574,-1322.314725255
20,10,633,2.093961962205e-15,7.922412472413e-14,-5.938754662541e-15,-11962.17227906,-4.169010225149,-1324.07685119
20,10,634,2.195216553545e-15,7.776842521016e-14,-7.722720681479e-15,-12220.52809488,16.4701013044,-1298.267368999
20,10,635,2.480700813653e-15,7.972883628871e-14,-8.249264269993e-16,-11906.72583354,-1.798129546901,-1333.446943226
20,10,636,2.397233909467e-15,7.868996226521e-14,-2.852415200082e-15,-12174.39017861,7.732208728622,-1312.613111451
20,10,637,2.26763244718e-15,7.953354674193e-14,-1.473782250043e-15,-11979.55260018,17.26652017564,-1329.175545448
20,10,638,2.360358035667e-15,7.898541839927e-14,-1.135767245618e-14,-12083.27002209,3.085934075281,-1321.031455342
20,10,639,2.463362115141e-15,7.83472545068e-14,-2.926552171189e-15,-11832.72079464,-4.003219853951,-1311.513942049
20,10,640,2.597653524228e-15,7.879006652189e-14,-2.035040763589e-15,-12570.7117882,13.65302319762,-1318.807987301
20,10,641,2.220673013168e-15,7.795260400907e-14,-2.85825578833e-15,-11928.65972323,-4.138444135614,-1301.74985608
20,10,642,2.350717292928e-15,7.886308541977e-14,-1.289038656253e-15,-11773.88929863,-2.948567631315,-1314.188977525
20,10,643,2.28565139169e-15,7.928102850579e-14,-9.815101790765e-15,-12116.38277423,0.8184283071242,-1324.220677404
20,10,644,2.364311035207e-15,7.89415483256e-14,-1.452204939203e-14,-12200.31285686,-5.846662271837,-1318.884654887
20,10,645,2.546396415489e-15,7.910989315646e-14,-4.033407585983e-15,-11776.46467263,-1.566877688767,-1315.186902238
20,10,646,2.53018603931e-15,7.947634121881e-14,-1.739661323985e-15,-12277.86057707,-12.52337228347,-1327.376550451
20,10,647,2.314152085363e-15,7.799177899707e-14,-1.006648772806e-14,-12104.40476797,1.695882774009,-1304.681546671
20,10,648,2.353532263783e-15,7.843935296589e-14,-2.578335635898e-15,-12643.04337913,4.724379175293,-1313.234416513
20,10,649,2.484103468852e-15,7.901893252837e-14,-1.081696278863e-14,-12130.5255888,21.00104369814,-1318.585007901
20,10,650,2.350499578191e-15,7.879491576968e-14,-6.007608709082e-15,-12356.42333816,8.32690464366,-1315.129941201
20,10,651,2.217558306301e-15,7.881652896011e-14,-5.780052022226e-15,-12523.46091781,-13.0485782534,-1312.420359945
20,10,652,2.411548875267e-15,7.873716109626e-14,-9.587895545035e-15,-12071.41070346,16.47416353754,-1317.307928067
20,10,653,2.377080017684e-15,7.857838492217e-14,-5.453432667203e-15,-12041.98932948,-18.69892421827,-1313.682744047
20,10,654,2.204635347388e-15,7.878834367481e-14,-1.078048538511e-14,-12170.16864133,5.092233879378,-1317.986276109
20,10,655,2.317985422264e-15,7.88814032495e-14,-1.557494277902e-14,-12199.91168991,9.870179689876,-1319.23383526
20,10,656,2.549348104022e-15,7.884203881019e-14,-7.934036780454e-15,-12098.73334248,12.75375851693,-1319.560215261
20,10,657,2.158760039958e-15,7.955580420516e-14,-7.721138600578e-15,-12023.80264748,7.627737504585,-1326.806054259
20,10,658,2.384154396056e-15,7.835058037975e-14,-3.466780957319e-15,-11265.97792883,-2.013773402343,-1312.20870979
20,10,659,2.483987908729e-15,7.935453750457e-14,-8.893888070089e-15,-12250.67780588,1.121225351594,-1328.179639778
20,10,660,2.359266159006e-15,7.926189896133e-14,-1.445249570608e-14,-12610.45620776,5.430823451179,-1324.927068502
20,10,661,2.477755597883e-15,7.91564086889e-14,-1.132907494139e-14,-12255.79787995,-17.41460584426,-1322.11080256
20,10,662,2.106318101434e-15,7.891051292295e-14,-9.750665130518e-15,-12132.89059345,4.517659443002,-1314.557668283
20,10,663,2.054762668464e-15,7.932647974836e-14,-1.06570262077e-14,-12024.74542182,2.657125516514,-1325.303125362
20,10,664,2.154675835006e-15,7.852203358294e-14,-1.871038798587e-14,-12523.92961926,-19.75137057327,-1310.651006797
20,10,665,2.315924367877e-15,7.936840423196e-14,-9.058076914598e-16,-11882.97401277,-9.63820453722,-1326.639662281
20,10,666,2.30635910805e-15,7.864579890495e-14,-3.249587091119e-15,-12017.09384717,-0.2389193196455,-1313.39573078
20,10,667,1.902388839026e-15,7.848125768382e-14,-3.249837233877e-15,-11730.15779993,-5.561644469206,-1309.721300572
20,10,668,2.516017634711e-15,7.80738725851e-14,-1.523844766361e-15,-12108.51452543,-4.259558572782,-1308.447219654
20,10,669,1.998360341418e-15,7.911890598916e-14,-1.303011491288e-14,-11887.82454236,17.0772902933,-1323.592472605
20,10,670,2.127915660072e-15,7.830798786429e-14,-1.138300384519e-14,-11709.60659453,2.635420025739,-1308.336197837
20,10,671,2.144966518861e-15,7.940836810835e-14,-5.630197704201e-15,-12047.4271623,-6.768490567178,-1322.645470108
20,10,672,2.164232712227e-15,7.912092285707e-14,-1.895756551131e-15,-12161.67606254,14.17178323371,-1320.888743257
20,10,673,2.314153951355e-15,7.846403572439e-14,-2.364970818055e-15,-11819.40796066,2.383612558256,-1311.321938341
20,10,674,2.343393190155e-15,7.796822104145e-14,-7.873436357102e-15,-12069.16471988,-2.434261244482,-1300.774674584
20,10,675,2.414720521428e-15,7.913219078748e-14,-7.859158703116e-15,-11711.0394701,1.50777061566,-1320.181501185
20,10,676,2.583913096488e-15,7.781550568504e-14,-5.306641243075e-15,-12527.11074195,4.712479568333,-1305.705590585
20,10,677,2.395874415585e-15,7.881485032062e-14,-8.628753531699e-15,-12284.54072756,7.55701105217,-1315.057373175
20,10,678,2.558317882366e-15,7.897430638828e-14,-8.353535006208e-15,-12356.97352914,-6.508262105209,-1318.649448151
20,10,679,2.160083264296e-15,7.876410731572e-14,-1.534512912354e-14,-11790.37451707,-6.869724166946,-1317.700158993
20,10,680,2.196467062537e-15,7.812648052828e-14,-3.214132737996e-15,-11742.12160523,22.62315467412,-1307.782993263
20,10,681,2.315743002731e-15,7.840142089689e-14,-1.30993758896e-15,-12020.2803833,10.88975048941,-1310.052734712
20,10,682,1.948127341841e-15,7.839910108923e-14,-4.165631405451e-15,-11898.70860842,24.16420612787,-1310.244952396
20,10,683,2.233617790399e-15,7.924677414094e-14,-1.145080796929e-14,-12160.60831329,17.43460503824,-1325.896093627
20,10,684,2.381552098899e-15,7.850916027397e-14,-8.434006627411e-15,-11984.43539818,7.2203530932,-1312.441648906
20,10,685,2.118324391718e-15,7.857476227653e-14,-8.178019365618e-15,-12087.8306357,11.184491984,-1312.204847744
20,10,686,2.391926732252e-15,7.926521525717e-14,-7.039111799353e-15,-11987.86092832,7.165143166806,-1320.208885414
20,10,687,2.167509912704e-15,7.889585355848e-14,-8.586150672239e-15,-12654.2795775,-13.27739380609,-1315.399514873
20,10,688,2.332224097324e-15,7.887042107326e-14,3.567603787143e-15,-12255.1755104,-2.28279317695,-1317.675037447
20,10,689,2.152600562219e-15,7.837562801509e-14,-1.863573279379e-15,-12074.87430143,13.10607561045,-1309.899275812
20,10,690,2.361244216446e-15,7.984638115546e-14,-5.796531942923e-15,-12128.23355866,-4.84426269421,-1329.932930723
20,10,691,2.394474635472e-15,7.937740507792e-14,-1.307578324153e-14,-11894.43570456,6.081163226044,-1325.492146372
20,10,692,2.429090632884e-15,7.849080176145e-14,-4.718911759866e-15,-12407.29010725,3.338430006477,-1314.945284878
20,10,693,2.464027479657e-15,7.845615051902e-14,-1.021199775397e-14,-11751.04594832,-7.659082341697,-1311.449505251
20,10,694,2.327135857294e-15,7.840165381011e-14,1.281923306257e-15,-12155.23858978,-4.14264741248,-1307.383634959
20,10,695,2.043035741704e-15,7.907723519753e-14,-7.216964544234e-15,-12217.9658561,-19.35386770262,-1316.2109518
20,10,696,2.320116641277e-15,7.981119138903e-14,7.022017128027e-15,-11748.92705726,8.578968992552,-1332.934929781
20,10,697,2.242183487643e-15,7.969942181548e-14,-4.719478154898e-15,-12009.04198006,-10.72635230133,-1330.365719208
20,10,698,2.005160699122e-15,7.917136150185e-14,-7.03668667065e-15,-11651.32141931,-9.594696191123,-1320.212637437
20,10,699,2.299246560323e-15,7.941164421612e-14,-7.185838710609e-15,-11728.84941583,-6.815006800365,-1321.511037512
20,10,700,2.484208264808e-15,7.894661583382e-14,1.044949276267e-15,-12216.35902248,1.593650322335,-1317.555977347
20,10,701,2.511729159904e-15,7.817846635648e-14,-1.002605116736e-15,-11980.05922831,4.736130974945,-1309.681195296
20,10,702,2.104647483038e-15,7.803019068581e-14,-4.160137380249e-15,-12757.14189923,43.18785849048,-1301.411206361
20,10,703,2.369611815584e-15,7.820772836568e-14,-6.674370792795e-15,-12258.14528743,-23.5215433285,-1310.451883444
20,10,704,2.213885090223e-15,7.953005532362e-14,-9.462973797185e-15,-12123.52387139,-7.490467512252,-1325.214793674
20,10,705,2.269268116777e-15,7.892339907661e-14,-1.153844055926e-14,-12502.81739685,7.518837935792,-1314.162691134
20,10,706,2.348948500807e-15,7.911809060874e-14,-1.548587655184e-14,-12034.45157546,-14.16330286395,-1324.112420439
20,10,707,2.169798675573e-15,7.977945478398e-14,-1.014695284496e-14,-12157.4882232,1.041971076865,-1327.613465155
20,10,708,2.324609072971e-15,7.891685010549e-14,-1.657967185515e-14,-11984.27497535,-9.996007965205,-1315.705994838
20,10,709,2.440567321241e-15,7.908968476467e-14,-8.82669235928e-15,-12056.27318951,-19.45411729013,-1327.090134643
20,10,710,2.322498212467e-15,7.792559777615e-14,-3.518234161203e-15,-12301.92904895,5.792460002812,-1304.01576934
20,10,711,2.366144339607e-15,7.858330091322e-14,-5.742189472195e-15,-12458.42364505,-3.56776450123,-1314.422975909
20,10,712,2.251881050106e-15,7.859588477864e-14,-7.955697525605e-15,-11872.77141342,-8.210192188445,-1313.150928679
20,10,713,2.326740749008e-15,7.901273634844e-14,-1.490048373038e-14,-12111.97051637,-22.51113614466,-1319.813000169
20,10,714,2.201734321038e-15,7.909053056175e-14,-1.376268138259e-14,-11609.27768629,17.31118376224,-1321.04388628
20,10,715,2.326017416522e-15,7.915247767437e-14,-6.382801018894e-15,-11936.66223327,0.7868619243261,-1323.279670195
20,10,716,2.408262682625e-15,7.93749379281e-14,-1.442194227183e-14,-11911.82225712,11.61839639497,-1323.201569514
20,10,717,2.301510335152e-15,7.933643252172e-14,-7.748155346402e-15,-11991.35829559,10.96836639182,-1322.963012044
20,10,718,2.281658121916e-15,7.75350933817e-14,-5.615450705548e-15,-11466.95017373,17.98622194608,-1294.689261115
20,10,719,2.494289986807e-15,7.856744218591e-14,-1.039619659514e-14,-11959.14377485,-8.828031303922,-1312.28500162
20,10,720,2.360572634178e-15,7.932606239528e-14,-8.049359756422e-15,-12265.42579084,5.22090784638,-1326.763604902
20,10,721,2.30217151373e-15,7.916316755274e-14,-5.108572003679e-15,-12047.3382898,-0.5571163214992,-1318.52666505
20,10,722,2.601654104364e-15,7.852814200435e-14,-1.616546788236e-14,-12398.45949745,-9.694398149152,-1313.915450498
20,10,723,2.346027329352e-15,7.951016189384e-14,-1.580479311396e-14,-12126.373777,16.97785963428,-1325.938254344
20,10,724,2.147348744818e-15,7.850513442232e-14,-4.572340534351e-15,-12060.04750139,-13.42128370927,-1312.605280576
20,10,725,2.254324807346e-15,7.845774992058e-14,-9.704192831079e-15,-12018.25625338,7.49016917873,-1309.181639235
20,10,726,2.236500001705e-15,7.919645144125e-14,-1.476803522195e-15,-12045.29034962,42.95909515167,-1320.67513221
20,10,727,2.513288944598e-15,7.949481652592e-14,-9.220460577149e-15,-12160.41977513,-9.72540709892,-1330.946027746
20,10,728,2.558002206301e-15,7.911157119213e-14,-9.910549195154e-15,-12016.20440078,0.5718923966947,-1322.08297296
20,10,729,2.409603120498e-15,7.931698291445e-14,-8.622085961283e-15,-11256.21628037,-0.6774005715649,-1324.395423731
20,10,730,2.266321562072e-15,7.882457638182e-14,-2.82552210114e-15,-11919.84152871,13.90637724753,-1315.727698558
20,10,731,2.240551456639e-15,7.949609786356e-14,-6.029915751725e-15,-12416.79422617,5.437331671604,-1326.415493209
20,10,732,2.489842876282e-15,7.93589454026e-14,-1.814204316464e-14,-11925.73787616,13.52316745384,-1324.051829072
20,10,733,2.183034570989e-15,7.875211776476e-14,1.488816569928e-15,-11808.04236189,-16.94983086593,-1317.876077687
20,10,734,2.323818529262e-15,7.825015710423e-14,-1.200589848137e-14,-11930.8152111,-11.02515549817,-1309.54834343
20,10,735,2.126823131287e-15,7.91678563184e-14,-1.186468186069e-14,-11644.86731768,2.185177400106,-1318.499690085
20,10,736,2.140234918028e-15,7.942943855799e-14,-1.117551957276e-14,-11886.8131161,-0.9315055999105,-1322.156322316
20,10,737,2.157750358313e-15,7.873567921786e-14,-1.311730357796e-14,-12258.98507529,-16.11966134147,-1312.927317351
20,10,738,2.546356476305e-15,7.881976416894e-14,-1.116810696494e-14,-12026.11126067,-17.02673464256,-1313.242655983
20,10,739,2.165106654624e-15,7.875540411422e-14,-6.196452332061e-15,-12128.03919014,-3.431572878359,-1321.132045967
20,10,740,2.191488750003e-15,7.863862118943e-14,-5.43744666153e-15,-12151.08737226,-6.237252416769,-1313.9758355
20,10,741,2.186506506351e-15,7.813026109018e-14,-8.428126663804e-15,-12310.59589621,-3.474932978844,-1306.54872625
20,10,742,2.132617360812e-15,7.865806235392e-14,-9.003589289405e-15,-12555.59710343,-7.815747392555,-1312.887102626
20,10,743,2.091697533051e-15,7.950178838187e-14,-7.586038659822e-15,-12045.01073211,3.346223278031,-1324.5924219
20,10,744,2.638413955628e-15,7.939007635192e-14,1.834574622026e-15,-11596.1081635,-13.6790115872,-1329.622586264
20,10,745,2.173362390809e-15,7.898271175572e-14,3.174243211208e-15,-11703.60554411,-0.7222360534744,-1315.099601168
20,10,746,2.2562775692e-15,7.960606231431e-14,2.947245257568e-15,-11953.92826691,-8.618994010197,-1327.248914209
20,10,747,2.453504069797e-15,7.94362774905e-14,-5.862220726562e-15,-11755.48620364,-6.935975688629,-1324.642038137
20,10,748,2.388224408729e-15,7.847973772032e-14,-1.102238733134e-14,-11999.03333713,-6.269179802344,-1310.171024692
20,10,749,2.276869134633e-15,7.856571190633e-14,-4.331599241474e-15,-11983.20673592,15.15919238955,-1314.504759944
20,10,750,2.342190857662e-15,7.935777862281e-14,-1.16762813584e-14,-12341.42742985,2.941587651639,-1324.558018133
20,10,751,2.395812684375e-15,7.888178532594e-14,-9.441026527599e-15,-12145.67750957,-0.6422716967281,-1319.218915545
20,10,752,2.238981706827e-15,7.831048649061e-14,-5.974002648008e-15,-12466.73962963,-2.548807128081,-1310.69905813
20,10,753,2.306667937479e-15,7.858422672859e-14,-1.033911708187e-14,-12187.92336781,-8.390519199483,-1315.14873811
20,10,754,2.135949468313e-15,7.867741174573e-14,-8.889858054165e-15,-12162.30834243,28.21456909446,-1309.896172069
20,10,755,2.207586936693e-15,7.950940928828e-14,-9.177812159576e-15,-11776.91947672,-7.701178429514,-1326.946831505
20,10,756,2.205892126257e-15,7.91014330513e-14,-1.299674218371e-14,-12309.11370652,11.29009501193,-1320.513608284
20,10,757,2.407541544262e-15,7.865078224932e-14,-6.166929601392e-15,-12300.58537888,10.87112087113,-1314.890446058
20,10,758,2.214955057202e-15,7.893686537849e-14,-6.309588598238e-15,-12154.28070144,4.312583720924,-1324.109279313
20,10,759,2.36378089426e-15,7.901331837319e-14,-1.498556851864e-14,-12288.34983457,0.07061596874808,-1315.459386326
20,10,760,2.53030521927e-15,7.943422921891e-14,2.340848542391e-15,-12355.9584646,-1.217179071125,-1328.681935451
20,10,761,2.204874617131e-15,7.833611302881e-14,8.435792646347e-16,-12512.40142044,-11.48832828012,-1307.484422815
20,10,762,2.288168493398e-15,7.886086706299e-14,-3.87270886804e-15,-12097.79398933,0.9982682907537,-1314.659350974
20,10,763,2.39817968518e-15,7.908723760249e-14,-8.006071997934e-15,-12305.80121258,-6.986253372153,-1322.423906417
20,10,764,2.237006625338e-15,7.868304465825e-14,-7.454214475052e-15,-12662.45688161,-10.42312278764,-1317.031110779
20,10,765,2.48315973801e-15,7.912815582999e-14,-1.442491274791e-14,-12227.28332732,-15.46548969927,-1322.967600145
20,10,766,2.255176113574e-15,7.96785497922e-14,8.80744226463e-16,-12179.76901527,7.612062142368,-1329.838986807
20,10,767,2.250918196096e-15,7.875756162324e-14,-1.248550241149e-14,-12098.97475115,1.632394722454,-1315.98582392
20,10,768,2.333868540807e-15,7.777502488003e-14,-9.019249033228e-15,-12540.61062468,4.131311648435,-1302.367598306
20,10,769,2.329568946069e-15,7.93060144996e-14,-6.132857262021e-15,-11637.17965619,-5.133790197651,-1322.789989243
20,10,770,2.293502905844e-15,7.866641527783e-14,-4.386200559839e-15,-12041.08577891,14.81797287967,-1314.478685377
20,10,771,2.279533536276e-15,7.950991542496e-14,-4.441220336322e-15,-12427.56939135,17.16020117934,-1327.462669471
20,10,772,2.269224015929e-15,7.891343902555e-14,-1.082944099239e-16,-12129.60305629,3.139047538477,-1318.266546031
20,10,773,2.505635004986e-15,7.925580769689e-14,4.820585994961e-15,-12321.68957041,0.3885452296176,-1322.582543949
20,10,774,2.311316979644e-15,7.923415808591e-14,-9.650555684773e-15,-12474.56707878,-0.6274833531168,-1323.125180675
20,10,775,2.493721028762e-15,7.914736706116e-14,-9.196960900638e-15,-12032.23364146,-1.503365660396,-1321.342177595
20,10,776,1.952094541716e-15,7.813036431789e-14,-9.379224224699e-15,-11966.83421335,-2.303861884588,-1302.517898726
20,10,777,2.13947563927e-15,7.896083163299e-14,-5.844597600455e-15,-12268.85183078,1.525131098755,-1319.516865276
20,10,778,2.519574913853e-15,7.951847917895e-14,-1.069543320786e-14,-11985.90933678,-23.941347321,-1327.494517239
20,10,779,2.241949505363e-15,7.824798893492e-14,-6.172861380799e-15,-12402.74107919,-18.12411502339,-1313.180390512
20,10,780,2.154743815702e-15,7.897315762992e-14,-6.323424034987e-15,-11591.08826524,-15.1733549387,-1321.854705402
20,10,781,2.250099947431e-15,7.979837191869e-14,-6.064358923149e-15,-12430.46773326,14.85317479264,-1328.361078661
20,10,782,2.472248202798e-15,7.939005021602e-14,-5.661241391529e-15,-11997.34248719,14.0823900387,-1327.855382842
20,10,783,2.544495846645e-15,7.825745626084e-14,-1.491483305245e-14,-11936.1087089,-3.259182673457,-1306.516310879
20,10,784,2.454368067064e-15,7.863124288288e-14,2.599393863793e-16,-12119.06854032,-5.972575350473,-1315.477500232
20,10,785,2.113649882934e-15,7.921237877735e-14,-6.585103590762e-15,-12291.22878667,-7.644886855031,-1326.756843771
20,10,786,2.074009117429e-15,7.869922335309e-14,-1.213280139037e-14,-12015.2339946,-7.028021732571,-1315.776869742
20,10,787,2.265399121028e-15,7.871314336473e-14,4.282518886162e-15,-12268.15946431,-9.741498409847,-1315.112930534
20,10,788,2.124463037875e-15,7.847684331678e-14,-6.156879982865e-15,-11747.9654504,-10.45543465315,-1309.98588003
20,10,789,2.157536470897e-15,7.894948303905e-14,-8.651574959327e-15,-12019.05488035,-3.242740822719,-1315.804856648
20,10,790,2.032603147818e-15,7.90892281622e-14,1.506716041496e-15,-12344.79440909,4.266659242534,-1322.789256904
20,10,791,2.356412623633e-15,7.915792961672e-14,8.008095517871e-16,-11898.2576409,4.066804315524,-1318.275480423
20,10,792,2.154109675108e-15,7.853748413727e-14,-9.321104659054e-15,-12121.78346424,-7.726727600447,-1311.587623249
20,10,793,2.585151212933e-15,7.891263546896e-14,-2.678131236429e-15,-12087.70316436,9.993093948556,-1315.023538304
20,10,794,2.312252646939e-15,7.927581557231e-14,-1.325130838924e-14,-12353.88424093,-16.46011812416,-1323.95973246
20,10,795,2.090676533375e-15,7.918614029583e-14,-7.644083781277e-15,-12355.77551635,13.48328883758,-1327.361030857
20,10,796,2.186995272439e-15,7.929298734608e-14,-3.075239532046e-15,-11980.77911247,9.354321719385,-1323.24009708
20,10,797,2.34879705056e-15,7.928261094053e-14,-2.021838146838e-15,-11697.62582395,-14.3271048225,-1326.171096803
20,10,798,2.119105300988e-15,7.832633387008e-14,-2.313116142657e-15,-12131.4750033,4.691172816387,-1309.609372501
20,10,799,2.180083124143e-15,7.889016747168e-14,-7.72448743152e-15,-12048.54057286,11.15162859073,-1317.043036318
20,10,800,2.604253057105e-15,7.986611319633e-14,2.678157916553e-15,-12195.68200604,26.37098701478,-1338.034855072
20,10,801,2.045275306946e-15,7.92819881626e-14,-9.098256063721e-15,-12585.40322385,-15.38097130476,-1323.561628699
20,10,802,2.004793545559e-15,7.824508750574e-14,-1.560858623096e-15,-11741.35472485,9.081546911211,-1307.399717059
20,10,803,2.397556396591e-15,7.853166216381e-14,-1.303654323014e-14,-12044.10911054,-23.03743432579,-1316.325304169
20,10,804,2.32258840399e-15,7.894927130099e-14,-9.529421376653e-15,-11454.45542781,-0.5944466658608,-1315.192188718
20,10,805,2.714188705076e-15,7.906667260635e-14,-9.493858959308e-15,-11515.96123946,1.44856990392,-1324.274976614
20,10,806,2.255758794161e-15,7.915474328735e-14,-6.706053124661e-15,-11958.44592005,32.74868209226,-1324.318788107
20,10,807,2.427661524701e-15,7.877413649345e-14,-1.147695931645e-14,-11888.35632954,-6.000511212721,-1319.963647235
20,10,808,2.169868098971e-15,7.842041704646e-14,-2.927934194514e-15,-11860.18320851,-9.841137895125,-1311.901613864
20,10,809,2.57615204607e-15,7.961365092724e-14,-7.538136973333e-15,-12276.30144969,0.01889172437734,-1328.813942602
20,10,810,1.862506287337e-15,7.760997386048e-14,-7.908045943633e-15,-11988.80713962,-2.149260117297,-1299.244659206
20,10,811,2.048865854957e-15,7.845044055593e-14,-5.144653408651e-15,-12092.07489486,-3.686588313896,-1307.790487994
20,10,812,2.20594591254e-15,7.863772238552e-14,-1.403993709011e-14,-12087.93658317,-19.15218415398,-1315.113338079
20,10,813,2.433429310487e-15,7.906432907773e-14,-5.119050209925e-15,-11532.15428523,7.33422060075,-1320.056379975
20,10,814,2.203264187148e-15,7.918160629198e-14,-9.173761688339e-15,-12723.01541435,-9.263169126576,-1323.518833304
20,10,815,2.232534527373e-15,7.912519959506e-14,-8.261475150369e-15,-11957.43922058,-20.62061337921,-1321.537891789
20,10,816,2.093617148295e-15,7.832199459717e-14,-1.203863951333e-14,-12286.7260232,0.588733772653,-1310.692069448
20,10,817,2.325942208503e-15,7.953839497182e-14,-5.701680582253e-15,-12134.27606215,-2.39498173691,-1327.271396564
20,10,818,2.45604987147e-15,7.842371970165e-14,-1.420037279807e-14,-12441.45875676,-13.26671442932,-1308.402939615
20,10,819,2.211318061855e-15,7.88509934569e-14,-5.939260339606e-15,-12087.95062523,17.02923718913,-1321.864370131
20,10,820,2.299984573713e-15,7.892205722256e-14,-2.158450289227e-15,-12171.6037265,4.313180487861,-1313.44459787
20,10,821,2.097882433431e-15,7.912260881845e-14,2.722955936523e-15,-11722.05433299,21.57074917834,-1323.15728385
20,10,822,2.291861241323e-15,7.92463537664e-14,-1.656439699733e-14,-12600.93416771,-12.75564322,-1325.260952692
20,10,823,2.497866005902e-15,7.893736737856e-14,-2.905621976171e-15,-11417.48409594,6.989358180205,-1320.133100395
20,10,824,2.480723275974e-15,7.941080412941e-14,-1.185274485121e-14,-12011.70858596,11.67831283777,-1325.275765795
20,10,825,2.16762872261e-15,7.908446242588e-14,-1.477520638801e-14,-12047.51961289,8.686254069371,-1321.659964838
20,10,826,2.375660882692e-15,7.862726958656e-14,-1.515560260397e-14,-11754.6734004,25.74305046906,-1313.564880983
20,10,827,2.282482536336e-15,7.90000245233e-14,-1.438116610242e-14,-12069.77404243,15.40348173718,-1324.064965402
20,10,828,2.111814314665e-15,7.882730911886e-14,-2.612281215647e-15,-12550.84206647,0.8130559803052,-1319.970373863
20,10,829,2.451666422123e-15,7.834405755398e-14,-5.782956026694e-15,-11860.67047823,18.10351480334,-1309.843105443
20,10,830,2.401415771373e-15,7.820608285131e-14,-1.129237620456e-14,-12377.34388014,0.370395424542,-1306.901322906
20,10,831,2.285089780636e-15,7.833459098252e-14,-8.578747415668e-15,-11948.31563206,0.6212119937049,-1308.205318131
20,10,832,1.927325547081e-15,7.910931459537e-14,-1.319323851257e-14,-11999.75125563,11.6116993365,-1320.428310589
20,10,833,2.208672356051e-15,7.888359016504e-14,-1.666708489619e-14,-11645.53289227,-17.40752808862,-1315.113440642
20,10,834,2.475978495859e-15,7.969646377141e-14,4.537439689871e-15,-11955.99240053,12.19136197601,-1328.918079378
20,10,835,2.186368188976e-15,7.835031103835e-14,1.864114971272e-15,-12039.38307297,-3.343115758405,-1307.005029662
20,10,836,2.452682779748e-15,7.872431756235e-14,-7.914211512318e-15,-11885.35103051,-4.241993950858,-1313.367363022
20,10,837,2.372791803759e-15,7.927811144905e-14,-1.262213865128e-14,-12059.71546052,11.64586285771,-1326.701671876
20,10,838,2.320823151042e-15,7.869537486053e-14,-5.450219375586e-15,-11949.82483695,-8.266185772587,-1313.676165991
20,10,839,2.230488949866e-15,7.910682147244e-14,2.253140969357e-16,-11799.43728805,-4.813470995314,-1322.264599903
20,10,840,2.377245874119e-15,7.886787692864e-14,-5.47988092234e-15,-12472.25562552,-13.92636469097,-1317.573359792
20,10,841,2.156831615035e-15,7.847857236249e-14,-7.683746831683e-15,-12163.8380658,-9.258054472237,-1316.180693329
20,10,842,2.309376362666e-15,7.808933787357e-14,-6.730769755763e-15,-12343.09527322,0.3944405241333,-1307.282663987
20,10,843,2.408911691632e-15,7.922348159536e-14,-1.175185725288e-14,-12065.08222712,-15.73433235471,-1320.635199694
20,10,844,2.229420173148e-15,7.809716437612e-14,-3.114719501887e-15,-12009.92677642,21.96682222732,-1304.581626827
20,10,845,2.489974076771e-15,8.07007349588e-14,-1.660246302231e-14,-11889.4343762,6.107262183919,-1345.967960181
20,10,846,2.301414829922e-15,7.974274036313e-14,-1.123507917927e-14,-12595.43991564,-11.11305259525,-1328.627229586
20,10,847,2.375453846324e-15,7.97259075491e-14,-4.21625343436e-15,-12092.81664961,-2.360465282396,-1330.364157942
20,10,848,2.544893042777e-15,7.879174398683e-14,-5.163163916585e-15,-12240.31930481,-10.74947269402,-1317.77865555
20,10,849,2.252205011187e-15,7.928111864266e-14,-8.61484608567e-15,-12027.12019756,16.68223235346,-1322.72206115
20,10,850,2.198663088639e-15,7.813976276018e-14,-9.635295372384e-15,-12276.0857425,0.7385964761338,-1303.906074678
20,10,851,2.077562483609e-15,7.853367050076e-14,-6.687277712389e-15,-11774.34971453,-14.9313823193,-1312.882961522
20,10,852,2.175115059591e-15,7.855486400939e-14,-6.151632959345e-15,-12098.05355052,10.15457758346,-1309.265202322
20,10,853,2.466671423248e-15,7.750646277319e-14,-6.900953601972e-15,-11904.50898198,-3.087464709903,-1298.573845932
20,10,854,2.021271139916e-15,7.895481341845e-14,-5.934362821671e-15,-12541.8743747,13.69125354619,-1313.235278487
20,10,855,2.356584552752e-15,7.928627947329e-14,-1.11748563374e-14,-12183.78518157,-3.922682807408,-1325.092902006
20,10,856,2.108607418078e-15,7.817897649305e-14,-1.892441611e-14,-12007.77654072,-10.96886721509,-1306.668774335
20,10,857,2.48481860504e-15,7.97756414758e-14,-1.104499734537e-14,-11898.80247183,18.32496695692,-1331.600056756
20,10,858,2.400762470784e-15,7.91702658828e-14,-9.083988542172e-15,-12201.43222683,7.833096746764,-1320.869348927
20,10,859,2.352058376459e-15,7.839392199465e-14,-1.115157685454e-14,-11639.18067677,3.201657504026,-1309.866588003
20,10,860,2.688399523259e-15,7.958063189213e-14,-5.778797363768e-15,-12152.48497282,4.106383562668,-1327.584771557
20,10,861,2.308896517634e-15,7.881359076945e-14,-5.714914444124e-15,-12228.61954788,16.14622154397,-1314.718063021
20,10,862,2.330577388694e-15,7.847109332781e-14,-1.123833261127e-14,-12237.00464937,5.106809281518,-1314.468601869
20,10,863,2.259069007588e-15,7.92129869573e-14,-3.548796862556e-15,-12055.78253589,8.163861412032,-1320.852237859
20,10,864,2.014291362448e-15,7.913691023793e-14,-9.284838339234e-15,-11823.42177388,-11.01843990158,-1323.838102574
20,10,865,2.229777635812e-15,7.801651922769e-14,-7.096864910885e-15,-12236.33168417,4.335330220268,-1305.520715273
20,10,866,2.043669095866e-15,7.872112672493e-14,1.692453477449e-15,-11949.62436401,-7.340339807567,-1315.922176295
20,10,867,2.530121528811e-15,7.815576955708e-14,-4.165194209008e-15,-11803.01902017,-20.02030857395,-1309.592447989
20,10,868,2.33926463156e-15,7.935446202867e-14,-1.10428644875e-14,-11916.47372042,4.024661062264,-1327.747065902
20,10,869,2.294667954781e-15,7.893248290604e-14,-3.923383137864e-15,-12154.5903664,-13.04910438628,-1319.030780294
20,10,870,2.665064725662e-15,7.890904242458e-14,-9.628292894895e-15,-12092.681108,0.9786708984537,-1313.570951317
20,10,871,2.172907399336e-15,7.914030909481e-14,-4.796595059133e-15,-12282.50685544,-13.71394661078,-1318.416444934
20,10,872,2.16161777265e-15,7.873286739048e-14,-5.247581356162e-15,-12207.76717339,2.62085092684,-1313.027510443
20,10,873,2.127458774993e-15,7.930450478092e-14,-2.447332393376e-15,-11617.19681874,-10.15834835708,-1321.78417796
20,10,874,2.205062949507e-15,7.817286903016e-14,-1.092353271414e-14,-12269.14063112,-1.433871861474,-1306.189068983
20,10,875,2.021598390131e-15,7.860437931058e-14,-9.39207013792e-15,-12279.06672438,-1.036637667206,-1314.606469804
20,10,876,2.644754780947e-15,7.881684016856e-14,-2.020119667256e-15,-12105.4946861,-4.989704549815,-1319.965171979
20,10,877,2.122366934017e-15,7.890050157784e-14,-8.503121941248e-15,-11995.86714153,11.14832012111,-1317.530374178
20,10,878,2.077737909838e-15,7.911640767839e-14,-1.24272859819e-14,-12596.31128599,-8.612314147956,-1318.89094466
20,10,879,2.225880958355e-15,7.880617690299e-14,-1.418500081293e-15,-11939.09891415,-11.27959244907,-1318.349863465
20,10,880,2.331816398758e-15,7.79198661995e-14,-8.008195860482e-15,-11588.12178397,-3.903918298104,-1304.924079667
20,10,881,2.349530910414e-15,7.85124919832e-14,-5.234738403724e-15,-12249.87972952,-29.13566115347,-1316.117030295
20,10,882,2.459729807837e-15,7.829051857024e-14,-5.966138904739e-16,-11949.6090807,-5.305158601993,-1311.31908196
20,10,883,2.24292281546e-15,7.949557452573e-14,-9.520961032196e-15,-11900.16200118,10.86494473898,-1330.962084154
20,10,884,1.964994522864e-15,7.910766467888e-14,-1.344831851814e-14,-12002.56228197,-17.21892846133,-1321.307975733
20,10,885,2.329119599761e-15,7.872930474798e-14,-1.571649436976e-14,-12035.34229348,-3.007098252415,-1316.399536949
20,10,886,2.257537342136e-15,7.856622088833e-14,-1.849254302486e-14,-12374.60710296,4.18835289329,-1312.926663224
20,10,887,2.497546249092e-15,7.938341935034e-14,-1.013181397483e-14,-11783.66133866,-16.98397710362,-1323.880871942
20,10,888,2.019420152148e-15,7.85722591262e-14,-6.037609369608e-15,-12215.4600678,1.145313592892,-1313.574079352
20,10,889,2.239501682505e-15,7.894209710438e-14,-5.348959202901e-15,-12199.15759402,2.886170479614,-1317.946455499
20,10,890,2.200426827341e-15,7.802600920882e-14,-1.280401004302e-14,-11912.07086244,-7.154415097873,-1300.079931272
20,10,891,2.218516658692e-15,7.92556488119e-14,-9.698047180463e-15,-11986.35085812,-5.256599923975,-1327.958660456
20,10,892,2.378799154289e-15,7.832017799324e-14,-5.019581418489e-15,-11934.59266445,-24.91928275651,-1308.976732761
20,10,893,2.262297925974e-15,7.868512585463e-14,-6.339078546364e-15,-11907.45807583,4.939047887139,-1311.945009748
20,10,894,2.104327941996e-15,7.80896414762e-14,-6.092010945133e-15,-11950.31070226,-8.299697755874,-1308.495003736
20,10,895,2.236259237099e-15,7.911953394935e-14,-9.719211556076e-15,-12273.54682921,-2.556213482156,-1321.190610587
20,10,896,2.335261036494e-15,7.932541820682e-14,-2.007260642654e-15,-11967.52160743,-13.06973570241,-1322.319362615
20,10,897,2.153963880472e-15,7.895301072595e-14,-1.387613665863e-14,-12206.76849366,4.395688753405,-1318.713258798
20,10,898,2.158314643966e-15,7.930118104512e-14,-9.838372558734e-15,-12409.38547651,2.273955309655,-1320.844389097
20,10,899,2.429528210881e-15,7.858515250995e-14,-1.092147325049e-14,-11927.1547757,4.156957173147,-1317.74673891
20,10,900,2.166252913224e-15,7.860771279038e-14,-5.053829548693e-15,-11759.58335857,-8.513876651926,-1317.367338338
20,10,901,2.026952507524e-15,7.836241417579e-14,-1.566171453632e-15,-12090.53319483,12.89726010646,-1314.089068286
20,10,902,2.398815740514e-15,7.938342777026e-14,-9.777694735743e-15,-12024.08976268,-7.047413713586,-1322.882820547
20,10,903,2.243059877532e-15,7.838982439338e-14,-1.057515864222e-16,-12152.78173824,21.3118153872,-1311.869531572
20,10,904,2.303622350886e-15,7.83374840705e-14,-7.23352060683e-15,-12185.44081865,-12.4639908234,-1310.116051503
20,10,905,2.232111767897e-15,7.858941111381e-14,-6.961481561039e-15,-11807.04091235,-0.3897782639572,-1313.693837181
20,10,906,2.615038308433e-15,7.906500818505e-14,-6.878189883712e-15,-12091.41204157,16.68983944646,-1321.71854077
20,10,907,2.264352667379e-15,7.828717973507e-14,-1.70649371216e-15,-11805.02656475,4.654878715142,-1313.852739735
20,10,908,2.143462870641e-15,7.81916729363e-14,-1.683109593309e-15,-11827.56505553,2.960298853878,-1311.621604445
20,10,909,2.233658703551e-15,7.919170605512e-14,-1.175922641135e-14,-12313.45906875,3.511310475902,-1323.691233685
20,10,910,2.50967757716e-15,7.940592700239e-14,-8.073014623138e-15,-12335.33659485,-6.69348498545,-1325.568906396
20,10,911,2.438133466973e-15,7.916712958628e-14,-1.520030387539e-15,-12178.37513326,3.332294020632,-1323.912232832
20,10,912,1.882271483157e-15,7.938288717507e-14,-9.023050039825e-15,-11689.27654286,-3.976654578862,-1322.08475337
20,10,913,2.265875640477e-15,7.880192733596e-14,-8.766040955657e-15,-11744.42953641,7.544688235556,-1313.146118073
20,10,914,2.128073008037e-15,7.945589690345e-14,-1.141617453192e-14,-11995.06865035,-2.112554223231,-1325.658394452
20,10,915,2.21749458794e-15,7.85155944023e-14,-1.126738738646e-14,-12406.06748752,-0.3644613485243,-1312.66472618
20,10,916,2.138676594271e-15,7.844978620291e-14,-8.824607176592e-15,-12483.09621419,-12.91565908027,-1313.773396383
20,10,917,2.317947006272e-15,7.841213480702e-14,-1.411309528673e-14,-12360.87413387,-2.142518900831,-1309.286017685
20,10,918,2.255139559609e-15,7.92082344369e-14,-7.996038432308e-15,-11770.6002148,-4.055515687726,-1323.600112729
20,10,919,2.353665172749e-15,7.745589550858e-14,2.025023337026e-15,-11961.14369834,-0.9631293197418,-1295.179965944
20,10,920,2.123863965995e-15,7.822123878989e-14,-1.578657920886e-14,-11946.36679636,2.812422063831,-1306.679512203
20,10,921,2.343789322968e-15,7.962198747849e-14,-1.11255057111e-14,-13005.46959216,5.826238008328,-1325.875097023
20,10,922,2.197184133027e-15,7.905361352396e-14,-8.783773674585e-15,-12114.38329957,-10.82143061582,-1319.851283892
20,10,923,1.882073541304e-15,7.897260214789e-14,-3.77039090845e-15,-12007.42251945,3.235951792091,-1316.876751371
20,10,924,2.292462531155e-15,7.868620398762e-14,-4.842112675762e-15,-12273.89226592,7.319887552336,-1312.040863024
20,10,925,2.199612405583e-15,7.84117397936e-14,2.135162014539e-16,-11746.41761594,12.16264497015,-1314.214466869
20,10,926,2.397566841955e-15,7.90253084748e-14,-4.807609520853e-15,-11804.84718083,19.68794096512,-1319.784366928
20,10,927,2.069647980478e-15,7.899101656826e-14,-9.204481998487e-15,-12472.13369913,-5.966215475818,-1318.562040943
20,10,928,2.198514013547e-15,7.814240243218e-14,-7.603324823279e-15,-12389.44514737,12.35597474357,-1307.214101817
20,10,929,2.320700606249e-15,7.852765885778e-14,-5.83846796748e-15,-12320.14821757,-7.449836469811,-1310.094990856
20,10,930,2.511629094722e-15,7.893083207196e-14,-1.510273291863e-14,-12153.00177731,-3.149124207897,-1320.020405749
20,10,931,2.410132345643e-15,7.809384054735e-14,-2.697378084569e-15,-11901.56768643,-8.1152352067,-1309.349265677
20,10,932,2.358303160251e-15,7.917784893257e-14,-2.332438545249e-15,-12056.25074482,13.66263016197,-1327.53800715
20,10,933,2.420272599778e-15,7.870461222065e-14,-8.617861581593e-15,-12721.55296094,-8.628411400685,-1315.192863942
20,10,934,2.21146369111e-15,7.901330962707e-14,-7.883085888746e-15,-11955.01774085,11.28290131004,-1311.889785364
20,10,935,2.220966501583e-15,7.942051108927e-14,-8.131963099604e-15,-11830.33412216,-1.388764161986,-1326.182250366
20,10,936,2.429125942721e-15,7.76145188411e-14,-9.064681643328e-15,-12457.41939334,1.768013544238,-1298.127643005
20,10,937,2.042902186999e-15,7.911829696352e-14,-2.294443435871e-15,-11999.94785187,7.543456614054,-1321.584016442
20,10,938,1.990303550075e-15,7.835201260924e-14,-3.457107513224e-15,-12322.34274157,-17.16935248339,-1307.940605687
20,10,939,2.170875613782e-15,7.934651398821e-14,-4.747459001805e-15,-11846.1640343,5.715682244543,-1322.059527426
20,10,940,2.480359002386e-15,7.838641995438e-14,-1.054927438452e-14,-12090.62673954,-3.953791488411,-1311.0512141
20,10,941,2.344293146426e-15,7.967176065243e-14,-1.324570184747e-14,-12153.27497842,-12.01976328439,-1333.383848039
20,10,942,2.537549903e-15,7.937354395296e-14,-6.392171180269e-15,-11773.95970621,-4.077977235321,-1324.420732333
20,10,943,2.431849515805e-15,7.9884074656e-14,-8.261845705937e-15,-12034.47616751,1.453631916922,-1326.64584235
20,10,944,2.027425055219e-15,7.822648456388e-14,-3.067083318119e-15,-12017.38607941,2.277987190916,-1308.003871181
20,10,945,2.28563146283e-15,7.916740047129e-14,-1.231544173244e-14,-12393.47617987,-3.888979748148,-1319.150480089
20,10,946,2.347390257917e-15,7.908337906115e-14,-3.745604322016e-15,-11773.1800095,-9.052161793026,-1322.815469391
20,10,947,2.637026229467e-15,7.974546803521e-14,-1.16473313527e-14,-11847.42059328,3.584306400008,-1332.072647609
20,10,948,2.368917633612e-15,7.862211440765e-14,-1.275040650418e-14,-12183.54811316,-19.33512176473,-1314.843035643
20,10,949,2.573737406284e-15,7.886101437905e-14,-1.098095190244e-14,-12209.68320098,3.991019044941,-1319.565534563
20,10,950,2.286060877225e-15,7.789256092062e-14,-1.042318420995e-14,-12306.21076063,2.54202884626,-1299.707578073
20,10,951,2.358724665667e-15,7.897792872588e-14,-3.656515378503e-15,-11935.91985352,-16.86276651968,-1320.899037608
20,10,952,2.416112630216e-15,7.927516250265e-14,-9.955960509562e-15,-12176.73892722,0.8567100611293,-1327.760479598
20,10,953,2.301279638849e-15,7.901936126284e-14,-6.036967407319e-15,-11843.79341057,-14.20264830637,-1319.375612533
20,10,954,2.256956021335e-15,7.870555401148e-14,-7.300649746502e-15,-12012.08914005,-16.81971754693,-1313.629791623
20,10,955,2.138418388977e-15,7.915446338211e-14,-9.117194016724e-15,-12169.53201765,-7.054326034651,-1320.571527881
20,10,956,1.95144920534e-15,7.815902144709e-14,-7.102547119544e-15,-12772.60486911,10.61997921051,-1309.415147465
20,10,957,2.354098139471e-15,7.834609416935e-14,-1.950703210695e-14,-11982.13011971,7.214114776254,-1310.06883635
20,10,958,2.328862805344e-15,7.869474165084e-14,-5.920800051874e-15,-11705.79809023,-10.11667281442,-1313.907595228
20,10,959,2.588046836815e-15,7.85900392184e-14,-3.817589335728e-15,-12028.35651193,-0.8844833645556,-1317.753961675
20,10,960,2.183322432614e-15,7.884107292191e-14,-3.509934313641e-15,-12032.83804386,2.376527815141,-1317.619462549
20,10,961,2.26333837868e-15,7.952189081192e-14,-1.041617299489e-14,-12181.6137072,13.43783053328,-1326.985349468
20,10,962,2.027848398428e-15,7.908222029322e-14,-5.521306618116e-15,-12013.04794541,-12.11926420917,-1321.824965537
20,10,963,2.186600068924e-15,7.819173728566e-14,-1.206851575505e-14,-11894.67773882,7.063077903648,-1307.071642174
20,10,964,2.463695638342e-15,7.958822446967e-14,-9.570529258513e-15,-12284.29430918,6.527644369339,-1327.082169055
20,10,965,2.058706271922e-15,7.857682433197e-14,-7.220991483844e-15,-12048.69295528,9.390415149205,-1318.226314641
20,10,966,2.069375512232e-15,7.869659828761e-14,-1.377896580753e-14,-12039.23827673,2.574835908431,-1316.69427947
20,10,967,2.222039239554e-15,7.890426367867e-14,-3.002944403126e-15,-12308.92643138,-8.935640336817,-1319.37631945
20,10,968,2.000627308361e-15,7.903426816099e-14,-1.465035226515e-14,-11887.86914319,-9.256232534356,-1317.708684548
20,10,969,2.223553593463e-15,7.93196033743e-14,-8.755861296923e-15,-12237.96133843,-7.705037466392,-1324.615524844
20,10,970,2.115898625832e-15,7.945649425641e-14,-7.6177904671e-15,-11985.19086369,-0.5664210899755,-1324.508286182
20,10,971,2.128241231644e-15,7.886804148341e-14,-6.370301389704e-15,-11624.35349017,-7.018030752321,-1312.957616985
20,10,972,2.376131418659e-15,7.896030030546e-14,-2.019435300092e-14,-11973.81143212,3.757454933806,-1320.070908885
20,10,973,2.621617206856e-15,7.903844284629e-14,8.470735630159e-16,-12137.72745335,2.165334338094,-1319.737173769
20,10,974,2.246137575779e-15,7.911037614068e-14,-6.355334674479e-15,-11816.91283615,-9.15343048156,-1324.402105854
20,10,975,2.428102060321e-15,7.826143673597e-14,-7.585254974122e-15,-12121.13986084,-6.223697435878,-1305.71394718
20,10,976,2.398688534541e-15,7.917928146703e-14,-1.123622646704e-14,-12357.26247648,5.696901541651,-1322.328987491
20,10,977,2.39167515297e-15,7.895145501437e-14,-4.093422232013e-15,-12272.23753789,13.50976987767,-1316.026132915
20,10,978,2.306099371143e-15,7.886951860103e-14,-8.379082931636e-15,-12295.29298606,12.97938478416,-1318.599381091
20,10,979,2.334632042616e-15,7.949469891115e-14,-1.074678759011e-14,-11987.55644669,5.539422259295,-1326.097871662
20,10,980,2.400050565001e-15,7.828911846804e-14,-1.43990361279e-14,-11740.82798547,3.712180354755,-1306.766608565
20,10,981,2.534475201038e-15,7.845968564811e-14,-4.086819100101e-15,-12243.11388905,4.735976058331,-1312.813127151
20,10,982,2.273462560721e-15,7.825705546664e-14,-2.406290438942e-15,-11889.1045513,13.58961504876,-1306.667854093
20,10,983,2.396972838481e-15,7.964870653843e-14,-5.818746337132e-15,-12409.43556683,11.78333284761,-1330.346948069
20,10,984,2.157930765572e-15,7.869987800097e-14,-1.243677873637e-14,-12210.43999064,19.52237837612,-1315.247932468
20,10,985,2.395037023746e-15,7.921303448115e-14,-4.049882043923e-15,-12175.86106269,-9.278946848878,-1320.911717508
20,10,986,2.157817082298e-15,7.925048901829e-14,-6.094503960604e-15,-11757.54967609,7.163717158588,-1324.630501869
20,10,987,2.363826052128e-15,7.886218302702e-14,-1.164923375985e-14,-12337.47504842,-5.442293716237,-1313.16279378
20,10,988,2.313086456311e-15,7.960689322753e-14,-1.78323367279e-14,-12229.93579418,-2.041800030521,-1334.249298488
20,10,989,2.246090961016e-15,7.910311185573e-14,-1.726818258688e-14,-12625.13007731,0.5311489136927,-1319.722467015
20,10,990,2.684969329932e-15,7.901192198129e-14,-4.79133326438e-16,-12002.84886173,-2.484230452728,-1322.341525219
20,10,991,2.186648988222e-15,7.811895906598e-14,-4.444828317383e-15,-12180.65152527,0.3677195018753,-1306.888964617
20,10,992,2.313231679997e-15,7.885919436117e-14,6.504624293505e-16,-12194.22429677,-5.373952264411,-1316.565400017
20,10,993,2.365277700092e-15,7.887486488218e-14,-5.774085483349e-15,-11278.93706924,-18.66218126882,-1318.098004134
20,10,994,2.369440221329e-15,7.864241706876e-14,-1.806026254936e-14,-12225.56991505,4.145529149271,-1315.948965215
20,10,995,2.483016918486e-15,7.886424265783e-14,6.41517498735e-16,-11935.50388845,8.379495203934,-1313.227800977
20,10,996,2.193398376661e-15,7.875468786784e-14,-8.445319863282e-15,-11934.03506242,-10.44233373376,-1316.224656794
20,10,997,2.373899265477e-15,7.926375165607e-14,-1.355278493981e-14,-11950.49807044,3.885114194886,-1321.381351587
20,10,998,2.32542322478e-15,7.747705904336e-14,-3.916633747262e-15,-11466.84456562,-2.366668112066,-1294.229026477
20,10,999,2.490318008162e-15,7.870813640375e-14,8.724545318773e-16,-12278.78904329,0.4837316274249,-1318.588421673
20,10,1000,2.407380849143e-15,7.909247145843e-14,-1.506796502524e-14,-12360.62397088,15.94428361791,-1323.109897615
25,12.5,1,7.608630558059e-15,2.026602324665e-13,-2.433621457959e-14,-23194.73209549,-20.5433992338,-3387.943098057
25,12.5,2,8.226137449462e-15,2.017123428596e-13,-1.602112657647e-14,-24025.1950966,19.89391098696,-3374.7613253
25,12.5,3,8.172063882733e-15,2.041340802588e-13,-6.647270926342e-15,-23952.44935845,38.54744364638,-3407.787291101
25,12.5,4,7.919255360263e-15,2.042992044201e-13,-2.270973002555e-14,-23510.0282508,-5.464308557863,-3420.262437313
25,12.5,5,8.282427405865e-15,2.053829849596e-13,-2.345555487989e-14,-24565.91425208,-45.64076429838,-3428.428083059
25,12.5,6,6.976322080472e-15,2.001924346796e-13,-6.612663313981e-15,-23969.03895315,-3.220059352199,-3341.294418305
25,12.5,7,8.052120771372e-15,2.008988536779e-13,-1.430505386678e-14,-23317.13842575,-19.31384224518,-3360.04674657
25,12.5,8,7.930692151666e-15,2.033542994602e-13,-3.358667676269e-14,-23979.12187652,5.12435573929,-3395.45162991
25,12.5,9,7.153196232033e-15,2.025554171531e-13,-1.013513068866e-14,-24459.10534152,29.41266112541,-3387.211011984
25,12.5,10,7.28491974743e-15,2.015153498393e-13,-3.257486677319e-14,-24117.85038996,-2.251853493269,-3358.753583424
25,12.5,11,8.129408998662e-15,2.008309052863e-13,-2.078866757379e-14,-24221.81895941,-31.84079604097,-3355.159152209
25,12.5,12,7.515880534151e-15,2.000159039411e-13,-2.021911980974e-14,-23214.10445292,-4.209931810485,-3334.707023744
25,12.5,13,8.426456130612e-15,2.014931101716e-13,-3.106165785922e-14,-24005.49025216,5.761872003101,-3374.281971083
25,12.5,14,7.735482766042e-15,2.033112090512e-13,-1.305278367446e-14,-23609.73645837,0.2903627525172,-3394.52779522
25,12.5,15,7.73995881343e-15,2.005469368234e-13,-2.299362038749e-14,-24107.63029242,-49.5058846892,-3350.070450579
25,12.5,16,7.698370248805e-15,2.016886019083e-13,-1.483364115396e-14,-24292.08659426,-11.82075967913,-3372.704274224
25,12.5,17,7.93257876039e-15,2.031908828842e-13,-1.440391489343e-14,-24138.35945947,31.45991775665,-3393.573068669
25,12.5,18,8.048529242853e-15,2.021487986426e-13,-2.406727851233e-14,-24155.45219063,-20.19032615824,-3365.70976002
25,12.5,19,7.592110976071e-15,2.023453549416e-13,-2.390546838071e-14,-23840.86841775,-16.46246733974,-3383.39174521
25,12.5,20,7.749867358708e-15,2.008538622797e-13,-3.537300759188e-14,-23380.41757187,31.03109192506,-3358.71376798
25,12.5,21,8.52508953139e-15,2.024846693403e-13,-1.289297389807e-14,-23923.36401842,3.084861813944,-3371.975909364
25,12.5,22,7.68222053976e-15,2.034008574028e-13,-3.504262430655e-14,-24533.83612641,-9.36935593816,-3387.587523786
25,12.5,23,7.862467806778e-15,2.014944853811e-13,-1.393968757998e-14,-23488.82824971,21.88551294474,-3362.699041626
25,12.5,24,7.657099695528e-15,2.017898241766e-13,-1.381760577714e-14,-23095.30977688,25.25678729297,-3379.134407274
25,12.5,25,9.108899795136e-15,2.021363382817e-13,-2.802552974098e-14,-24053.41771402,-11.39309812389,-3377.083684244
25,12.5,26,8.334740079389e-15,2.011946493755e-13,-8.915593940961e-15,-23559.61329875,32.41155360398,-3363.278451185
25,12.5,27,7.401613338584e-15,2.022322862755e-13,-1.665652391063e-14,-22952.76932847,-14.7051473307,-3382.130184481
25,12.5,28,8.261536938908e-15,2.018732493566e-13,-4.972659429262e-15,-23862.10882942,12.2133960977,-3376.740923307
25,12.5,29,8.426991890902e-15,2.037479726812e-13,-3.136792461189e-14,-23354.23898518,33.92249931822,-3403.928047942
25,12.5,30,8.345327778051e-15,2.014221516715e-13,-1.889139550981e-14,-23993.61348519,22.65042809444,-3366.681595673
25,12.5,31,8.304259699806e-15,2.038944608505e-13,-1.636019109039e-14,-23290.58533952,45.66184786743,-3409.247081815
25,12.5,32,8.240572311663e-15,2.013448343883e-13,-8.585052505309e-15,-23645.16925094,85.32612686255,-3366.877874862
25,12.5,33,8.410896863928e-15,2.03161757014e-13,-7.8271166129e-15,-23077.28592003,17.1455301275,-3409.570147832
25,12.5,34,7.746959089758e-15,2.034338560572e-13,-1.213283851074e-14,-23174.33155173,28.70825851893,-3391.174249433
25,12.5,35,7.574099010887e-15,2.018325563529e-13,-1.97168497285e-14,-23970.42867056,7.615042684746,-3361.273707036
25,12.5,36,7.974663912963e-15,2.005012362644e-13,-1.027617939654e-14,-22811.71594879,24.71208985814,-3355.824191055
25,12.5,37,7.656396044863e-15,2.020400415784e-13,-3.574376764439e-14,-24197.15506835,3.005994721825,-3384.826127658
25,12.5,38,8.227867017057e-15,2.023619375574e-13,-2.355792751308e-14,-24323.908026,-56.02855925553,-3380.457871807
25,12.5,39,7.73189205991e-15,2.049803054744e-13,-1.232534105658e-14,-24509.10308607,29.28197468454,-3417.480953972
25,12.5,40,8.180527752339e-15,2.037686831234e-13,-3.398215763099e-14,-23569.33131845,8.819146618903,-3405.656323762
25,12.5,41,7.580057382478e-15,2.011363847233e-13,-1.999020379424e-14,-23643.67126303,16.32434767094,-3360.176068744
25,12.5,42,8.473739309575e-15,2.024774792407e-13,-2.153048342363e-14,-24651.83530788,30.69341860016,-3382.293338513
25,12.5,43,8.715329012956e-15,2.036150363227e-13,-1.640032948342e-14,-23783.16802825,-3.552993877011,-3405.368946102
25,12.5,44,7.205620310624e-15,2.008648062291e-13,-1.69136729834e-14,-24130.41257879,-5.139183692519,-3356.888252109
25,12.5,45,7.946237203868e-15,2.04138335556e-13,-2.418988463018e-14,-23924.4509837,-62.83131240469,-3408.513955367
25,12.5,46,8.148200813051e-15,2.002987824096e-13,-1.492290451835e-14,-23570.77233615,1.763710758388,-3353.860414963
25,12.5,47,7.96292417539e-15,2.043117704436e-13,-1.516881437348e-14,-23463.46136502,1.532659784085,-3412.993973752
25,12.5,48,7.436026346941e-15,2.020410242881e-13,-2.600960668311e-14,-24502.9166416,3.976579706494,-3384.618005015
25,12.5,49,7.739421087177e-15,2.025194300821e-13,-1.571743734582e-14,-23044.21527957,0.7466020428105,-3388.515687122
25,12.5,50,8.082878664448e-15,2.023291731082e-13,-1.928687100802e-14,-24711.73507594,-5.987207093204,-3383.797597888
25,12.5,51,8.371962762132e-15,2.009781870515e-13,-2.030656402156e-14,-24137.56172607,-9.227728268818,-3367.492023513
25,12.5,52,7.941856782645e-15,1.997949387758e-13,-2.938525260217e-14,-23852.09758304,30.73740108301,-3335.629341299
25,12.5,53,8.199258122536e-15,2.025905610203e-13,-1.298398794233e-14,-23881.61763719,6.819287845509,-3381.447500376
25,12.5,54,8.203878459792e-15,2.002100424781e-13,-1.738101164191e-14,-23275.70657525,32.3266158714,-3359.923301087
25,12.5,55,8.475995682599e-15,2.03351881245e-13,-1.782504339139e-14,-22664.21425607,-30.92368760438,-3399.706391422
25,12.5,56,8.071247949128e-15,2.042198672953e-13,-2.478615945349e-14,-23028.85427885,-18.9022625631,-3398.517904712
25,12.5,57,7.391309119556e-15,1.999638380947e-13,4.294041893397e-15,-24207.72482987,55.68465973955,-3357.520566597
25,12.5,58,8.259760385641e-15,2.033822552209e-13,-3.102777379888e-15,-23347.97625794,3.512588219608,-3401.267433702
25,12.5,59,8.711822437013e-15,2.021082940495e-13,-2.772953469051e-14,-24139.84941863,-22.64286809138,-3377.740625392
25,12.5,60,7.607882253397e-15,2.007178005116e-13,-1.273166062068e-14,-23428.40859539,-16.01477202247,-3352.430014736
25,12.5,61,7.690912113007e-15,2.014085339875e-13,-2.589529603867e-14,-23694.3547025,-5.342390819539,-3364.373633738
25,12.5,62,8.890619121113e-15,2.050201810847e-13,-2.16888214966e-14,-23979.00269436,-32.23182508563,-3412.845326667
25,12.5,63,8.18512245711e-15,2.000719354467e-13,-1.59040566524e-14,-23596.87443781,-51.80726666687,-3344.173507466
25,12.5,64,8.109395576407e-15,2.035054738538e-13,-2.170960308995e-14,-24502.62661558,15.78876659762,-3392.586075324
25,12.5,65,7.660034530892e-15,2.02592973653e-13,-2.857591627756e-14,-23876.88849364,-4.306457492974,-3381.20777369
25,12.5,66,7.906414942106e-15,1.998300067551e-13,-1.269827242169e-14,-23830.58815336,13.34865064548,-3348.396751174
25,12.5,67,7.565673820682e-15,1.997322417241e-13,-3.594216004042e-14,-23978.80115668,-21.50356498282,-3332.909957209
25,12.5,68,8.80367015487e-15,2.021653795925e-13,-3.248619760384e-14,-24793.50052455,-47.71244465016,-3380.785086862
25,12.5,69,7.898342943463e-15,2.034824345881e-13,-1.683032240877e-14,-23481.60927337,-6.724331043964,-3397.389735806
25,12.5,70,7.79311172843e-15,2.027224545928e-13,-3.197975202691e-14,-23269.45730093,5.31020611765,-3396.088721772
25,12.5,71,7.794394070642e-15,2.021303492355e-13,-2.579512230978e-14,-23927.42301283,-14.80636473562,-3382.560087043
25,12.5,72,7.736806832607e-15,2.034899750822e-13,-2.108839504836e-14,-24041.42396882,60.60469823976,-3389.976082959
25,12.5,73,7.774038342074e-15,2.028552176948e-13,-2.736918173614e-14,-24443.29745691,-0.3448839211821,-3389.405917012
25,12.5,74,7.780083952633e-15,2.01957796122e-13,-7.875513091058e-15,-23916.76269427,23.42206583933,-3373.679139255
25,12.5,75,7.369008247229e-15,2.002551835512e-13,-1.923046097983e-14,-23590.39269823,57.42067839628,-3345.707371604
25,12.5,76,7.254358023862e-15,1.99880627221e-13,-3.808363818306e-14,-23136.99236004,-23.2067529428,-3346.566335204
25,12.5,77,7.586684889221e-15,2.015469591497e-13,-3.416193178538e-14,-23698.75845008,9.595280926126,-3371.750925241
25,12.5,78,7.974612882125e-15,1.996914164172e-13,-3.74282895639e-14,-23654.67821377,22.33952470766,-3348.357107756
25,12.5,79,7.518108578788e-15,2.033579992524e-13,-1.914888442475e-14,-23555.71252615,27.05294638608,-3397.94873538
25,12.5,80,7.916882924413e-15,2.042105193203e-13,-1.463574374611e-14,-23677.47994738,-3.172514166093,-3413.060886307
25,12.5,81,7.946552584568e-15,2.020027967905e-13,-1.267963173674e-14,-23336.97083852,-7.241142477892,-3372.362462674
25,12.5,82,7.81775407086e-15,2.029222780428e-13,-2.082953875928e-14,-23915.2128328,-3.264240486072,-3383.60230861
25,12.5,83,8.012378075391e-15,2.035249709742e-13,-3.251768364019e-14,-23707.28213047,35.93134100393,-3401.595554052
25,12.5,84,8.283180309161e-15,2.035900964915e-13,-3.321255121755e-14,-23575.88784198,-11.41964613418,-3403.061794665
25,12.5,85,7.842485121976e-15,2.021888111425e-13,-3.203140567279e-14,-23374.30931187,16.81430490454,-3372.15446011
25,12.5,86,7.911804798207e-15,2.039942330934e-13,-2.231685275415e-14,-23957.82231637,-42.4065850446,-3403.119909196
25,12.5,87,7.672987439196e-15,2.013107477379e-13,-3.400024890812e-14,-24374.02217756,39.07308307161,-3366.983987985
25,12.5,88,7.593942817363e-15,2.034070773608e-13,-2.953813018125e-14,-23096.93595183,16.64325320882,-3397.582718796
25,12.5,89,7.751995816034e-15,2.009908534064e-13,-2.818488186258e-14,-23508.99202122,22.06165998527,-3364.3405245
25,12.5,90,8.03969635221e-15,2.047048694303e-13,-4.329578783907e-14,-24196.57130294,-19.45255093625,-3411.058090754
25,12.5,91,8.650710346056e-15,2.023489823803e-13,-2.145156303841e-14,-24057.15246735,0.4383997310139,-3386.204844797
25,12.5,92,8.001076553376e-15,2.014295895175e-13,-1.608884591243e-14,-23621.80913667,-67.24785226467,-3369.13027197
25,12.5,93,7.767100303562e-15,2.014794192237e-13,-2.100333218972e-14,-23380.79072025,-2.148350257625,-3369.32176171
25,12.5,94,8.32089437206e-15,2.031202113781e-13,-2.681772438737e-14,-23813.34335713,-17.35203801768,-3398.024155886
25,12.5,95,6.955393730427e-15,1.999824167782e-13,-2.299900552656e-14,-24021.52888746,16.92417555707,-3340.966276049
25,12.5,96,8.702226141342e-15,2.042352611853e-13,-3.351378952638e-14,-24034.01890102,-13.33001644444,-3404.778422813
25,12.5,97,7.748799225795e-15,2.016701426837e-13,-1.695423212842e-14,-23709.25723073,26.12153914203,-3374.208013568
25,12.5,98,7.194991872523e-15,2.007471696483e-13,-3.157937863678e-14,-22920.83375269,-4.083599705613,-3353.392627283
25,12.5,99,7.404690704266e-15,2.007745154615e-13,-8.585237948038e-15,-23169.9968244,-9.705033621908,-3342.846261833
25,12.5,100,7.441141669696e-15,2.015112819885e-13,-1.672172333699e-14,-24484.28743577,-44.24158078282,-3359.787397062
25,12.5,101,7.75569285998e-15,2.025783803801e-13,-8.167253692708e-15,-23827.00178098,26.88534809588,-3383.310654615
25,12.5,102,7.496718903707e-15,2.020692537894e-13,-4.178357079848e-14,-23858.9629816,-21.53756228269,-3378.045762116
25,12.5,103,8.316132146962e-15,2.008047892546e-13,-1.939992193544e-14,-23515.26431802,1.903834663668,-3357.284478513
25,12.5,104,8.188446829913e-15,2.042157933104e-13,-2.716883207435e-14,-24020.1230871,30.74973877846,-3405.781890405
25,12.5,105,7.815552835367e-15,2.021366061202e-13,-3.415219832614e-14,-22587.37732961,-17.85868485199,-3374.122600063
25,12.5,106,8.30246816078e-15,2.016514185098e-13,-2.382653084549e-14,-23314.9122012,-9.615801481023,-3376.200177451
25,12.5,107,8.341820840544e-15,2.01595408014e-13,-2.844154186886e-14,-24343.16891513,-1.304195056289,-3377.98347112
25,12.5,108,8.156429346909e-15,2.014360383989e-13,-2.544507304831e-14,-23466.21911757,-37.3435758935,-3370.528733843
25,12.5,109,7.97993073264e-15,2.012513900371e-13,-9.976705371898e-15,-23753.45782413,2.330659904303,-3362.957076889
25,12.5,110,7.523589242775e-15,2.006057778836e-13,-1.376383052716e-14,-23954.82441835,13.29123144823,-3342.030314231
25,12.5,111,7.649548516847e-15,2.018523854687e-13,-1.662586617436e-14,-24049.31887035,-24.93868425636,-3367.577826654
25,12.5,112,7.801539254043e-15,2.023541271506e-13,-6.970696228347e-15,-24459.40764822,63.87269540318,-3380.964233431
25,12.5,113,7.978395040258e-15,2.032661310044e-13,-2.074365515428e-14,-22951.24290613,-8.548121663787,-3391.730690414
25,12.5,114,7.384650109612e-15,2.012346993222e-13,-1.293187557344e-14,-24359.40338143,39.93938658658,-3369.647551889
25,12.5,115,7.564286159349e-15,2.012844086568e-13,-2.919112809916e-14,-23922.54288375,19.20688110278,-3364.094644975
25,12.5,116,7.556894651392e-15,2.022139805409e-13,-1.880438860221e-14,-24005.64454621,-60.25657197344,-3387.522691028
25,12.5,117,8.06985554913e-15,2.007505056294e-13,-1.568079310028e-14,-24013.68534505,3.888172795655,-3364.576113926
25,12.5,118,7.387529916591e-15,2.002783126145e-13,-5.427317508974e-15,-24035.09310843,-11.88097950468,-3353.325244676
25,12.5,119,7.592389957446e-15,2.020954886294e-13,-4.489474789558e-14,-23346.32967649,-5.751368109624,-3374.669964778
25,12.5,120,7.12377836759e-15,2.00521853966e-13,-1.212962210611e-14,-24592.32845927,-63.55161434649,-3347.636640801
25,12.5,121,7.316593727389e-15,2.02462135814e-13,-1.603251666335e-14,-23793.1557628,13.53568689622,-3378.282879536
25,12.5,122,7.417759831651e-15,2.021193307789e-13,-2.94929687108e-14,-23848.64275599,-13.55605089859,-3381.581045265
25,12.5,123,8.101153827937e-15,2.026897452211e-13,-2.116225603158e-14,-24290.72755721,-35.03184908638,-3369.776129491
25,12.5,124,7.708055011427e-15,2.038587697607e-13,-2.903323071e-14,-24078.67798458,35.50539191638,-3405.95374909
25,12.5,125,7.851111191129e-15,2.022784193704e-13,-1.626266978346e-14,-23874.53225286,31.87206144899,-3385.096934736
25,12.5,126,7.928705581613e-15,2.024901855085e-13,-1.233351308167e-14,-23091.02741649,13.10263809286,-3382.627387103
25,12.5,127,7.242162380224e-15,2.015990666814e-13,-2.25505412069e-14,-23217.84439341,-32.91230365444,-3375.988493967
25,12.5,128,7.685842708527e-15,2.01475889374e-13,-1.945919077654e-14,-23898.23503661,6.04575083981,-3374.187464311
25,12.5,129,8.265012027462e-15,2.036664544546e-13,-2.506309970612e-14,-23844.40135587,37.07120176013,-3397.515453798
25,12.5,130,7.502452263988e-15,2.020991997105e-13,-2.395509959856e-14,-24662.86475188,-41.06811276108,-3367.204346621
25,12.5,131,7.67824171608e-15,2.01600339425e-13,-1.636050360775e-14,-23205.25087833,19.88405704592,-3363.175210561
25,12.5,132,7.998831111585e-15,2.014056317631e-13,-2.327976020238e-14,-24807.64748955,-21.59362813319,-3368.186575013
25,12.5,133,8.004464427302e-15,2.014204496854e-13,-1.748676513163e-14,-24279.19433415,15.67988067531,-3371.411161813
25,12.5,134,8.276099089011e-15,2.007316795715e-13,-6.894850747547e-15,-23695.91213528,28.94749135663,-3355.0716772
25,12.5,135,7.810627871871e-15,2.014281875801e-13,-2.385598884092e-14,-23813.05867259,15.18780754204,-3364.112284917
25,12.5,136,7.744731559909e-15,2.02632742756e-13,-2.027621549256e-14,-24158.50783925,-34.18585767063,-3389.918518578
25,12.5,137,8.472397905947e-15,2.022206661303e-13,-2.134401431228e-14,-23432.69144502,-41.12073259075,-3373.918179459
25,12.5,138,7.416821164466e-15,2.018687484755e-13,-4.258033175379e-14,-23756.19516409,-27.56971676604,-3368.783283763
25,12.5,139,7.827338120059e-15,2.02415693379e-13,-1.79769874649e-14,-24519.82973305,9.719799561621,-3386.023362937
25,12.5,140,8.345273828295e-15,2.025706984654e-13,-1.950583072191e-14,-23848.18172402,12.44092776456,-3373.328179
25,12.5,141,6.467645298742e-15,1.997444789985e-13,-5.632424352646e-15,-23547.95602064,38.26659198061,-3335.707056368
25,12.5,142,8.184864843392e-15,2.02071118884e-13,-2.26373111597e-14,-22746.18343848,-5.005355003441,-3379.374980847
25,12.5,143,7.058190592998e-15,1.998661050748e-13,-2.14683863594e-14,-24137.56333267,10.6119106546,-3336.777496239
25,12.5,144,8.019238267829e-15,2.020621837805e-13,-1.563476422243e-14,-24305.78840728,-9.398745198956,-3371.863329138
25,12.5,145,7.628852128136e-15,2.017906076692e-13,-3.894300427206e-14,-24049.33737406,-31.4801335971,-3371.608526181
25,12.5,146,8.144966049592e-15,2.030259035682e-13,-1.412828865571e-14,-23643.87379026,25.24900934995,-3403.192492654
25,12.5,147,7.238156998771e-15,2.040016392109e-13,-5.580684958818e-15,-22682.94139486,11.97925036291,-3415.580214689
25,12.5,148,7.958624081734e-15,2.028740452841e-13,-1.293932842092e-14,-24827.52080933,20.45191325145,-3372.994961659
25,12.5,149,7.878273028112e-15,2.036977545127e-13,-2.34692635219e-14,-23479.91598068,-39.73038500792,-3393.10808223
25,12.5,150,7.775645709319e-15,2.014646318448e-13,-2.577642765755e-14,-23332.46932586,-22.94070426536,-3372.163641375
25,12.5,151,8.055254013115e-15,2.035549989661e-13,-9.203733840426e-15,-23619.9683524,-22.52782218876,-3399.217501738
25,12.5,152,8.646513240563e-15,2.033652125962e-13,-1.121557091152e-14,-24076.46114149,0.2818159487254,-3388.565000865
25,12.5,153,8.043364265365e-15,2.012046045023e-13,-1.697397929951e-14,-24336.87826504,3.409547719683,-3358.500470268
25,12.5,154,8.222521924267e-15,2.025025880152e-13,-3.127609156903e-14,-23720.1149627,9.306327989147,-3379.323180225
25,12.5,155,7.270125453564e-15,2.007990596559e-13,-3.068166012873e-14,-23081.44606681,-12.68185858211,-3351.364926025
25,12.5,156,7.518649292931e-15,2.015630399289e-13,-4.575033356396e-15,-22986.86247901,24.52825473336,-3370.522024797
25,12.5,157,7.82252624069e-15,2.041816107425e-13,-1.090774093834e-14,-24436.5888496,44.98416730716,-3419.203246063
25,12.5,158,7.739042946189e-15,2.037906870675e-13,-1.240277503786e-14,-24075.97952849,-14.8894859016,-3400.195611101
25,12.5,159,7.991307960104e-15,2.021276174179e-13,-3.015908809588e-14,-24174.49073033,-37.44656525449,-3382.706735655
25,12.5,160,7.235191004149e-15,1.995008158717e-13,-1.296252947087e-14,-23008.44039649,1.878633488701,-3342.803430004
25,12.5,161,8.065635374175e-15,2.025155967725e-13,-4.681659800484e-15,-23233.91830584,8.21009943204,-3397.497674419
25,12.5,162,7.877336179129e-15,2.02261514809e-13,-2.877603432566e-14,-24016.32585374,-2.683735882123,-3383.128270026
25,12.5,163,7.853412277548e-15,2.026191908348e-13,-2.834335290156e-14,-24223.59033725,26.79038409908,-3380.458782995
25,12.5,164,7.875522924115e-15,2.023013894801e-13,-2.112732656246e-14,-23467.91362976,10.28934279723,-3384.924271767
25,12.5,165,7.850876784354e-15,2.026022632549e-13,-3.620371689591e-14,-24172.43543805,1.588090047984,-3377.18978585
25,12.5,166,7.270027270129e-15,2.000082407639e-13,-1.248552719929e-14,-24094.04662015,14.03102599053,-3345.721978678
25,12.5,167,8.148963221741e-15,2.007673975747e-13,-1.378571148869e-14,-24040.71760512,-16.23433525195,-3356.324415759
25,12.5,168,8.352090693645e-15,2.044154243114e-13,-1.077706890335e-14,-23107.83125525,-9.606281458107,-3410.331862746
25,12.5,169,7.759895003027e-15,2.028861303939e-13,-2.796443345214e-14,-24365.6642894,31.30457181133,-3391.803534676
25,12.5,170,8.522002272417e-15,2.031352016866e-13,-2.616653510202e-14,-24183.89085256,-17.20178024794,-3393.117887332
25,12.5,171,8.582800942116e-15,2.026202696711e-13,-8.751069091193e-15,-23639.89232812,-50.38946856567,-3389.101964586
25,12.5,172,7.940483155982e-15,2.035055050072e-13,-2.011084459342e-14,-23407.4062635,9.02493495255,-3394.502720396
25,12.5,173,8.010297201941e-15,2.041714448821e-13,-1.292323065745e-14,-23183.16914163,-45.98975240805,-3407.622737941
25,12.5,174,7.786237484261e-15,2.035587903982e-13,-1.857472280132e-14,-23772.47540388,-23.08645699724,-3398.281823205
25,12.5,175,8.018134433137e-15,2.017369520179e-13,-7.059865193653e-15,-23371.64874793,6.069174462674,-3371.833901293
25,12.5,176,8.088892005898e-15,2.022952648933e-13,-4.142164789791e-14,-23888.10868539,-14.64349016802,-3376.613025193
25,12.5,177,8.46489849763e-15,2.035482420574e-13,-7.270972811602e-15,-24165.58139192,49.31863710651,-3394.149148708
25,12.5,178,8.226108581352e-15,2.023786947087e-13,-1.848983697526e-14,-23912.10023925,35.13024097072,-3379.801654585
25,12.5,179,6.942516493026e-15,2.012787788593e-13,-2.568473548654e-14,-24186.95404293,41.43385504184,-3365.049453057
25,12.5,180,7.470049135511e-15,2.015064359951e-13,-1.56128705181e-14,-23762.05630756,-6.251371489559,-3357.416691329
25,12.5,181,7.422596202734e-15,2.012195135529e-13,-2.359362363523e-14,-23068.83888827,-5.754514656817,-3370.822783495
25,12.5,182,7.692036477935e-15,2.030502460303e-13,-2.805237289876e-14,-23678.00666557,72.88286195674,-3395.426939795
25,12.5,183,8.352551511522e-15,2.038419635817e-13,-2.838760707486e-14,-24172.93944224,-46.21719103009,-3404.943619848
25,12.5,184,7.55138107912e-15,2.013599049804e-13,-2.085178057215e-14,-24256.39621143,13.4221228839,-3364.532015131
25,12.5,185,8.317236999407e-15,2.04204627982e-13,-1.428306365464e-14,-24743.17047727,-24.26963078124,-3399.529692254
25,12.5,186,8.300538743337e-15,2.034717797879e-13,-2.736470277896e-14,-23709.38193956,-54.34298412971,-3398.37123907
25,12.5,187,8.474888853141e-15,2.009168184494e-13,-1.590766286083e-14,-24377.52400982,-6.116019201609,-3356.387998218
25,12.5,188,8.103510098606e-15,2.012372408663e-13,-1.346053830979e-14,-23973.00436495,9.39945033432,-3362.097714166
25,12.5,189,8.466962672667e-15,2.044894999794e-13,-1.150916420067e-14,-23269.58015711,-3.500232707976,-3412.767374569
25,12.5,190,7.716470495074e-15,2.005756727554e-13,-3.27492673833e-14,-23629.55483133,35.20215960275,-3360.357853671
25,12.5,191,8.256882372762e-15,2.030305459073e-13,-2.356132809024e-14,-24709.16585384,-7.380002654965,-3384.370104818
25,12.5,192,7.682462638063e-15,2.02278785361e-13,-3.851369521681e-14,-25261.63549371,-7.218781614045,-3376.215924428
25,12.5,193,8.171698273456e-15,2.004809227772e-13,-2.36430683236e-14,-24080.05519151,-11.8500995542,-3349.160458913
25,12.5,194,7.14008758549e-15,2.030972903797e-13,-1.283527851433e-14,-23181.66926633,3.512379325631,-3388.983295537
25,12.5,195,7.971221390549e-15,2.023354069294e-13,-2.801026967694e-14,-23213.98687866,-25.91480941503,-3377.227358061
25,12.5,196,7.723430609553e-15,2.035098242882e-13,-2.471472979171e-14,-23220.02938841,-19.71555102827,-3391.770944087
25,12.5,197,7.696239588772e-15,2.046278809901e-13,-4.977849803273e-14,-24748.63711669,9.852635296255,-3423.544907876
25,12.5,198,7.933322838753e-15,2.029993481895e-13,-1.104410764393e-14,-23100.70323269,-4.492924378801,-3385.96422163
25,12.5,199,8.188553601383e-15,2.023293302467e-13,-3.15312339216e-14,-23710.58737967,2.208900040563,-3375.59175985
25,12.5,200,7.54829356156e-15,1.997625067383e-13,-1.419732737119e-14,-23162.84517932,-8.403463238321,-3352.474893239
25,12.5,201,8.17838716714e-15,2.02414599581e-13,-1.956934805148e-14,-23980.50406371,-0.8246594891896,-3372.590530907
25,12.5,202,8.021435409014e-15,2.037644930814e-13,-3.306876237471e-14,-23762.93204839,-9.471541132024,-3401.283948063
25,12.5,203,8.515541815383e-15,2.021534291073e-13,-1.374154117272e-14,-23929.29655889,-10.35005182533,-3376.851925441
25,12.5,204,7.282791406953e-15,2.024950367505e-13,-2.059834048788e-14,-24650.00089245,0.9566581778969,-3388.244663563
25,12.5,205,7.664626388808e-15,2.016752590383e-13,-2.197239131298e-14,-23788.60245861,-5.225825425884,-3371.574835357
25,12.5,206,8.154538180242e-15,2.032441350608e-13,-3.139484267548e-14,-24795.07259715,11.38623411761,-3393.126341591
25,12.5,207,8.186957372588e-15,2.035571668513e-13,-2.865881463003e-14,-23445.36396018,-38.51455789022,-3387.811964368
25,12.5,208,8.51296189212e-15,2.022408927603e-13,5.512953166087e-15,-23155.64340122,28.70315820687,-3392.078885334
25,12.5,209,7.916423313139e-15,2.034251514745e-13,-3.561334789792e-14,-24195.10290006,0.4236149441424,-3395.841286705
25,12.5,210,7.779559471739e-15,2.016525156368e-13,-2.235674827496e-14,-24068.48959713,24.55400875189,-3370.606296716
25,12.5,211,8.12878512277e-15,2.014955104795e-13,-7.523100699148e-15,-23662.91987223,17.16489904669,-3368.424573009
25,12.5,212,7.830287124083e-15,2.033359705176e-13,-8.995597708909e-15,-23076.74072835,-5.004625528382,-3399.014806026
25,12.5,213,8.419662540855e-15,2.024116716026e-13,-3.357820066031e-14,-23236.33171799,25.64407791072,-3383.419859979
25,12.5,214,7.737691589616e-15,2.030119895802e-13,-2.240106231243e-14,-23276.81914706,-6.412307728841,-3396.941694352
25,12.5,215,7.140765876992e-15,2.019358948935e-13,-1.600646539045e-14,-23919.7135081,41.9657298617,-3381.433722711
25,12.5,216,8.265339871374e-15,2.023787826952e-13,-2.063828629894e-14,-23696.54756707,-18.50216254044,-3387.192933955
25,12.5,217,7.165956105024e-15,2.012478324241e-13,-1.567133828794e-14,-23566.70160236,-6.276211037633,-3363.18889312
25,12.5,218,7.841892302834e-15,2.004767563045e-13,-4.819563083457e-15,-24190.20799265,30.98665395325,-3348.52767405
25,12.5,219,8.653898723995e-15,2.02989293372e-13,-3.018724833557e-14,-24458.27353908,-49.81453491598,-3382.129551314
25,12.5,220,7.696564193554e-15,2.014792914374e-13,-2.330337759072e-14,-24160.7299218,-28.1486461487,-3363.406556667
25,12.5,221,7.975649370537e-15,2.037901804941e-13,-1.979104703989e-14,-23682.6121178,-8.435009549763,-3406.053619072
25,12.5,222,7.764045162521e-15,2.048493069119e-13,-1.746179662106e-14,-24195.14135008,13.3732589661,-3420.288441021
25,12.5,223,7.977488144638e-15,2.021680927687e-13,-1.683962545981e-14,-23934.24414524,-9.531330784266,-3375.550574073
25,12.5,224,8.389084428607e-15,2.019353568944e-13,-1.50686507342e-14,-22877.28896907,44.23534727941,-3375.802923864
25,12.5,225,8.16704983199e-15,2.003816020503e-13,-3.797547316911e-14,-22935.91721078,5.579975002542,-3349.951287068
25,12.5,226,8.892295294873e-15,2.036689904803e-13,-4.137604645741e-14,-24405.92015648,-34.11017620912,-3397.849997547
25,12.5,227,7.658425073051e-15,2.013670850618e-13,-3.272381447386e-14,-24707.66175753,3.895118525043,-3373.990282366
25,12.5,228,7.527719196514e-15,2.030216070808e-13,-1.959985156017e-14,-23993.64071993,11.41693059793,-3399.505561417
25,12.5,229,8.023353868622e-15,2.039857292321e-13,-2.507466211436e-14,-24798.49912019,8.365249756349,-3394.053361462
25,12.5,230,7.633535273024e-15,2.023419046759e-13,-1.878301669772e-14,-24611.05992396,6.772647276345,-3380.938537884
25,12.5,231,8.676315691077e-15,2.027844608166e-13,-1.662569730771e-14,-23740.20210679,-5.185557429575,-3383.716512171
25,12.5,232,8.288819743413e-15,2.032243630865e-13,-1.839421495672e-14,-23616.3707824,5.950568227454,-3396.430626257
25,12.5,233,7.85880434363e-15,2.003188057284e-13,-2.152519304872e-14,-24133.86838672,11.79841781153,-3365.293205556
25,12.5,234,8.624675858168e-15,2.037260882353e-13,-3.043761124867e-14,-23861.56359465,-79.15536239184,-3398.62862347
25,12.5,235,8.937668041612e-15,2.027857657885e-13,-3.037822132304e-14,-24551.0913529,-24.81732132081,-3384.449681034
25,12.5,236,8.139339229448e-15,2.036034902818e-13,-2.731958938846e-14,-23088.74065298,10.32835767026,-3392.139671408
25,12.5,237,6.895829601212e-15,2.00667588186e-13,-2.696909503924e-14,-24479.33248916,14.18233046365,-3352.299190231
25,12.5,238,7.842125754645e-15,2.042410065792e-13,-2.426902484167e-14,-24725.03004388,10.03825028237,-3415.816295382
25,12.5,239,7.779118200455e-15,2.00235795259e-13,-1.533949429686e-14,-23621.91258538,41.45249883726,-3356.304602462
25,12.5,240,8.367397383107e-15,2.020366247115e-13,-3.157958870639e-14,-24108.59808062,-31.30047002756,-3371.703114658
25,12.5,241,7.622322524359e-15,2.018488357991e-13,-1.233010593142e-14,-23666.76729355,64.58272051324,-3369.238005105
25,12.5,242,8.051045704096e-15,2.049185875653e-13,-2.521133660986e-14,-23531.76169106,49.84374493713,-3413.132484325
25,12.5,243,8.11835485247e-15,2.027623990637e-13,-3.056112627853e-14,-22975.38310583,4.019221534102,-3383.318891217
25,12.5,244,8.211359303624e-15,2.011746772279e-13,-2.808605524773e-14,-23550.10148352,8.255803251962,-3363.677384358
25,12.5,245,7.212426152044e-15,2.023784379605e-13,-1.660577012121e-14,-23699.60360014,0.2877650419024,-3380.331049899
25,12.5,246,8.629926074392e-15,2.010884786157e-13,-2.045587412081e-14,-24306.43506806,-3.625581273439,-3358.027502168
25,12.5,247,7.883133773261e-15,2.020118484693e-13,-2.725352755962e-14,-23670.66098625,-31.39353528413,-3383.180259885
25,12.5,248,8.207668431616e-15,2.017523934401e-13,-2.077826604783e-14,-23532.18752444,23.46572562777,-3367.291521695
25,12.5,249,8.178103122751e-15,2.034698231617e-13,-3.695042221279e-14,-24506.61318051,-19.38761947178,-3404.486444139
25,12.5,250,8.795673443835e-15,2.046096023853e-13,-4.140321327049e-14,-24593.1133546,-45.45791844763,-3417.245707873
25,12.5,251,8.448065073531e-15,2.003921181794e-13,-2.9598883414e-14,-23517.39200373,12.98750703444,-3356.623389707
25,12.5,252,8.522859162507e-15,2.016031705142e-13,-1.691576637861e-14,-24166.90749225,24.42979002682,-3374.180363795
25,12.5,253,7.565771475584e-15,2.021735051996e-13,-3.831338532037e-14,-24415.66033613,-10.39076182205,-3387.070150578
25,12.5,254,8.335527387032e-15,2.037064591176e-13,-1.676501443386e-14,-24383.55389904,28.6315334731,-3393.026269024
25,12.5,255,7.738521321913e-15,2.002404997983e-13,-6.778318495365e-15,-23878.1564857,8.926622007426,-3340.260808907
25,12.5,256,7.997960247182e-15,2.024825932993e-13,-2.005243930986e-14,-24502.27696058,-30.3692726013,-3371.860991215
25,12.5,257,8.214171161149e-15,2.039463648488e-13,-1.454930565626e-14,-23810.23638687,34.83664441327,-3404.960395699
25,12.5,258,7.732006922379e-15,2.022495429688e-13,-3.659222549037e-14,-23427.68838401,42.00069762446,-3378.295214934
25,12.5,259,8.08238466773e-15,2.033682824923e-13,-1.963111596724e-14,-23657.78519118,57.09183614728,-3404.373654641
25,12.5,260,7.721661235207e-15,2.015731409914e-13,-2.082602110109e-14,-24047.23419942,-36.33722403657,-3375.324449401
25,12.5,261,7.295267402978e-15,2.00990978725e-13,-7.716791350051e-15,-24025.58334106,53.9430785626,-3349.370052053
25,12.5,262,8.567923268409e-15,2.025572572277e-13,-1.107266750035e-14,-23895.16364566,48.04136212753,-3378.536685456
25,12.5,263,7.549189185035e-15,2.012896647287e-13,-1.357749007913e-14,-23495.72998179,-10.9121397801,-3359.106213322
25,12.5,264,7.860992510528e-15,2.008907122722e-13,-1.55292834701e-14,-23101.14351714,-42.56064694957,-3356.730073706
25,12.5,265,8.179111709851e-15,2.009008840621e-13,-2.30078565468e-14,-24357.37813428,33.26564650082,-3356.077385739
25,12.5,266,8.300622117466e-15,2.035006700645e-13,-1.53544347155e-14,-23752.63668587,6.440604399805,-3408.962761984
25,12.5,267,7.498918181051e-15,2.005022670627e-13,-3.451855860411e-14,-24172.27331656,18.60164680871,-3345.264252349
25,12.5,268,8.117506242862e-15,2.027766303483e-13,-7.094577114308e-15,-23510.98174066,-1.509746541863,-3392.392423689
25,12.5,269,8.166352723717e-15,2.023916204102e-13,-2.614432669383e-14,-24840.88030744,0.1746812256619,-3378.240077147
25,12.5,270,7.83903553663e-15,2.029166081032e-13,-2.67767018904e-14,-23360.42517491,12.34217624723,-3388.881602471
25,12.5,271,8.24561057384e-15,2.043077150472e-13,-3.662169318414e-14,-23940.42916696,-7.600594759615,-3412.349838066
25,12.5,272,8.806656734538e-15,2.027010024013e-13,-2.284986733808e-14,-23723.6251947,38.81586381719,-3381.806557615
25,12.5,273,8.734773476747e-15,2.028275341182e-13,-1.489579685684e-14,-23612.98711236,9.270772676867,-3398.527098025
25,12.5,274,8.232372941968e-15,2.006117372058e-13,-1.682542949668e-14,-23918.20379367,-13.94628989622,-3353.445996784
25,12.5,275,7.559098417135e-15,2.004845207026e-13,-2.668985060427e-14,-23561.14893905,-11.91847578158,-3353.542986583
25,12.5,276,8.070226746301e-15,2.024506425569e-13,-1.713406109175e-14,-24615.16976718,-46.29601163657,-3375.532591711
25,12.5,277,7.238864049766e-15,2.019277367696e-13,-1.201883629985e-14,-24602.77388671,-1.001065942104,-3374.887881115
25,12.5,278,7.262052587756e-15,2.024860947957e-13,-1.424883798679e-14,-23821.66936141,37.62413612924,-3382.921735323
25,12.5,279,7.59016865358e-15,2.012120248586e-13,-2.736227665796e-14,-24320.95902514,-38.00817497192,-3366.399389976
25,12.5,280,7.514603591692e-15,2.009628207879e-13,-1.612471205202e-14,-24007.73108349,-22.09464941156,-3358.165712211
25,12.5,281,7.978999390343e-15,2.019593595208e-13,-1.059564992263e-14,-23851.61846824,22.63585815761,-3374.772888933
25,12.5,282,8.04467010127e-15,2.037096014552e-13,-1.88062043088e-14,-23565.57879707,-11.92556585247,-3410.938196884
25,12.5,283,8.619052747154e-15,2.03648641471e-13,-2.466753480871e-14,-24257.0142576,-62.55695014276,-3388.957135823
25,12.5,284,7.442043980773e-15,2.010922619822e-13,-1.410623485302e-14,-24259.18231084,-12.89159474516,-3362.978097476
25,12.5,285,7.451481728251e-15,2.005635077387e-13,-1.056921907676e-14,-23783.40344514,-2.995891510923,-3359.231542846
25,12.5,286,8.280320925456e-15,2.013991634746e-13,-2.579841630419e-14,-24240.98795544,-50.40768514426,-3353.369991971
25,12.5,287,7.371311464184e-15,2.01185616573e-13,-7.458260352003e-15,-23805.51583667,58.52078059187,-3366.551507728
25,12.5,288,7.438116219826e-15,1.999732310345e-13,-2.66380346808e-14,-23839.44534562,-12.61911613438,-3350.651868909
25,12.5,289,8.032017978847e-15,2.027191926976e-13,-2.500984927237e-14,-22967.19351006,-31.70325987336,-3383.572110724
25,12.5,290,8.2894317654e-15,2.017795383017e-13,-2.474331585048e-14,-23540.9183921,-15.49191451922,-3378.546458907
25,12.5,291,7.72208621017e-15,2.025636443415e-13,-2.526974040596e-14,-24199.02018593,20.07253386733,-3386.490440899
25,12.5,292,7.463311867713e-15,2.025029835389e-13,-3.657834980794e-14,-23804.10733253,-1.871846763449,-3389.035362335
25,12.5,293,8.462520016504e-15,2.02059203872e-13,-2.231602592797e-14,-23309.17708117,8.714230153218,-3380.94307991
25,12.5,294,8.169342557527e-15,2.025692809572e-13,-1.141097149307e-14,-23102.17014906,13.52452410208,-3384.965704616
25,12.5,295,7.477791151066e-15,2.0266554484e-13,-2.123526869614e-14,-23805.33894591,-54.93420118448,-3389.527805417
25,12.5,296,7.645932712005e-15,2.023999399417e-13,-9.414352151236e-15,-22723.17342885,14.41774510547,-3387.217902153
25,12.5,297,7.169601378303e-15,2.026610497282e-13,-5.489572981633e-15,-23773.64131243,32.29425374815,-3381.501951203
25,12.5,298,7.584895544019e-15,2.008961266628e-13,-2.70432802785e-14,-24498.28980275,-2.566125238338,-3353.899096002
25,12.5,299,7.96090119761e-15,2.032872348591e-13,9.049681531597e-15,-24581.84539392,20.82946802585,-3394.248592811
25,12.5,300,7.297253687799e-15,2.017746972197e-13,-3.497785805508e-14,-23948.23238826,-40.18621210002,-3369.082896842
25,12.5,301,8.438409796809e-15,2.0401996306e-13,-3.078899317299e-14,-23670.24459559,28.47035084445,-3402.866945821
25,12.5,302,7.878447264496e-15,2.017662752077e-13,-5.265437908886e-15,-23778.96215396,-53.31510219996,-3365.495955429
25,12.5,303,7.773026736501e-15,2.011756221835e-13,-3.20831644533e-14,-23679.86113212,-20.37073506395,-3358.353973528
25,12.5,304,8.090807398923e-15,2.041688390266e-13,-2.657106731115e-14,-23365.43450587,-22.56162802219,-3403.837071287
25,12.5,305,8.086331011627e-15,2.020588576487e-13,-2.288226879036e-14,-23712.03543275,11.36152854899,-3365.36178672
25,12.5,306,8.716082155863e-15,2.037988587012e-13,-1.544422902774e-14,-23638.15874588,17.47032492828,-3405.45230441
25,12.5,307,7.137370788957e-15,2.014685676272e-13,-6.336083676636e-15,-22803.25987368,9.187699036148,-3360.688966093
25,12.5,308,7.805242492435e-15,2.012667361348e-13,-3.633548688024e-14,-23656.06740723,-44.51122183505,-3359.145863494
25,12.5,309,7.936881364796e-15,2.031116122122e-13,-2.57667608637e-14,-23379.5110195,-1.836898406672,-3386.155166988
25,12.5,310,7.620895652216e-15,2.009295769493e-13,-1.994397440447e-14,-24148.03690004,-21.40310620347,-3356.106480064
25,12.5,311,7.947785122237e-15,2.036178631554e-13,-2.702723451843e-14,-24231.35307119,-47.27223401791,-3404.454505568
25,12.5,312,7.618897729594e-15,2.038336507682e-13,-2.045506654861e-14,-24188.17787823,2.570464751584,-3407.542785805
25,12.5,313,8.238840318655e-15,2.02757679589e-13,-2.219742185805e-14,-22932.53870667,24.29693820851,-3386.986797329
25,12.5,314,8.227324099743e-15,2.018758843053e-13,-2.956130844365e-14,-23784.57887227,-36.25091821495,-3371.649897227
25,12.5,315,7.895360502161e-15,2.024455221191e-13,-2.109834502353e-14,-24714.74944314,34.70463351535,-3386.465599775
25,12.5,316,7.977733923183e-15,1.996051701234e-13,-3.171774447364e-14,-24348.39401726,32.62858772939,-3344.603584027
25,12.5,317,7.563997823596e-15,2.014926626439e-13,-2.849237421978e-14,-23426.00768855,-29.51077902087,-3369.699336968
25,12.5,318,8.407755169807e-15,2.024543227703e-13,-2.672623988732e-14,-24145.1749219,-6.541945069588,-3380.90296508
25,12.5,319,8.202522101105e-15,1.995786647234e-13,-2.04778563894e-14,-23703.13574036,-9.290163207391,-3333.613259104
25,12.5,320,8.261484293011e-15,2.020251833838e-13,-2.587639408284e-14,-23516.16840862,15.00717595048,-3379.325003089
25,12.5,321,8.162426753474e-15,2.016135855773e-13,-1.763189271112e-14,-23962.16975215,34.66425634949,-3371.618857093
25,12.5,322,8.282648333067e-15,2.027875041689e-13,-2.367464455515e-14,-24507.90331297,-8.798974582079,-3388.586622002
25,12.5,323,8.148570802065e-15,2.029858114574e-13,-9.255789447898e-15,-23724.02135605,-20.62356928906,-3397.258999808
25,12.5,324,7.37097592347e-15,2.021067064124e-13,-7.210805678733e-15,-23841.90052093,30.53075626425,-3378.285889538
25,12.5,325,8.095548938402e-15,2.050212450753e-13,-2.184664431487e-14,-23836.69991259,3.103979703913,-3411.963053766
25,12.5,326,8.110367237063e-15,2.021440543212e-13,-1.858984557993e-14,-23994.45848346,46.75419891032,-3381.939539543
25,12.5,327,7.899733990599e-15,2.01892072755e-13,-3.228761888285e-14,-23862.3138989,2.874998683745,-3370.107122396
25,12.5,328,7.887226457576e-15,2.007917789078e-13,-3.313142894198e-14,-23680.31182804,-3.532879496945,-3350.484162601
25,12.5,329,8.153588026421e-15,2.01885122848e-13,-2.214535383942e-14,-23578.48456707,17.27300653723,-3375.247157148
25,12.5,330,7.706305636668e-15,2.008018370158e-13,-1.714973034002e-14,-24223.44348732,-17.42688661755,-3359.063777231
25,12.5,331,8.135656270204e-15,2.045653347583e-13,-3.321429202591e-14,-24252.94666228,12.48946345401,-3409.552990663
25,12.5,332,8.157244803147e-15,2.040656668381e-13,-2.041288663862e-14,-23508.70538103,-15.12123619547,-3407.426177765
25,12.5,333,7.140292944711e-15,2.021140203242e-13,-9.362663736928e-15,-23408.4975832,28.12547358973,-3389.330613629
25,12.5,334,7.958175267954e-15,2.001719730129e-13,-2.491701617188e-14,-23784.7539401,9.555300996942,-3344.161001233
25,12.5,335,7.557998263721e-15,2.019516212443e-13,-2.332603225702e-14,-24966.59939064,-28.36220822043,-3376.988099152
25,12.5,336,7.521334889941e-15,2.004842738814e-13,-2.937590298804e-14,-24421.72859606,11.1943612534,-3342.21953858
25,12.5,337,8.032587208692e-15,2.01760289449e-13,-1.259368602004e-14,-24267.77397559,5.06604183436,-3367.661780788
25,12.5,338,8.504868349621e-15,2.021182235337e-13,-2.130635830543e-14,-24043.9778392,25.00829596028,-3377.857197234
25,12.5,339,8.898528930168e-15,2.020396803679e-13,-5.524018027095e-15,-24008.92789956,1.458079944266,-3386.227504033
25,12.5,340,8.146422027019e-15,2.029060167288e-13,-3.016099618378e-14,-24509.78489133,-43.04846569057,-3388.126286009
25,12.5,341,7.739291040032e-15,2.033165474663e-13,-9.767032021419e-15,-23652.65797861,-15.74223931982,-3392.623095889
25,12.5,342,8.146251674006e-15,2.040666387329e-13,-2.079289345628e-14,-23753.88084786,-13.93627138189,-3404.035824937
25,12.5,343,8.035435682326e-15,2.033980426911e-13,-2.811847613303e-14,-23482.15202419,-81.4876928904,-3384.126586018
25,12.5,344,7.76112197668e-15,2.011562677399e-13,-3.696341565652e-14,-23723.08025174,17.8845515039,-3365.121838097
25,12.5,345,8.270782486672e-15,1.995827168108e-13,-1.481444020549e-14,-23928.06974044,12.53016124242,-3332.592314831
25,12.5,346,7.544614239022e-15,2.028528842345e-13,-1.829071182977e-14,-24085.1968693,-2.101151435183,-3396.789445105
25,12.5,347,7.619384343382e-15,2.032425518868e-13,-2.977051016769e-14,-24763.22125404,10.37385806508,-3394.320988106
25,12.5,348,8.68399904311e-15,2.024829792876e-13,-3.040959897204e-14,-24666.72639305,26.27826127688,-3389.390179055
25,12.5,349,7.373737068633e-15,2.01686334222e-13,-1.247935529032e-14,-23389.54239174,40.7483003509,-3373.750902014
25,12.5,350,7.17165985422e-15,2.021252233193e-13,-1.245198611756e-14,-23520.50484376,9.109044018166,-3379.902713759
25,12.5,351,8.71253647186e-15,2.028311134479e-13,-3.234849780643e-14,-23975.93402834,-2.212015678858,-3387.863046702
25,12.5,352,7.418369939206e-15,2.001666959226e-13,-1.536129496326e-14,-24041.72573479,-34.98448860946,-3357.018079754
25,12.5,353,7.508566286432e-15,2.033704262888e-13,-3.150988640845e-14,-24754.75728542,39.87784173674,-3395.156359398
25,12.5,354,7.648008303553e-15,1.994304493994e-13,-1.849351006213e-14,-24532.57384738,12.13783611334,-3336.527773848
25,12.5,355,7.770193861854e-15,2.020844604935e-13,-2.181983020317e-14,-24165.91366186,11.24840387068,-3381.629982192
25,12.5,356,7.824581917789e-15,2.021301117614e-13,-2.357186650361e-14,-24817.44855183,7.979077514635,-3362.737839321
25,12.5,357,7.646238222179e-15,2.009691779091e-13,-1.335538640521e-14,-23665.09707916,-29.81972715783,-3357.020440959
25,12.5,358,8.318675442872e-15,2.01922087725e-13,-2.589388026633e-14,-23326.47279765,64.41165633015,-3372.881308616
25,12.5,359,7.750758628248e-15,2.012099423469e-13,-1.706327869037e-14,-24415.68118124,4.968190009062,-3370.569950172
25,12.5,360,7.760607678859e-15,2.012146106399e-13,-2.747202763274e-14,-23417.54743215,-16.43675647285,-3359.684458102
25,12.5,361,8.386664250831e-15,2.026516092675e-13,-2.279936202515e-14,-24481.15049367,38.47537662681,-3374.107619604
25,12.5,362,7.352417103592e-15,2.022523939542e-13,-1.586849870343e-14,-23074.25906668,25.61222959073,-3383.154693028
25,12.5,363,8.049960546994e-15,2.004109487271e-13,-2.050047266454e-14,-23898.54945612,-1.627067617,-3346.990078269
25,12.5,364,7.717362863508e-15,2.012340062381e-13,-1.631512760224e-14,-23948.54015459,10.06341272673,-3351.130740702
25,12.5,365,7.980499539874e-15,2.010206907167e-13,-7.852186614968e-15,-24358.71851349,-33.14047096321,-3367.858073454
25,12.5,366,7.788164353946e-15,2.025104586195e-13,-3.173124424768e-14,-23635.01183448,-55.06828264762,-3388.74939355
25,12.5,367,8.69221908262e-15,2.039420001659e-13,-2.279901037909e-14,-23730.05580496,-14.99691888432,-3405.333262899
25,12.5,368,7.828820758355e-15,2.011596250156e-13,-3.038419885134e-14,-24519.78209026,-4.669746912239,-3358.216583831
25,12.5,369,7.366752494065e-15,2.030274017345e-13,-3.707372202673e-14,-22446.34006418,-3.595981219014,-3394.462089704
25,12.5,370,7.914208676778e-15,2.024833591917e-13,-2.686963517321e-14,-23147.82790531,34.12087495305,-3374.217090013
25,12.5,371,8.016288464461e-15,2.013219307165e-13,-2.188377891607e-14,-23677.62454701,9.845899253541,-3372.743512816
25,12.5,372,8.21315350536e-15,2.034614996518e-13,-2.198159954474e-14,-24006.50224587,30.50803043124,-3395.941056605
25,12.5,373,7.751130474673e-15,2.005769676727e-13,-3.623351910889e-14,-24269.79551759,40.633122835,-3348.245180896
25,12.5,374,8.029080944732e-15,2.037671241616e-13,-1.623229863497e-14,-24103.1681788,9.297957806295,-3407.031191259
25,12.5,375,7.708174775947e-15,2.024310441745e-13,-2.995307783731e-14,-24150.09963352,8.99529969242,-3379.451255004
25,12.5,376,8.021079061022e-15,1.995242146309e-13,-2.037017788054e-14,-24165.11803964,43.66026305508,-3329.460921716
25,12.5,377,8.358831497884e-15,2.024755229449e-13,-2.471964592245e-14,-24127.77077631,-18.7926011849,-3371.424450774
25,12.5,378,8.272384954535e-15,2.034784398545e-13,-2.608179008975e-14,-25421.92992838,-11.43185297734,-3391.984142705
25,12.5,379,8.442430202284e-15,2.03829224099e-13,-1.773115308534e-14,-23792.90370602,-8.741367910805,-3401.051046758
25,12.5,380,7.841906842992e-15,2.025329335562e-13,-1.286699474949e-14,-23858.10034195,-15.10366093328,-3381.943266755
25,12.5,381,7.46000487573e-15,2.030008228062e-13,-1.159158185825e-14,-24423.89218303,-14.94555070191,-3388.69227202
25,12.5,382,7.578339563574e-15,2.016025308464e-13,-3.947532267358e-14,-24379.26781757,-37.80270016143,-3364.97130759
25,12.5,383,7.416371545315e-15,2.0144811988e-13,-3.378416017156e-14,-25081.26377083,-8.628078981523,-3369.229236714
25,12.5,384,7.4729062878e-15,2.026104907502e-13,-2.148945654391e-14,-23445.4529137,35.43167538567,-3383.264870515
25,12.5,385,7.736211284732e-15,2.026037803751e-13,-2.877067979364e-14,-23977.47576982,-34.23854326135,-3384.068939371
25,12.5,386,7.784728599019e-15,1.998638247514e-13,-2.113936884853e-14,-22932.97095216,-14.8437542135,-3340.657353371
25,12.5,387,7.740724688439e-15,2.013751684147e-13,-2.681933298578e-14,-24028.79104788,-49.06330051623,-3369.751493313
25,12.5,388,7.820295138422e-15,2.019018809762e-13,-6.462141064135e-16,-23396.74483501,20.1766040183,-3376.091153732
25,12.5,389,7.975341660349e-15,2.009609314158e-13,-3.401648026927e-14,-24238.29945756,-35.62760673551,-3354.809635685
25,12.5,390,8.200912934919e-15,2.035494057423e-13,-2.023110487267e-14,-23872.84549693,-50.34284245814,-3398.659390944
25,12.5,391,7.121948382462e-15,2.001948602183e-13,-2.665051564348e-14,-24544.84112634,79.05392328948,-3348.404817822
25,12.5,392,8.29273092152e-15,2.03066402939e-13,-1.545804847403e-14,-23669.17452504,0.7613929117802,-3389.188717606
25,12.5,393,7.263260234318e-15,2.00779252487e-13,-3.434688549287e-14,-23720.84246173,-34.50000048496,-3351.951719096
25,12.5,394,7.677008643597e-15,2.016900339475e-13,-2.763019062112e-14,-23699.8344424,-53.93266164991,-3367.303825157
25,12.5,395,7.58407521821e-15,2.024685648469e-13,-1.461444965402e-14,-23427.65846023,22.32519689761,-3375.208532182
25,12.5,396,8.36228513863e-15,2.031785068551e-13,-3.432964997254e-14,-23277.23576356,42.54027672296,-3386.668159956
25,12.5,397,8.374220912874e-15,1.998709412338e-13,-2.228750744242e-14,-23384.11007358,24.5294989345,-3354.688317643
25,12.5,398,7.563103312301e-15,2.021055383095e-13,-2.994304308162e-14,-24444.47974344,19.076519697,-3376.659127769
25,12.5,399,8.735266386931e-15,2.03362682026e-13,-2.041956553677e-14,-23348.29688281,-11.49593779005,-3402.758888887
25,12.5,400,8.015077699803e-15,2.026022692106e-13,-2.81347513053e-14,-24442.81388399,-8.902458318562,-3370.847828205
25,12.5,401,8.027384448861e-15,2.05515786005e-13,-1.333794139133e-14,-23464.45350482,27.93613023373,-3430.743923583
25,12.5,402,7.467869171292e-15,2.012061204486e-13,-3.271072084848e-14,-23922.79724314,36.78280578597,-3358.824583667
25,12.5,403,7.844567983607e-15,2.046969602973e-13,-1.916603919614e-14,-23900.83388262,3.07204696697,-3421.591221623
25,12.5,404,8.172848175911e-15,2.020051855834e-13,-1.74368949764e-14,-23469.54907777,-18.24979197588,-3372.215572546
25,12.5,405,7.700681310178e-15,2.026151452652e-13,-3.00287729352e-14,-23696.88214261,-45.85227870841,-3389.163228713
25,12.5,406,7.65087019585e-15,2.013050242668e-13,-1.490280230244e-14,-23532.98342919,3.602715510038,-3356.171992989
25,12.5,407,8.350964475051e-15,2.043108406564e-13,-1.865056125005e-14,-23912.33756669,-35.90896643199,-3402.916829743
25,12.5,408,8.793054327579e-15,2.03419154564e-13,4.273187949491e-15,-23771.38892405,-4.383061684108,-3396.439711528
25,12.5,409,7.245558437917e-15,2.00975498206e-13,-1.303079158925e-14,-23650.07906245,27.05931478238,-3363.857415754
25,12.5,410,8.202615229964e-15,2.021146021516e-13,-2.394593079632e-14,-23771.19804338,-12.53807674266,-3379.701015243
25,12.5,411,7.817527561347e-15,2.028650592064e-13,-1.867632562197e-14,-23446.47429512,48.14390317835,-3388.311074866
25,12.5,412,7.791895058711e-15,2.00510685145e-13,-1.575573234454e-14,-24151.24168682,-18.94535509942,-3358.944080945
25,12.5,413,6.747077364331e-15,1.99729061737e-13,-2.789195981519e-14,-23041.28098714,24.70112346167,-3334.741471821
25,12.5,414,8.012994446948e-15,2.016508782828e-13,-1.749710527239e-14,-23539.37483556,-4.067556115059,-3365.247420756
25,12.5,415,7.056251990702e-15,2.010822092247e-13,-1.85890535349e-14,-23624.586053,-6.410039111667,-3347.891822542
25,12.5,416,7.750001979702e-15,2.029567466715e-13,-2.731666087719e-14,-23815.47507011,-2.994841631603,-3380.39583478
25,12.5,417,7.400309395176e-15,2.015400810468e-13,-6.620509207404e-15,-24326.45923872,76.02315491552,-3368.604036371
25,12.5,418,7.617620417796e-15,2.022818661765e-13,-2.796605763295e-14,-23709.69239768,-17.14794142385,-3388.700287102
25,12.5,419,7.297714477719e-15,2.011750617467e-13,-3.069566355133e-14,-23209.20270624,-17.78695615108,-3356.982477669
25,12.5,420,7.414472470951e-15,2.023262574637e-13,-3.044984623691e-14,-24961.30029363,22.62541635283,-3379.480274784
25,12.5,421,8.458450318325e-15,2.042145849272e-13,-1.223388209243e-14,-23569.50166771,-67.03437296147,-3408.819998379
25,12.5,422,7.682909458693e-15,2.014929840845e-13,-1.241674437396e-14,-23570.76514968,49.41919003534,-3366.234857781
25,12.5,423,8.007375131743e-15,2.01798639598e-13,-1.71283664559e-14,-23603.52786395,-6.440265277272,-3365.392197122
25,12.5,424,8.180064972775e-15,2.032784442854e-13,-8.20536164554e-15,-23468.38751187,3.841621615543,-3390.133704539
25,12.5,425,7.766715074015e-15,2.023476304295e-13,-1.778371757828e-14,-24022.53764885,-38.95958537347,-3376.755435416
25,12.5,426,9.04661974347e-15,2.058233226496e-13,-1.750537393395e-14,-23563.58012916,-4.620043946164,-3435.123590708
25,12.5,427,7.488299279581e-15,2.014308916828e-13,-2.060274113468e-14,-22937.87251038,-44.78638262389,-3365.865578903
25,12.5,428,7.869329530551e-15,2.012404824957e-13,-2.94922809732e-14,-23661.12253642,-5.660630223221,-3357.444424112
25,12.5,429,7.647621617111e-15,2.031323485855e-13,-2.64502316653e-14,-23991.48507306,11.50090745211,-3397.527283844
25,12.5,430,7.678359518111e-15,2.026886140008e-13,-5.231847224397e-15,-23559.89182445,29.40374418259,-3386.797281586
25,12.5,431,7.967894941391e-15,2.025170231855e-13,-2.170700152115e-14,-23815.69024488,-10.46144622968,-3386.826123411
25,12.5,432,8.309388783014e-15,2.015993668959e-13,-3.076431820357e-14,-23231.02454169,-68.68313656246,-3371.405912767
25,12.5,433,7.846719112963e-15,2.019562941966e-13,-3.637509857964e-14,-23997.4301826,-4.202344809314,-3370.660057065
25,12.5,434,7.438090024648e-15,2.013696392536e-13,-2.349189794635e-14,-24292.60334385,2.314417652112,-3357.714468597
25,12.5,435,7.800161773715e-15,2.013167436708e-13,-2.334366731897e-14,-24038.61708128,-28.03434722665,-3361.209850221
25,12.5,436,7.993226436266e-15,2.028205813149e-13,-4.402132251511e-14,-23559.50789983,-33.16692359036,-3382.917087163
25,12.5,437,8.058610982202e-15,2.034515499437e-13,-3.384357596929e-14,-23630.30161461,-17.55302588757,-3403.152685323
25,12.5,438,8.602804813026e-15,2.036289297964e-13,-1.787929033435e-14,-24174.8887112,39.63545584418,-3399.79935432
25,12.5,439,7.432001705678e-15,2.013014962631e-13,-2.47990561359e-14,-23357.0682398,33.05630019816,-3364.975298702
25,12.5,440,7.685972175987e-15,2.02846227153e-13,-2.797688894162e-14,-23833.36175631,-11.18380427086,-3392.975130939
25,12.5,441,8.126847854782e-15,2.022483825913e-13,-1.283262999132e-14,-24615.70286628,0.2451489579916,-3372.02209631
25,12.5,442,7.769727795625e-15,2.032861575822e-13,-1.647801305874e-14,-23233.91487253,85.57054705989,-3397.25112489
25,12.5,443,8.935536336639e-15,2.037982374196e-13,-2.361271030754e-15,-24169.28774986,35.30714966416,-3401.092024018
25,12.5,444,7.85179597705e-15,2.020271368118e-13,-1.602389556892e-14,-23684.20204953,40.92046033446,-3376.9119175
25,12.5,445,7.418900152297e-15,2.002599162459e-13,-2.080736420005e-14,-24617.31439005,-28.49971329052,-3343.003595147
25,12.5,446,7.593275358947e-15,2.020153956044e-13,-1.539071623721e-14,-23606.12419691,3.911355039108,-3364.233800616
25,12.5,447,7.879599796051e-15,2.004974943739e-13,-2.427255559078e-14,-23766.68107993,22.97512172069,-3354.357850155
25,12.5,448,8.406306193308e-15,2.029449050836e-13,-1.377490670546e-14,-23716.37384493,-6.145640992724,-3384.565914892
25,12.5,449,7.573641535133e-15,2.023421339524e-13,-1.760788901049e-14,-24287.3705879,10.90078893423,-3379.339238678
25,12.5,450,7.744454052521e-15,2.020078983728e-13,-1.41842893852e-14,-24370.7015661,13.37443956829,-3370.766608507
25,12.5,451,8.164540170451e-15,2.030301402338e-13,-2.641638705536e-14,-23844.27233019,-19.57330015171,-3383.171661823
25,12.5,452,7.518843674298e-15,2.004175481472e-13,-7.539422396648e-15,-23964.3786644,25.69659974648,-3347.13807637
25,12.5,453,7.216144900262e-15,2.016176752728e-13,-2.377872261762e-14,-23515.95382355,-2.708170004152,-3367.973392478
25,12.5,454,7.969208717469e-15,2.027566625316e-13,-1.832857229355e-14,-24503.5489237,-29.66257740917,-3379.941564811
25,12.5,455,8.227959328864e-15,2.008911015373e-13,-3.328779083316e-14,-24680.39005998,20.942847282,-3360.18359918
25,12.5,456,7.994721977906e-15,2.026463492242e-13,-1.709626740866e-14,-23525.97347278,-24.73631404439,-3384.278384441
25,12.5,457,7.652342302776e-15,2.039555890876e-13,-1.879961378273e-14,-23614.31329392,-40.09616977136,-3398.635317671
25,12.5,458,7.81672655003e-15,2.018110206997e-13,-2.796768480374e-14,-24984.41510193,3.562329613945,-3373.192336892
25,12.5,459,7.812559954545e-15,2.01706297402e-13,-8.589112072443e-15,-24227.04571856,-10.30992871769,-3375.090000302
25,12.5,460,8.578573873413e-15,2.017433864644e-13,-3.447589092073e-14,-23773.61480805,9.67459667653,-3367.648428536
25,12.5,461,7.883694823888e-15,2.014286675962e-13,-2.097608097087e-14,-23613.56700197,65.26534859265,-3355.020311536
25,12.5,462,8.091254304579e-15,2.036926909531e-13,-1.503431480821e-14,-24307.52450941,-42.4281770779,-3410.655682203
25,12.5,463,7.773512893781e-15,2.030407844988e-13,-2.2598874042e-14,-24223.91762172,-7.331069586616,-3393.157606591
25,12.5,464,8.071133617601e-15,2.031651582861e-13,-2.694523247521e-14,-23696.85057083,19.78451607149,-3406.346453573
25,12.5,465,7.887063203491e-15,2.024811110385e-13,-1.482719752772e-14,-24092.92550349,-9.40280630727,-3389.384950096
25,12.5,466,7.720268865305e-15,2.020642994473e-13,-2.128974272921e-14,-22554.14259202,12.25732037455,-3382.797075529
25,12.5,467,7.278707504216e-15,2.036763896182e-13,-3.993013295502e-15,-24247.12110794,46.35245414642,-3392.949341912
25,12.5,468,8.091678350293e-15,2.006197137363e-13,-1.238474873717e-15,-23933.56760951,-77.56513658974,-3351.037802193
25,12.5,469,7.950408388037e-15,2.037565178629e-13,-2.376058027873e-14,-25302.35331029,-41.63236595154,-3391.533995066
25,12.5,470,7.430946536036e-15,2.012844990283e-13,-1.687399685435e-14,-23353.56751619,-20.85659376967,-3361.68853037
25,12.5,471,7.873914731799e-15,2.03516937648e-13,-3.182039562291e-14,-24197.27600445,-51.26978642102,-3412.486312258
25,12.5,472,8.564475676926e-15,2.021827481183e-13,-2.951657844561e-14,-22397.90373335,9.621395294689,-3383.279732355
25,12.5,473,7.994748133467e-15,2.01042762696e-13,-3.063084356598e-14,-23472.01874734,3.436420759208,-3347.554406061
25,12.5,474,7.385435730599e-15,2.027137024044e-13,-2.754507045428e-14,-23317.44657189,-0.7214511242938,-3389.645107277
25,12.5,475,8.560166340191e-15,2.037354546047e-13,-2.213470852401e-14,-23792.02570616,4.659047457239,-3399.049290391
25,12.5,476,7.743129590988e-15,2.014352230698e-13,-1.03293862482e-14,-24144.07083615,-55.6628492441,-3366.924002283
25,12.5,477,8.465242566749e-15,2.04228503301e-13,-1.744243329348e-14,-23750.08905681,-44.47215350455,-3412.152635015
25,12.5,478,7.69849968754e-15,2.019541294195e-13,-1.948591978775e-14,-23828.23132308,-49.55676514935,-3369.023662012
25,12.5,479,8.10306381796e-15,2.032765653017e-13,-2.926808903356e-14,-23787.89776217,-30.78755801959,-3387.991429144
25,12.5,480,7.198370591447e-15,2.022432005423e-13,-2.306855256807e-14,-23917.79219615,5.963239757682,-3384.362143861
25,12.5,481,8.303937197434e-15,2.029316810918e-13,-3.493162088736e-14,-24294.25535498,-31.13546726127,-3380.385182291
25,12.5,482,8.107346652469e-15,2.024964981738e-13,-1.769363887374e-14,-24322.07013,-31.45598873017,-3389.475838618
25,12.5,483,8.120797864028e-15,2.025747932164e-13,-4.243542366665e-15,-23883.92675115,-27.5025603297,-3392.638569175
25,12.5,484,7.516289947463e-15,2.011755362111e-13,-2.688463359169e-14,-23816.26204991,22.73877763827,-3361.249530171
25,12.5,485,8.123020417653e-15,2.054149061648e-13,-1.650624852158e-14,-24086.46589551,48.01858901256,-3430.40859258
25,12.5,486,8.330957476185e-15,2.017164202859e-13,-2.489135066841e-14,-22821.04074428,-13.47680258669,-3371.251436802
25,12.5,487,7.342156545794e-15,2.017423985579e-13,-2.129042711872e-14,-23839.96380664,4.566630174699,-3373.495252475
25,12.5,488,7.441056623738e-15,1.987625681991e-13,-1.59535483077e-14,-24003.01671384,13.11743715173,-3318.944310187
25,12.5,489,8.431168312375e-15,2.010683667728e-13,-7.370413002979e-15,-23691.98401825,-23.33848802153,-3363.066860459
25,12.5,490,6.963638941084e-15,2.009744748766e-13,-3.542206222287e-14,-23756.73375774,-20.18077092628,-3352.698221191
25,12.5,491,8.13958389154e-15,2.021859242618e-13,-1.663323092667e-14,-24413.00337226,-28.30649377661,-3381.297819753
25,12.5,492,8.097918538643e-15,2.025564663129e-13,-2.702062957559e-14,-24007.58214525,1.970786348054,-3388.02504421
25,12.5,493,8.323829532967e-15,2.008912281866e-13,-2.163852196145e-14,-24244.08887642,3.798461408929,-3352.842157726
25,12.5,494,7.817380833517e-15,2.036120149138e-13,-3.358592673752e-14,-24565.40371239,-37.960209273,-3400.527205189
25,12.5,495,7.999513919646e-15,2.021661059876e-13,-1.943094731981e-14,-23636.70449567,14.79154425006,-3372.767364859
25,12.5,496,7.783132808044e-15,2.034518397699e-13,-2.713890092024e-14,-24003.98855515,-15.37891101068,-3403.627513511
25,12.5,497,8.079823866559e-15,2.034218301289e-13,7.802597965036e-15,-23772.89478151,-27.93928017663,-3388.408833505
25,12.5,498,8.21513130541e-15,2.027121360163e-13,-1.42685893271e-14,-23147.50124671,-10.12972020131,-3383.020573773
25,12.5,499,7.506888043441e-15,2.033457893011e-13,-2.15383516998e-14,-24083.19971333,-30.03704229826,-3382.723641554
25,12.5,500,8.375634505076e-15,2.018421147884e-13,-7.049075438004e-15,-24169.06097803,-0.4573227787089,-3380.308279495
25,12.5,501,8.467753679289e-15,2.033944764425e-13,-1.722593949833e-14,-23939.26119035,-13.90592567558,-3391.428005554
25,12.5,502,7.359156122482e-15,2.023837572146e-13,-2.817043856623e-14,-23840.43894411,-65.31519799496,-3374.602894402
25,12.5,503,6.921610097805e-15,2.013605502115e-13,-4.796194913784e-15,-24020.80333992,29.71501823518,-3361.542122101
25,12.5,504,8.089926711744e-15,2.029210719397e-13,-2.520334451484e-14,-23970.64577701,-0.8848920159644,-3373.890427049
25,12.5,505,8.319761950392e-15,2.030596434039e-13,-2.12181655562e-14,-23392.66918831,52.4693290782,-3388.380961726
25,12.5,506,8.321642261313e-15,2.035641659834e-13,-2.999774675834e-14,-24007.07274997,-24.76713828352,-3397.438332615
25,12.5,507,8.418460658477e-15,2.040872922154e-13,-3.08482739995e-14,-24523.02097161,-15.57252396735,-3409.399634612
25,12.5,508,8.34526784751e-15,2.02867453627e-13,-1.773856808936e-14,-23601.98358357,-47.96581171267,-3392.905324808
25,12.5,509,7.839409166245e-15,2.003002200188e-13,-3.126824211437e-14,-24124.13601892,-1.34866808919,-3364.83455674
25,12.5,510,7.97389869684e-15,2.024105248965e-13,-1.552047328121e-14,-23794.17533559,-28.61728191918,-3375.388946498
25,12.5,511,8.766101303539e-15,2.021647434689e-13,-2.690850101325e-14,-23588.46413826,-26.97378451654,-3383.015860523
25,12.5,512,8.740549319823e-15,2.023987123272e-13,-2.544224775101e-14,-23653.19212866,-9.493370245881,-3384.758426014
25,12.5,513,7.865512501347e-15,2.035845102168e-13,-2.220365357051e-14,-24310.90987364,32.15065114758,-3401.651377606
25,12.5,514,7.049752135309e-15,2.019076199429e-13,-3.053099896714e-14,-23802.67842449,24.73972720852,-3368.108151846
25,12.5,515,7.248536990075e-15,2.031090985938e-13,-2.18337609873e-14,-24055.39661575,9.733111029996,-3388.299373718
25,12.5,516,7.82093166894e-15,2.012425039751e-13,-1.459932324946e-14,-23837.09030773,32.28923666822,-3368.226916847
25,12.5,517,7.224414636248e-15,2.029583056384e-13,-2.680584172338e-14,-23687.80532599,16.64293707564,-3384.318579519
25,12.5,518,7.834518532374e-15,2.025514260609e-13,-1.563588515953e-14,-23314.30504492,11.34442125384,-3389.671838268
25,12.5,519,6.994565259913e-15,2.022200625909e-13,-2.944138165773e-14,-24125.2336969,10.11533324178,-3374.104795581
25,12.5,520,7.158840341543e-15,2.033920965687e-13,-2.716564431294e-14,-23581.34013353,-41.05664032654,-3388.80800689
25,12.5,521,7.975212442129e-15,2.003957029584e-13,-1.106451047175e-14,-24231.88647191,95.15535638245,-3352.797122107
25,12.5,522,7.500389013279e-15,2.014563856406e-13,-2.170692205076e-14,-23922.63515543,-56.04308981215,-3363.836566886
25,12.5,523,8.212656602847e-15,2.027208367463e-13,-8.04001199069e-15,-24619.70272017,20.03951187187,-3387.047929972
25,12.5,524,8.402652635255e-15,2.026973360709e-13,-2.345037114923e-14,-23440.98096441,-17.94817974412,-3381.581509461
25,12.5,525,7.453948329749e-15,2.011411848028e-13,-2.106077964998e-14,-23926.6783568,-28.35928483299,-3365.260444573
25,12.5,526,8.087831026429e-15,2.054088570998e-13,-2.963594483888e-14,-23321.11961937,12.25290721821,-3427.929102772
25,12.5,527,8.361440210014e-15,2.015018502339e-13,-1.172363037435e-14,-23884.97134417,-90.40902107556,-3363.506429966
25,12.5,528,8.475080738706e-15,2.011587490949e-13,-1.665460254149e-14,-23956.22711951,-25.7380293669,-3355.612003794
25,12.5,529,7.407902275846e-15,1.99979263107e-13,-1.286272437948e-14,-23793.93696957,23.30723979476,-3337.047035616
25,12.5,530,7.984813618673e-15,2.019041847186e-13,-1.829953432235e-14,-24191.90316141,-50.29295869299,-3370.90720012
25,12.5,531,8.284949980045e-15,1.995166829479e-13,-3.223807553509e-14,-24132.16682906,66.10966133569,-3337.560967065
25,12.5,532,7.06662184706e-15,2.008029741146e-13,-2.220846653471e-14,-22880.36311937,4.594954550471,-3353.159247957
25,12.5,533,8.675208526413e-15,2.0375428127e-13,-1.69249583099e-14,-24972.12447667,25.16397890439,-3417.588855523
25,12.5,534,8.201704226523e-15,2.043447986436e-13,-3.004291221988e-14,-23959.09924087,1.188066214727,-3411.75273017
25,12.5,535,7.288155903033e-15,2.012881033173e-13,-2.179259271061e-14,-24003.80782818,-61.98279665682,-3358.756549624
25,12.5,536,8.377740725133e-15,2.028732814572e-13,-4.089610606881e-14,-24467.48223441,-19.4211449959,-3389.987848491
25,12.5,537,7.881070786732e-15,2.027646537409e-13,-4.353307663125e-14,-24922.92300127,-17.04687152622,-3384.082512696
25,12.5,538,7.892100512942e-15,2.034526931766e-13,-1.789701531303e-14,-23628.17307999,13.13801842859,-3402.509476731
25,12.5,539,8.09015653968e-15,2.034178969566e-13,-2.188304177878e-14,-24136.62044658,11.55649429872,-3411.908678793
25,12.5,540,7.952539234364e-15,2.036535671161e-13,-1.871638553587e-14,-23545.07494888,-6.506537707254,-3385.601855251
25,12.5,541,8.288657735789e-15,2.009902892309e-13,-1.580734626914e-14,-24300.60774278,9.354455100329,-3360.359395618
25,12.5,542,7.695327778997e-15,2.018731992204e-13,-3.451729553314e-14,-24738.25258547,4.478815485157,-3372.276800146
25,12.5,543,7.831664147337e-15,2.025279334779e-13,-2.402728231963e-14,-23216.57396723,-11.87685251266,-3376.351203155
25,12.5,544,8.089573096149e-15,2.023843368866e-13,-3.477530642519e-14,-23736.45434154,-22.77477139667,-3376.252241102
25,12.5,545,8.109866912964e-15,2.030796269108e-13,-1.675573412626e-14,-23545.55251776,44.67695186945,-3385.452049851
25,12.5,546,7.733115225026e-15,1.983684311678e-13,-2.109812984193e-14,-23900.42375798,-17.79761445894,-3316.90412675
25,12.5,547,8.267222214091e-15,2.025954170387e-13,-3.11101097182e-14,-24027.196087,15.34888949812,-3379.732277573
25,12.5,548,7.80074596484e-15,2.014347632903e-13,-3.066145042113e-14,-23460.69311472,47.04724907656,-3374.339640474
25,12.5,549,7.667829969089e-15,2.006329056911e-13,-2.189673874091e-14,-23406.22697942,15.83616119535,-3355.341143606
25,12.5,550,7.981494368933e-15,2.005778249378e-13,-6.789640341178e-15,-23542.69229664,28.31165720149,-3352.467150989
25,12.5,551,7.453603030276e-15,2.00928756437e-13,-3.290550095243e-14,-23892.54500278,-32.56646285142,-3356.695471445
25,12.5,552,7.914222135167e-15,2.005592264561e-13,-3.384775405121e-14,-25126.19374405,-81.34985115273,-3355.712587035
25,12.5,553,8.277618806294e-15,2.0185993923e-13,-3.223079829819e-14,-24315.57799875,8.7523775305,-3381.694911042
25,12.5,554,8.14516525511e-15,2.016320259187e-13,-2.293167925511e-14,-24470.22143304,36.81634576974,-3369.638364818
25,12.5,555,7.387434376539e-15,2.013549588994e-13,-3.126282420367e-14,-24721.21835062,-25.20131005772,-3367.457084972
25,12.5,556,8.438233986882e-15,2.028185512814e-13,-1.847689582906e-14,-23690.09396117,-0.5562370277508,-3392.886001018
25,12.5,557,8.41860399101e-15,2.016643945784e-13,-2.080403146465e-14,-24569.35307708,35.5412482135,-3366.910010428
25,12.5,558,7.73520411695e-15,2.0285645077e-13,-4.978456421943e-17,-24400.44849753,-51.72298097349,-3390.419352477
25,12.5,559,8.598742632062e-15,2.036082727414e-13,-1.92193221568e-14,-24332.51514992,36.6946428732,-3388.400901273
25,12.5,560,8.734558228247e-15,2.030796605747e-13,-1.547837571693e-14,-23841.34482977,51.57336630154,-3391.894471325
25,12.5,561,7.820211045176e-15,2.013097280876e-13,-7.988462215413e-15,-24039.23120925,-13.92712785735,-3369.922378995
25,12.5,562,8.139903635601e-15,2.013061604981e-13,-2.088034340678e-14,-23732.47461745,-27.9398436708,-3362.932332583
25,12.5,563,7.722754634658e-15,2.01967557812e-13,-2.993166684585e-14,-23973.41697399,-10.61195388455,-3367.931414029
25,12.5,564,7.895474539069e-15,2.015409532431e-13,-3.119447795166e-14,-24255.44478448,-25.91884082327,-3366.091917912
25,12.5,565,7.926072263365e-15,2.030194156525e-13,-2.652523820664e-14,-23502.33879209,-32.46615852574,-3384.482432645
25,12.5,566,7.879347576475e-15,2.042222580319e-13,-2.935047893067e-14,-23544.47724473,5.31311538751,-3415.53899244
25,12.5,567,7.817811466205e-15,2.007983875147e-13,-2.707183652501e-14,-23597.42641068,43.52432071134,-3355.244085023
25,12.5,568,7.521288996039e-15,2.002552512985e-13,-1.743736745555e-14,-23639.93934544,-35.01264986498,-3345.405228341
25,12.5,569,7.542209550253e-15,2.021189470961e-13,-1.845893958168e-14,-23256.33701136,-72.14296450171,-3373.462322042
25,12.5,570,7.344586761642e-15,2.011926769636e-13,-1.946081664548e-14,-24274.49197944,-3.948629050255,-3348.660149854
25,12.5,571,7.783298138283e-15,2.017309815455e-13,-1.855670487199e-14,-23743.88316418,18.02608290661,-3370.796624551
25,12.5,572,7.86316732596e-15,2.004905166032e-13,-1.148663537946e-14,-23760.28868964,56.10891734837,-3351.359338074
25,12.5,573,8.736730706556e-15,2.038828811886e-13,-1.569351230054e-14,-23929.62107376,50.40665833771,-3406.178602779
25,12.5,574,9.000833055663e-15,2.024235684321e-13,-2.092208133007e-14,-22963.0581996,2.694951993995,-3379.595871716
25,12.5,575,7.802850656728e-15,2.016313325695e-13,-3.014329426191e-14,-23871.87188396,67.47728608501,-3379.649427902
25,12.5,576,8.076156176755e-15,1.998971871414e-13,-2.793722847243e-14,-23784.46094236,-34.28291030434,-3343.640700474
25,12.5,577,7.643044531378e-15,2.00697534948e-13,-3.074470286265e-14,-23260.79124719,-42.97143950272,-3352.409239234
25,12.5,578,7.590655315691e-15,2.022210277162e-13,-1.726992232407e-14,-24118.24343907,-17.2957680557,-3374.732185271
25,12.5,579,7.733898265526e-15,2.00416776805e-13,-3.977433343479e-14,-25170.70020311,1.116648688306,-3361.020307704
25,12.5,580,7.685667075687e-15,2.009533898597e-13,-1.341866513993e-14,-22593.74824915,5.535685642578,-3367.747729706
25,12.5,581,7.974710019617e-15,2.039611787589e-13,-2.315957621543e-14,-22824.00818251,14.21047818562,-3416.914454306
25,12.5,582,8.425511507185e-15,2.011763043293e-13,-2.292453035312e-14,-23614.4849157,2.464672212009,-3359.952347397
25,12.5,583,7.509534198764e-15,2.019942628378e-13,-3.326519414915e-14,-24516.22353329,-8.270000551528,-3373.343909993
25,12.5,584,8.194399809122e-15,2.027507116513e-13,-1.338936995996e-14,-23567.17504099,14.23539825185,-3383.31927254
25,12.5,585,7.862337091028e-15,2.043407339721e-13,-1.815178866027e-14,-23715.19368299,11.57499560126,-3412.444171488
25,12.5,586,7.721925025734e-15,2.022541079273e-13,-2.126103989561e-14,-24481.35628218,17.21505958897,-3381.511528988
25,12.5,587,7.632498265508e-15,2.011303602304e-13,-2.389189443255e-14,-24110.50059675,28.45189229641,-3360.408525157
25,12.5,588,7.945799231645e-15,1.997705592526e-13,-4.004083119281e-14,-24402.86393141,5.205051844011,-3350.161107572
25,12.5,589,8.818609211085e-15,2.035074157768e-13,-1.825170746995e-14,-23609.02640649,27.44371585893,-3402.743046001
25,12.5,590,8.443988185075e-15,2.018112288761e-13,-1.927986817433e-14,-23849.18250431,30.80094529213,-3383.516233901
25,12.5,591,7.929384991015e-15,2.018248362611e-13,-2.159686172071e-14,-24222.13190809,26.74190680556,-3369.733768108
25,12.5,592,8.316890596694e-15,2.028561847384e-13,-2.517895825351e-14,-23676.96512623,11.36435236599,-3385.282265082
25,12.5,593,7.610392653442e-15,2.033799432506e-13,-1.428737630524e-14,-24062.6793634,-2.076291757902,-3389.862891183
25,12.5,594,8.047083634137e-15,2.031212170965e-13,-2.200219055608e-14,-24391.13097998,-17.31097562675,-3402.054993383
25,12.5,595,8.134782947764e-15,2.037975864744e-13,-2.984740539228e-14,-23724.09361489,14.96159753108,-3400.409858934
25,12.5,596,7.804548523691e-15,2.003792723735e-13,-1.683491429891e-14,-23823.55650398,29.88784186541,-3351.835785107
25,12.5,597,7.58458196921e-15,2.013996228437e-13,-1.547089634304e-14,-23474.74481468,-35.32852463004,-3374.759718541
25,12.5,598,7.547166867361e-15,2.024502768852e-13,-2.402013908392e-14,-25151.84325691,39.13894265676,-3384.453945573
25,12.5,599,7.881386084052e-15,2.020526131136e-13,-2.32003933121e-14,-23403.62130281,-51.315025225,-3368.577347042
25,12.5,600,7.945250247612e-15,2.015702432053e-13,-3.043243438036e-14,-23428.99247896,12.29176893553,-3378.328752939
25,12.5,601,8.078280102732e-15,2.016604086715e-13,-2.271242001856e-14,-24175.93927286,17.10822291311,-3373.834176117
25,12.5,602,7.334364533243e-15,2.025378735102e-13,-3.953488679575e-15,-23439.86009423,-0.4477976440827,-3387.523203465
25,12.5,603,7.997477778614e-15,2.024204838431e-13,-1.767648319704e-14,-23891.59572106,-19.37054058031,-3392.760513838
25,12.5,604,8.068545073082e-15,2.035577145847e-13,-1.587861091065e-14,-23706.00766831,-21.80283917455,-3392.960537642
25,12.5,605,8.076996259471e-15,2.038848412123e-13,-1.278223551138e-14,-23953.74599709,13.58232857236,-3401.822929125
25,12.5,606,7.905016525172e-15,2.017178473994e-13,-2.035606075723e-14,-23677.65483111,-31.1667548667,-3368.286162313
25,12.5,607,7.592149818344e-15,2.000146989838e-13,-1.48479979934e-14,-23172.23213172,-18.52152209603,-3343.02830516
25,12.5,608,7.84816423696e-15,2.038001222147e-13,-3.681306850303e-14,-24020.35106863,1.125760063058,-3401.007782154
25,12.5,609,7.397016101978e-15,2.033160139272e-13,-3.43234931192e-14,-24130.87319721,-37.52972116744,-3407.381723576
25,12.5,610,7.274339644342e-15,2.015405011797e-13,-3.505810125874e-14,-24241.56239686,-44.69908920127,-3372.128210644
25,12.5,611,7.093211025915e-15,2.015771763739e-13,-2.799392454467e-14,-23935.8039171,37.04569525916,-3359.574325784
25,12.5,612,8.360243840771e-15,2.008100051428e-13,-2.445439594761e-14,-24692.30897995,-15.07408741968,-3359.298987135
25,12.5,613,8.107744544827e-15,2.025491671868e-13,-2.436739108509e-14,-24139.59732329,14.51154032539,-3393.413487547
25,12.5,614,8.240780249769e-15,2.038160790315e-13,-3.617210933952e-14,-23976.95517424,-32.60920235367,-3399.259308929
25,12.5,615,8.184843530705e-15,2.016978388386e-13,-1.74653106226e-14,-23947.98934704,-4.44986355419,-3375.314096127
25,12.5,616,7.046051652155e-15,2.015421851934e-13,-3.240099337378e-14,-24438.789228,20.24683427393,-3364.394333141
25,12.5,617,7.435113112434e-15,2.016162900881e-13,-2.450027308302e-14,-24161.54323788,50.89047591982,-3359.596091423
25,12.5,618,8.502904282401e-15,2.013555634519e-13,-1.707241168626e-14,-23828.25028417,20.48572405689,-3359.139947391
25,12.5,619,7.881265138057e-15,2.017201406809e-13,-2.719976662411e-14,-23800.37203259,14.78138848689,-3372.098087498
25,12.5,620,7.945378301927e-15,2.037914534865e-13,-1.802586258401e-14,-24022.62438368,-15.38958930828,-3403.124630229
25,12.5,621,7.25226209205e-15,2.034027659254e-13,-2.224308940729e-14,-23698.35368357,21.30485478883,-3397.406211675
25,12.5,622,7.665657629229e-15,2.015694207171e-13,-2.218220279359e-14,-23183.74002726,1.098865152035,-3366.124128295
25,12.5,623,8.056246284232e-15,2.042593403231e-13,-3.66038373078e-14,-24030.94034968,-45.37839562624,-3400.468957192
25,12.5,624,7.532784293218e-15,2.010035862117e-13,-4.541589385413e-15,-24152.83673846,54.65200395353,-3357.447986521
25,12.5,625,7.936845529855e-15,2.022223492742e-13,-2.869806091031e-14,-24690.82186617,-13.68006850091,-3373.285617265
25,12.5,626,7.568233891257e-15,2.010703371174e-13,-3.713653753179e-14,-24503.49095116,-27.56311004596,-3360.017771874
25,12.5,627,8.244101703038e-15,2.015121251311e-13,-1.325107852108e-14,-24195.33724449,-8.61062657446,-3376.056054986
25,12.5,628,7.919425703124e-15,2.019940422545e-13,-5.825247788145e-15,-23833.7669629,22.09126335232,-3386.737285406
25,12.5,629,6.985569404889e-15,2.006215672924e-13,-2.746796887393e-14,-24630.52394119,-0.6391869461168,-3351.50569211
25,12.5,630,7.887286650433e-15,2.010710537189e-13,-2.275729730108e-14,-23700.44348432,-23.73388972034,-3357.147343017
25,12.5,631,8.056673530524e-15,1.999455828907e-13,2.823802725029e-16,-23525.38713536,26.4652122293,-3346.652941646
25,12.5,632,8.102608144785e-15,2.0277596218e-13,-1.608896990341e-14,-24515.15230368,-2.071864186714,-3390.05923864
25,12.5,633,8.59987318388e-15,2.040026777881e-13,-2.983387598617e-14,-23637.36144604,-9.76203464624,-3402.987210179
25,12.5,634,7.990095902857e-15,1.98952575797e-13,-2.638301846935e-14,-24106.90247068,-36.94345264258,-3328.664710186
25,12.5,635,8.556731478886e-15,2.051545856089e-13,-3.766694407226e-14,-23606.3954317,-11.32453278545,-3420.270871773
25,12.5,636,7.786392940173e-15,2.006036179011e-13,-2.087551429677e-14,-24080.25508162,29.6897912665,-3362.373194122
25,12.5,637,8.465003792816e-15,2.045474964113e-13,-3.857333595439e-14,-23778.23749112,-17.07415839967,-3411.88443061
25,12.5,638,7.923158008593e-15,2.030995004068e-13,-1.28960491665e-14,-23786.29465716,3.127815885086,-3387.184916086
25,12.5,639,7.809270175252e-15,2.013345668444e-13,-1.240586209202e-14,-23371.5773743,44.15322284873,-3358.529652837
25,12.5,640,7.423880069199e-15,2.019738546746e-13,-3.816911014329e-14,-24912.44125558,-2.252225921492,-3372.737874003
25,12.5,641,8.300228711791e-15,1.998885566575e-13,-2.644960628375e-14,-23605.55639147,13.186777721,-3339.864406289
25,12.5,642,8.486438268012e-15,2.011258469641e-13,-2.541601990983e-14,-23311.51115141,11.46160407711,-3371.236828622
25,12.5,643,7.656396842396e-15,2.03948483545e-13,-1.429404577361e-14,-23903.9340146,22.26458853065,-3396.703869994
25,12.5,644,7.615419071633e-15,2.023468024955e-13,-2.07394626461e-14,-23984.82823931,-16.40919806921,-3378.935065156
25,12.5,645,8.054304445903e-15,2.012133977581e-13,-1.900832108889e-14,-23283.33490812,28.08130031207,-3371.439927257
25,12.5,646,7.507682246178e-15,2.036905665806e-13,-1.367882313605e-14,-24242.67963297,46.236082051,-3398.223825865
25,12.5,647,8.39729047534e-15,1.999720336568e-13,-1.443035209131e-14,-23827.4005044,-5.430760094382,-3345.99710905
25,12.5,648,7.593892386963e-15,2.01578654448e-13,-3.958946773869e-14,-25023.01305397,4.272458791221,-3363.758007102
25,12.5,649,7.915748767971e-15,2.022153983886e-13,-3.170481233469e-14,-23992.8186271,-1.12035225628,-3379.450434284
25,12.5,650,8.183151680351e-15,2.018214736431e-13,-2.468144012038e-14,-24382.43985999,-13.48540018245,-3372.546617416
25,12.5,651,7.799951528455e-15,2.014244931852e-13,-2.337009984829e-14,-24732.57141293,58.56644318377,-3365.744642489
25,12.5,652,7.443430745274e-15,2.020930779645e-13,-2.128667541728e-14,-23828.45186362,-3.513910295201,-3371.748832685
25,12.5,653,7.734806516235e-15,2.021036015503e-13,-1.628475384133e-14,-23734.20806991,27.26233720181,-3367.710845158
25,12.5,654,7.917386573071e-15,2.021096992294e-13,-3.996478690091e-15,-23933.67949563,6.176205011474,-3377.315084968
25,12.5,655,7.85313652881e-15,2.021522589766e-13,-1.177990285103e-14,-23990.5539047,-11.23905955472,-3380.210448507
25,12.5,656,7.220583049013e-15,2.01941246486e-13,-3.35480020576e-14,-23920.45631062,-23.83706244854,-3373.706972075
25,12.5,657,8.361538684285e-15,2.042959978457e-13,-2.369873758898e-14,-23768.62548561,4.08481705469,-3407.282052685
25,12.5,658,6.727659860153e-15,2.014161712206e-13,-2.46043646073e-14,-22308.14979323,2.522567664458,-3355.381738645
25,12.5,659,7.124899598334e-15,2.035421357183e-13,-2.490510951452e-14,-24134.16166671,-43.88753215935,-3397.890779207
25,12.5,660,7.251802854725e-15,2.029261981967e-13,-2.64985130057e-14,-24844.13352785,-14.31385930725,-3391.374185402
25,12.5,661,7.421539773497e-15,2.027021197739e-13,-2.163134396211e-14,-24084.38298539,-42.27264808872,-3383.569914375
25,12.5,662,8.154206031515e-15,2.019763701777e-13,-1.232051551109e-14,-23865.89410262,-32.28306718564,-3374.950773641
25,12.5,663,8.372070514263e-15,2.041150916836e-13,-2.148823179538e-14,-23734.81880224,-1.47598858111,-3404.02306085
25,12.5,664,7.987200038132e-15,2.012463757259e-13,1.174333396196e-15,-24461.60707613,-14.78684440899,-3362.412870893
25,12.5,665,8.187470273639e-15,2.03335728128e-13,-1.954008689717e-14,-23504.00765352,35.8328494634,-3401.604725115
25,12.5,666,7.483207464269e-15,2.012752905633e-13,-2.42048219515e-14,-23755.15973576,18.12927043026,-3364.330637615
25,12.5,667,8.190440068325e-15,2.023259616275e-13,-1.472955917404e-14,-23195.46744354,48.66692539809,-3367.932713435
25,12.5,668,7.393731589333e-15,2.006489057064e-13,-2.193502748752e-14,-23895.57731791,-10.87883837999,-3347.541764536
25,12.5,669,8.439196827512e-15,2.037194711278e-13,-2.353364297929e-14,-23424.18209855,-49.93178189426,-3400.448066798
25,12.5,670,8.172398266541e-15,2.012238809793e-13,-1.632999032307e-14,-23058.0819944,-21.15680235315,-3357.219126322
25,12.5,671,8.553612423729e-15,2.036431462252e-13,-1.782167404018e-14,-23755.36280952,1.668399286477,-3400.392500283
25,12.5,672,8.213685900614e-15,2.03656404206e-13,-3.31786144463e-14,-24142.70427653,39.19151237291,-3392.843994796
25,12.5,673,7.762011684242e-15,2.012338598175e-13,-1.668441967032e-14,-23353.52900376,17.31543306314,-3361.841567017
25,12.5,674,7.8839557815e-15,1.990307778542e-13,-1.298098781347e-14,-23757.56410262,-0.6554764373601,-3332.231318442
25,12.5,675,8.110058851458e-15,2.022906404866e-13,-2.718940151789e-14,-23165.63974765,9.701970588885,-3385.369104254
25,12.5,676,7.117411959305e-15,1.9968722316e-13,-2.153477762833e-14,-24677.14112926,-27.07570300503,-3335.471148786
25,12.5,677,7.896337125857e-15,2.010811542515e-13,-2.341655487575e-14,-24213.4199124,-29.92989588626,-3368.651686809
25,12.5,678,7.957466414912e-15,2.01901708202e-13,-2.167723584991e-14,-24347.07491865,-9.934198413543,-3376.346553318
25,12.5,679,7.775736946094e-15,2.020517226544e-13,-1.350319946026e-14,-23163.99228634,-35.40529232456,-3375.675444419
25,12.5,680,8.076795095952e-15,2.018661881198e-13,-3.529852482773e-14,-23328.27007171,23.57448320796,-3356.01465944
25,12.5,681,7.405470021194e-15,2.006013252009e-13,-3.619365220036e-14,-23869.56699905,23.42874469678,-3354.571168869
25,12.5,682,8.336205593064e-15,2.020384682099e-13,-3.677567689626e-14,-23624.91074182,5.986935099185,-3366.630851052
25,12.5,683,8.375990073767e-15,2.041588705495e-13,-3.606452681804e-14,-24018.94839593,-56.09667918385,-3402.538683625
25,12.5,684,6.596369388144e-15,2.007875290139e-13,-2.597975291022e-14,-23708.63199641,26.06543261701,-3353.282051353
25,12.5,685,7.804403995601e-15,2.01846570166e-13,-2.020571842793e-14,-23856.53942652,-6.16304974427,-3366.565413455
25,12.5,686,8.067753351773e-15,2.019684492805e-13,-1.773291552956e-14,-23693.98080796,27.31643704883,-3383.713701888
25,12.5,687,7.991434499846e-15,2.020591646519e-13,-2.23653956168e-14,-24895.31619257,-19.2569786854,-3375.765499311
25,12.5,688,7.737123695888e-15,2.02394150973e-13,-4.346593579181e-14,-24293.564903,-21.936930551,-3377.301347473
25,12.5,689,7.968186052503e-15,2.017313123139e-13,-2.930450489037e-14,-23923.30383167,6.39183931372,-3361.409532326
25,12.5,690,8.388766931836e-15,2.039787606875e-13,-1.518096401851e-14,-23913.06722498,8.008655783985,-3415.206943694
25,12.5,691,7.857763785774e-15,2.029780752317e-13,-1.934664399391e-14,-23441.81569259,-14.44156087132,-3395.791321907
25,12.5,692,7.557012252836e-15,2.013106180888e-13,-1.67818782715e-14,-24496.55457229,22.71559885956,-3364.355184062
25,12.5,693,7.735892561567e-15,2.020814362525e-13,-1.255455240719e-14,-23098.67201006,-30.16414355591,-3362.182481358
25,12.5,694,7.478826478038e-15,2.002743465339e-13,-2.358060969885e-14,-24048.4297731,27.25747032423,-3348.693820145
25,12.5,695,8.485340155451e-15,2.02472063615e-13,-1.27741209995e-14,-24029.97551809,3.824789279717,-3383.632088519
25,12.5,696,7.900454474458e-15,2.042016808675e-13,-2.06489816283e-14,-23369.90252474,78.74693952591,-3416.397009031
25,12.5,697,8.477990401205e-15,2.046763405237e-13,-1.11980612156e-14,-23709.85857134,52.65420263825,-3417.137933506
25,12.5,698,8.458129618131e-15,2.031734755357e-13,-1.645253248717e-14,-22984.31940957,2.901648307229,-3393.093705394
25,12.5,699,8.057461152294e-15,2.026261113218e-13,-1.706818495916e-14,-23172.22748367,36.58898576174,-3390.762794105
25,12.5,700,7.687592196946e-15,2.012341794912e-13,-2.733814150834e-14,-24190.85616736,26.72560457698,-3372.549326611
25,12.5,701,7.798700174658e-15,2.009220947916e-13,-2.484014131669e-14,-23716.24124564,23.05833152621,-3352.075499889
25,12.5,702,7.989212388938e-15,2.001933057607e-13,-5.318573539146e-14,-25332.36973931,-45.36747686833,-3341.227849766
25,12.5,703,7.51283847882e-15,2.009816687351e-13,-2.980240239345e-15,-24065.50423822,16.8659192786,-3353.807762118
25,12.5,704,8.390283127384e-15,2.042307780392e-13,-2.86240863794e-14,-23889.62849717,-39.9023827411,-3405.748576837
25,12.5,705,8.020291994911e-15,2.018107390394e-13,-2.77149169207e-14,-24647.56578577,-16.42187813153,-3372.307361705
25,12.5,706,7.865639816307e-15,2.023919478103e-13,-1.487016248819e-14,-23616.18156778,-46.34066840358,-3390.045977564
25,12.5,707,8.157570961888e-15,2.037711896839e-13,-1.88307395407e-14,-23964.35426959,4.435421360946,-3408.435880192
25,12.5,708,8.067400482015e-15,2.012573198278e-13,-1.011947552649e-14,-23538.37441275,5.200754922158,-3372.002206768
25,12.5,709,7.441510059119e-15,2.03078404793e-13,-1.618563672536e-14,-23746.61291955,22.32567890538,-3392.698419636
25,12.5,710,7.350550493977e-15,1.99765581007e-13,-2.171651585569e-14,-24332.52508284,36.88533929901,-3336.156620632
25,12.5,711,7.457454981605e-15,2.014610759198e-13,-2.572134819705e-14,-24500.55647112,-75.77200275486,-3364.768066732
25,12.5,712,7.481356756637e-15,2.011251877184e-13,-3.668226490607e-14,-23441.12494948,-55.92128651361,-3363.613454441
25,12.5,713,8.183569769188e-15,2.028289128874e-13,-8.696247151237e-15,-23778.34124045,11.09034112433,-3385.451288573
25,12.5,714,7.535996351367e-15,2.02349253959e-13,-1.464338481576e-14,-22861.71569141,-39.46674725612,-3384.200649117
25,12.5,715,7.907929643974e-15,2.031268234299e-13,-2.531404134772e-14,-23612.35899227,19.81300887158,-3392.33277001
25,12.5,716,8.301571860768e-15,2.029682883687e-13,-2.521941028811e-14,-23489.46833873,-22.62069173171,-3395.205390439
25,12.5,717,7.733692396072e-15,2.025290142744e-13,-2.722768124759e-14,-23733.39591717,13.63926936371,-3388.870871385
25,12.5,718,8.20395581179e-15,1.988267777309e-13,-3.641909930207e-14,-22748.41541951,-10.17222920403,-3320.184652086
25,12.5,719,6.989755729167e-15,2.006590066827e-13,-1.606141623e-14,-23563.10362786,18.14007087621,-3355.358422455
25,12.5,720,8.1104707877e-15,2.041692128413e-13,-2.44533365601e-14,-24197.94147086,-18.41252341194,-3403.496031636
25,12.5,721,7.991160222316e-15,2.02434104757e-13,-1.761794664219e-14,-23759.17187493,-5.210996495151,-3384.311269462
25,12.5,722,7.659333981231e-15,2.01299206538e-13,-1.37057177089e-14,-24310.8992068,-42.43454712556,-3362.993096336
25,12.5,723,8.500416837225e-15,2.029821984713e-13,-8.656305875708e-15,-23863.25488342,9.491746934681,-3401.13012951
25,12.5,724,7.527416519699e-15,2.015537609389e-13,-1.763477857711e-14,-23748.50989283,-25.97204528544,-3363.523397936
25,12.5,725,8.108122237455e-15,2.012139836424e-13,-2.763542948689e-14,-23704.87987485,-42.41850518436,-3358.313123968
25,12.5,726,8.106244054883e-15,2.022287860695e-13,-5.316204592015e-14,-24011.81594232,-9.900962254637,-3387.734039603
25,12.5,727,7.224952630625e-15,2.036992712015e-13,-2.787905168886e-14,-23975.47650113,-28.89099488842,-3403.077171572
25,12.5,728,8.04237539652e-15,2.02063405752e-13,-1.894108907427e-14,-23666.64600259,-29.56252806527,-3384.280555168
25,12.5,729,7.570766401633e-15,2.032286308879e-13,-2.051437338167e-14,-22222.81826981,-23.26224214217,-3391.422014241
25,12.5,730,8.278916368088e-15,2.017869952685e-13,-2.962048925138e-14,-23633.81466571,21.44677008063,-3376.07893993
25,12.5,731,7.90306202284e-15,2.033743644384e-13,-2.618605935409e-14,-24538.11218298,9.885301583369,-3401.825719986
25,12.5,732,7.545746485599e-15,2.018883644762e-13,-1.282094917848e-14,-23450.43293559,-18.70469289233,-3386.609087481
25,12.5,733,8.275869419975e-15,2.033472289817e-13,-1.790943646314e-14,-23335.99997767,24.72147987065,-3383.658754257
25,12.5,734,7.685207387064e-15,2.006925810375e-13,-8.792934517738e-15,-23464.87859526,20.63054080501,-3353.788495244
25,12.5,735,8.143396751139e-15,2.028422168146e-13,-2.194841061338e-14,-22973.60578071,-10.85685347941,-3386.477212762
25,12.5,736,8.572207030393e-15,2.028488454388e-13,-1.682591330712e-14,-23416.09486784,-14.29791806733,-3396.715111574
25,12.5,737,8.332556238924e-15,2.012276460864e-13,-1.571095762695e-14,-24105.56059341,0.6035345424441,-3369.338828964
25,12.5,738,7.851559620783e-15,2.006184018912e-13,-3.30327088266e-15,-23620.45730803,16.02423564528,-3362.38690899
25,12.5,739,7.958552936571e-15,2.034202692218e-13,-2.784407954082e-14,-23988.62013666,32.00564173184,-3388.124321605
25,12.5,740,7.453186183902e-15,2.020872548481e-13,-2.51057704826e-14,-24035.24181752,45.72741292715,-3367.871742539
25,12.5,741,7.716447778452e-15,2.008668785715e-13,-1.211702185549e-14,-24280.24597956,60.23811612341,-3350.818069477
25,12.5,742,8.185713146221e-15,2.014315464341e-13,-2.261082278934e-15,-24683.80181637,51.10381512794,-3370.212517514
25,12.5,743,8.064106264059e-15,2.039045916369e-13,-1.542883379994e-14,-23737.88324965,-6.643607287953,-3402.623558401
25,12.5,744,6.911988017451e-15,2.026402383269e-13,-2.60843381921e-14,-22993.87536759,44.23527963566,-3392.100606796
25,12.5,745,7.814680508802e-15,2.016350285731e-13,-1.903059360725e-14,-23184.82268202,33.30212283186,-3372.970243394
25,12.5,746,8.433864492489e-15,2.035250152169e-13,-2.885288705371e-14,-23716.11142506,50.56522492688,-3406.644069289
25,12.5,747,7.845842658723e-15,2.032127580144e-13,-3.285473776258e-14,-23256.96741618,1.122485466359,-3396.272649016
25,12.5,748,7.948055793156e-15,2.007699778682e-13,-1.438281036381e-14,-23615.98473634,-1.930176589706,-3357.515047393
25,12.5,749,7.877279974151e-15,2.016886659672e-13,-2.797850673688e-14,-23738.73483625,11.29229794329,-3367.99457151
25,12.5,750,8.007409002013e-15,2.034640353483e-13,-3.173241705157e-14,-24353.7433845,-11.03005450915,-3397.935219112
25,12.5,751,7.993750893431e-15,2.020588418734e-13,-1.656180906679e-14,-23923.23071672,1.325123547026,-3378.912001926
25,12.5,752,7.965324208301e-15,2.018505460249e-13,-2.54443575805e-14,-24597.88807811,7.235399876153,-3361.651517053
25,12.5,753,7.980426283244e-15,2.015430600124e-13,-2.012764445359e-14,-23983.98359993,-16.99053558577,-3370.06906182
25,12.5,754,8.365022638556e-15,2.010487519567e-13,-3.793923306416e-14,-24107.82760085,-12.74367020833,-3364.215719397
25,12.5,755,7.928176367671e-15,2.036207265978e-13,-5.28947272193e-15,-23161.91757023,-0.3179775047678,-3403.035769471
25,12.5,756,8.137716268327e-15,2.025905908201e-13,-3.541948780719e-14,-24280.19978125,-54.68670964945,-3387.433988436
25,12.5,757,7.195671608335e-15,2.011155109119e-13,-3.023319046198e-14,-24306.45624609,-10.62716181525,-3363.90556089
25,12.5,758,7.465562691261e-15,2.038535843015e-13,-2.437733466793e-14,-24021.62689473,22.2799135651,-3391.563581803
25,12.5,759,8.065996186564e-15,2.01439156016e-13,-2.490655848034e-14,-24216.45105274,-6.421454765639,-3373.095858918
25,12.5,760,7.607001527192e-15,2.035796706434e-13,-3.200545037384e-14,-24498.55323213,33.79455090833,-3400.117351078
25,12.5,761,7.644429237497e-15,2.001318416854e-13,-1.817344428296e-14,-24691.99858016,25.47500763302,-3350.291443385
25,12.5,762,8.001420980631e-15,2.015856877712e-13,-1.915302333968e-14,-23881.76349942,7.853414001458,-3371.626143342
25,12.5,763,7.774848077672e-15,2.028512352624e-13,-1.4949840456e-14,-24284.83989649,42.74332644506,-3387.198109221
25,12.5,764,8.030197718633e-15,2.019770755339e-13,-1.685334209464e-14,-24915.41483824,-0.06450105352259,-3374.243333932
25,12.5,765,7.136286751885e-15,2.019228651174e-13,-5.250727795062e-17,-23962.65386807,8.433781378039,-3380.824575223
25,12.5,766,7.867211383194e-15,2.043864000793e-13,-3.373288576939e-14,-24200.14412363,50.5944585499,-3410.648275475
25,12.5,767,8.167326717473e-15,2.021088583897e-13,-1.210376792234e-14,-23771.44182389,-28.63786412665,-3376.974004582
25,12.5,768,7.516289616345e-15,1.999461894968e-13,-3.2712145031e-14,-24750.10577249,-16.57742794967,-3335.057997684
25,12.5,769,7.947221203831e-15,2.02814512543e-13,-1.266987642456e-14,-22980.17087596,37.28502045564,-3392.149289548
25,12.5,770,7.48022232327e-15,2.014673284106e-13,-3.446521884687e-14,-23839.53232816,-25.91304977726,-3365.784162141
25,12.5,771,8.106237236575e-15,2.03780933884e-13,-3.565366616925e-14,-24632.72321816,6.004325927963,-3405.173971031
25,12.5,772,8.191746137198e-15,2.021013403479e-13,-3.318165229848e-14,-24028.99726689,-0.2008590593399,-3380.644624152
25,12.5,773,7.591413461139e-15,2.020676284551e-13,-3.824052376713e-14,-24435.74114039,-6.483667078851,-3385.86260147
25,12.5,774,8.117825460687e-15,2.033593552897e-13,-2.267712110206e-14,-24583.16570847,-2.756307817155,-3395.906867565
25,12.5,775,7.87199760409e-15,2.015595312789e-13,-2.084273639166e-14,-23750.04974194,10.39437400094,-3381.470704834
25,12.5,776,8.603114291895e-15,1.999672283416e-13,-1.608667912328e-14,-23566.95047303,-19.32970646686,-3346.948131709
25,12.5,777,8.012262780889e-15,2.023716022898e-13,-3.166282766486e-14,-24258.79742666,-1.90913357678,-3384.047688242
25,12.5,778,7.619162492648e-15,2.037104157315e-13,-2.421854746606e-15,-23497.46398619,-13.29854901106,-3400.432799769
25,12.5,779,7.448095027792e-15,2.018872084438e-13,-9.780510099663e-15,-24400.74966028,25.48925642142,-3363.344610845
25,12.5,780,7.843061890361e-15,2.031370770714e-13,-1.828059057648e-14,-22849.3068936,-2.131032240149,-3389.379169281
25,12.5,781,8.086812653344e-15,2.040499727687e-13,-2.908355286212e-14,-24545.08591815,-41.23053039426,-3410.959149411
25,12.5,782,7.343730886968e-15,2.036113155503e-13,-2.477344297603e-14,-23731.56020892,10.63259782185,-3398.864665108
25,12.5,783,7.952034645791e-15,1.996007232388e-13,-1.945022771496e-14,-23436.32514714,-61.55204693678,-3345.521704835
25,12.5,784,7.718105616586e-15,2.015897651872e-13,-2.36542450335e-14,-23983.24411832,38.5143879061,-3368.291004672
25,12.5,785,7.901208160078e-15,2.037836218647e-13,-3.122091102401e-14,-24224.01546186,-56.08399647565,-3400.684741662
25,12.5,786,8.262903355407e-15,2.022208870436e-13,-1.594276750952e-14,-23583.88798173,-59.44569972525,-3377.112181682
25,12.5,787,7.913629492668e-15,2.019817524946e-13,-4.188688848028e-14,-24356.19154522,14.0245051846,-3371.97187385
25,12.5,788,8.056815976137e-15,2.022269964884e-13,-2.539756594016e-14,-23183.20038221,-27.39095376554,-3364.450375787
25,12.5,789,8.180612900884e-15,2.022980125295e-13,-2.452089363658e-14,-23723.49559609,-3.403880609619,-3378.108786248
25,12.5,790,8.19525803347e-15,2.040751392947e-13,-3.452729876101e-14,-24466.90869643,1.383496585449,-3397.784018845
25,12.5,791,8.340450857189e-15,2.021193804009e-13,-1.821318019866e-14,-23604.88475509,76.91016645436,-3382.856614258
25,12.5,792,8.3594096786e-15,2.00734542327e-13,-1.941479056339e-14,-23877.66057797,-9.082284811218,-3363.53306102
25,12.5,793,7.807791721033e-15,2.010813868506e-13,-2.947202170839e-14,-23952.96448352,25.19714086776,-3368.656009274
25,12.5,794,8.180570069263e-15,2.034152283232e-13,-2.150205913303e-14,-24267.5530574,-36.17495408568,-3396.15031719
25,12.5,795,8.409338191758e-15,2.047123465251e-13,-2.907786122998e-14,-24442.62748436,13.62962680529,-3409.088484058
25,12.5,796,7.829847810103e-15,2.030101472472e-13,-1.749465805166e-14,-23736.57044359,64.737237953,-3393.63386298
25,12.5,797,8.394933772677e-15,2.037582504031e-13,-2.36010180021e-14,-23122.12016859,8.348551240936,-3400.961315993
25,12.5,798,7.501887046702e-15,2.005239268192e-13,-3.01751116625e-14,-24033.12829407,35.3374246541,-3353.027780639
25,12.5,799,8.02666987314e-15,2.023570010037e-13,-2.026985159532e-14,-23760.20779989,-22.8226520276,-3379.29940453
25,12.5,800,7.163804413251e-15,2.056500333845e-13,-3.361287847092e-14,-24248.9303974,31.42592925222,-3424.209853001
25,12.5,801,8.669939491855e-15,2.036931104625e-13,-2.282815544934e-14,-24777.25490024,-5.957092980987,-3401.275949359
25,12.5,802,8.731356450085e-15,2.02338215744e-13,-3.542493699662e-14,-23295.39318236,-1.072888674591,-3363.776651607
25,12.5,803,7.371371061418e-15,2.014993931769e-13,-1.471393301433e-14,-23634.07738891,-24.86366878824,-3367.112612679
25,12.5,804,7.976531525215e-15,2.018832628367e-13,-3.511788875868e-14,-22625.30560035,-55.15515604162,-3373.12781059
25,12.5,805,7.138477421002e-15,2.022405095694e-13,-2.495231071392e-14,-22721.61466609,-38.19710339319,-3382.442329984
25,12.5,806,7.799271301675e-15,2.035445549883e-13,-4.576138902157e-14,-23756.258209,-17.12718644695,-3394.481225807
25,12.5,807,7.486236594968e-15,2.018924880867e-13,-3.302172840197e-14,-23423.67567529,-68.9260179866,-3375.89030653
25,12.5,808,8.47198931525e-15,2.019734638559e-13,2.650129429578e-16,-23369.14611929,45.15078242433,-3369.250042502
25,12.5,809,7.046622164327e-15,2.02695059804e-13,-8.460076859595e-15,-24201.58625059,42.89622354867,-3396.697490088
25,12.5,810,8.058476801164e-15,1.994396184192e-13,-2.976801751647e-14,-23721.85085723,31.25073336013,-3334.58409271
25,12.5,811,8.002823631595e-15,2.010766671804e-13,-2.572758587843e-14,-23910.14581305,32.72735651239,-3357.523075565
25,12.5,812,7.778486324574e-15,2.024054186324e-13,-1.623175416865e-14,-23713.08145882,-42.74477605242,-3371.941171044
25,12.5,813,8.03964679548e-15,2.021230539044e-13,-1.555167628373e-14,-22848.78089982,62.41812183163,-3382.712347809
25,12.5,814,8.060342979709e-15,2.031788944715e-13,-1.44654516993e-14,-25058.45870771,41.74101460595,-3394.71274395
25,12.5,815,8.278799006318e-15,2.023661299876e-13,-1.223584289135e-14,-23491.54443824,-20.44395740804,-3389.140731187
25,12.5,816,7.914579461906e-15,2.016375409796e-13,-2.899554999829e-14,-24200.77097043,-41.56780267403,-3362.281812098
25,12.5,817,7.683106016353e-15,2.03869254026e-13,-1.631198332017e-14,-23936.3154534,8.910444949062,-3402.587441109
25,12.5,818,7.511838950409e-15,2.007382599372e-13,-1.731589626118e-14,-24421.97604244,-10.90511172107,-3351.336419633
25,12.5,819,7.431422413578e-15,2.031930731263e-13,-3.62368622309e-14,-23953.91051969,0.1378058004771,-3385.340751711
25,12.5,820,7.964965580615e-15,2.012337395682e-13,-3.432097615839e-14,-24114.21435688,17.65990348232,-3369.49090555
25,12.5,821,8.698729564824e-15,2.042701239785e-13,-3.73470693489e-14,-23326.07740616,1.078887563659,-3401.073798614
25,12.5,822,8.21533316027e-15,2.037408932274e-13,-1.541939869068e-14,-24742.17429621,-10.52162980591,-3399.260366008
25,12.5,823,7.470380156275e-15,2.020898983297e-13,-2.594149064972e-14,-22633.4476092,20.59602359738,-3375.948211929
25,12.5,824,7.777854569009e-15,2.030218917061e-13,-2.809502301125e-14,-23693.08468083,-49.84486823247,-3395.127733179
25,12.5,825,8.168422967678e-15,2.031690778224e-13,-2.066017001851e-14,-23722.79393686,-23.52749838478,-3391.962713159
25,12.5,826,7.31452705513e-15,2.012211284911e-13,-1.690203404017e-14,-23229.53277164,21.40472038708,-3362.294630483
25,12.5,827,7.299367544457e-15,2.036660108526e-13,-3.055597243917e-14,-23835.08717138,-22.62184485139,-3390.619561969
25,12.5,828,7.97600416684e-15,2.033761055669e-13,-2.912763143307e-14,-24840.65300063,35.01632943066,-3386.585602641
25,12.5,829,8.067892379327e-15,2.008296402106e-13,-3.996195660651e-14,-23523.96579553,-18.51850156603,-3356.926678099
25,12.5,830,7.793600466094e-15,1.998512289942e-13,-1.176396287289e-14,-24314.69135832,-25.7089825407,-3346.802400216
25,12.5,831,8.079563968233e-15,2.005317475025e-13,-1.409984432208e-14,-23609.13419307,62.54914527251,-3353.276614844
25,12.5,832,8.536855684679e-15,2.03327232089e-13,-3.013717371171e-14,-23660.32995087,-58.26730449616,-3393.392542245
25,12.5,833,7.909900621984e-15,2.018226995258e-13,4.749196338777e-15,-22804.66839163,6.499094651354,-3373.02933887
25,12.5,834,7.823110597901e-15,2.033044482365e-13,-3.704791997557e-14,-23774.15845585,12.10702195226,-3404.871675882
25,12.5,835,7.981855297069e-15,2.006680099637e-13,-2.605312008414e-14,-23896.14653439,71.97133366718,-3352.204543218
25,12.5,836,7.575212418763e-15,2.00415011495e-13,-1.071973956689e-14,-23407.69714029,14.20390657272,-3359.93778257
25,12.5,837,7.827019624624e-15,2.040903786011e-13,-1.732208849661e-14,-23747.32038681,-29.43808281232,-3399.830212271
25,12.5,838,7.918013616707e-15,2.017094489001e-13,-2.134837420363e-14,-23582.03643212,4.60504707861,-3367.847608214
25,12.5,839,8.437022187592e-15,2.034986980152e-13,-2.479301963917e-14,-23341.84382986,-5.97402006548,-3393.934285101
25,12.5,840,8.029817865752e-15,2.02227690571e-13,-2.30435893584e-14,-24561.4662655,-17.73078855588,-3378.292444462
25,12.5,841,8.196398729702e-15,2.023144813135e-13,-1.179571618598e-14,-23941.01184858,6.898956397374,-3375.523313033
25,12.5,842,7.172225773837e-15,2.003989749804e-13,-2.59872051642e-14,-24363.55730306,0.5237157327321,-3346.039462502
25,12.5,843,8.371045749918e-15,2.032793053933e-13,-9.646261929096e-15,-23688.04937537,-19.92172615004,-3390.904247086
25,12.5,844,7.620799352539e-15,1.998057129959e-13,-2.93509345948e-14,-23798.66896971,-3.912860853106,-3340.842758862
25,12.5,845,8.175217860996e-15,2.057699486531e-13,-3.869655024859e-15,-23385.45993261,13.06674289214,-3448.898329853
25,12.5,846,7.733153815674e-15,2.036387917776e-13,-1.538604277764e-14,-24765.73029585,-0.04495426817306,-3406.02826807
25,12.5,847,7.8616432359e-15,2.029845051313e-13,-9.646853185436e-15,-23879.25449066,54.97172106046,-3405.825673282
25,12.5,848,7.374173270834e-15,2.016980525085e-13,-3.593204725407e-14,-24179.89398666,-25.971810965,-3370.386362962
25,12.5,849,8.201039936117e-15,2.035750173174e-13,-2.525557985026e-14,-23756.47161058,-22.9688526566,-3395.345127979
25,12.5,850,7.790824456605e-15,2.003026917242e-13,-1.266201247685e-14,-24178.12517439,5.505717217565,-3343.949913552
25,12.5,851,7.756729160018e-15,2.017115636532e-13,-1.722747912881e-14,-23192.13977453,-8.824858911737,-3366.941975982
25,12.5,852,8.029983542351e-15,2.006743396092e-13,-2.948576179412e-14,-23934.52412291,-6.074745630345,-3358.46632867
25,12.5,853,7.313738714335e-15,1.989989310477e-13,-8.163414333303e-15,-23474.10165662,47.463867767,-3321.114383432
25,12.5,854,8.692755368362e-15,2.013926945183e-13,-3.099799211098e-14,-24783.16810936,-12.25581674934,-3376.636865129
25,12.5,855,7.963587177571e-15,2.029433704914e-13,-2.324076406867e-14,-24016.38006042,-2.959201666183,-3396.607307644
25,12.5,856,8.087533434417e-15,2.006530952338e-13,-7.187764990802e-15,-23535.85193387,-9.556723690012,-3351.477483007
25,12.5,857,7.962403164106e-15,2.03715871072e-13,-2.277233098664e-14,-23480.67028604,-24.1490479768,-3411.029430097
25,12.5,858,8.494854844222e-15,2.023140428297e-13,-1.354944711903e-14,-24069.75007209,25.74788187352,-3387.674156062
25,12.5,859,7.486343260852e-15,2.003724003736e-13,-2.402580091078e-14,-22971.0818759,-20.55057573862,-3352.678189599
25,12.5,860,7.34902389658e-15,2.023914566632e-13,-2.023014179705e-14,-23987.57011858,-4.299885833862,-3392.438902104
25,12.5,861,7.814414023397e-15,2.013762286152e-13,-3.238013653017e-14,-24200.21164074,-23.05104269727,-3368.891679844
25,12.5,862,7.743033176907e-15,2.011475558022e-13,-3.217015852313e-14,-24128.15790015,-45.09996765453,-3364.471287391
25,12.5,863,8.244914811194e-15,2.025576139036e-13,-1.969689468425e-14,-23850.02293469,27.78871443846,-3388.578684864
25,12.5,864,8.061294681898e-15,2.040799411233e-13,-2.484666717765e-14,-23308.09545467,-24.08748002953,-3398.770065628
25,12.5,865,7.546146667912e-15,2.001214149608e-13,-3.453469820213e-14,-24183.14151787,-19.52889962471,-3342.892767842
25,12.5,866,8.406244176165e-15,2.031140680596e-13,-2.923507275358e-14,-23643.20302297,-6.902135118075,-3381.826142666
25,12.5,867,7.442523331356e-15,2.004242483583e-13,2.806474719023e-15,-23213.34654245,44.49104541294,-3348.670399398
25,12.5,868,7.995437480473e-15,2.043602651181e-13,-1.123853781081e-14,-23498.39425327,42.51573934915,-3405.178063308
25,12.5,869,7.338209371906e-15,2.025066489425e-13,-2.170019487936e-14,-23990.90096811,22.45190821,-3379.196668967
25,12.5,870,7.657295960964e-15,2.001420650368e-13,-1.364046257146e-14,-23783.36212497,-19.15805490726,-3360.657913391
25,12.5,871,8.580831943875e-15,2.02299629223e-13,-1.119238188168e-14,-24193.66032083,34.63194824252,-3386.244869752
25,12.5,872,7.948658950436e-15,2.021715078764e-13,-3.184626266865e-14,-24144.16611968,-3.289031234654,-3370.528411269
25,12.5,873,8.584147908589e-15,2.031326712672e-13,-5.917434920558e-15,-22974.91177944,90.91900647451,-3395.21124291
25,12.5,874,7.933316497581e-15,2.004446030338e-13,-1.275763448891e-14,-24130.97825609,-12.61039738213,-3349.636699614
25,12.5,875,8.462826295659e-15,2.029305032209e-13,-1.693116368298e-14,-24158.76470924,-25.09128255592,-3378.810244882
25,12.5,876,7.165456737743e-15,2.019092790529e-13,-2.845894502204e-14,-23930.14203111,-5.282969580914,-3373.755280102
25,12.5,877,7.997712909329e-15,2.033100532255e-13,-1.773002406114e-14,-23700.37304773,25.7083911245,-3383.361642469
25,12.5,878,8.640487375059e-15,2.032571071099e-13,-1.798864124769e-14,-24772.2233576,-22.64403164433,-3389.923844047
25,12.5,879,7.764185744585e-15,2.023192265001e-13,-5.016882812654e-15,-23563.90299594,71.26793490785,-3378.044257163
25,12.5,880,7.451674243242e-15,2.003118186575e-13,-1.904219164436e-14,-22850.6734531,-12.24839731515,-3341.748649052
25,12.5,881,7.175581146704e-15,2.017634501914e-13,-1.790535861549e-14,-24091.95544608,-8.409223725939,-3365.894697946
25,12.5,882,7.545481871463e-15,2.008585051794e-13,-1.242839471853e-14,-23620.61289522,56.71568933246,-3355.033778502
25,12.5,883,8.021675233295e-15,2.04493288386e-13,-1.631818185345e-14,-23503.96246374,13.1358627253,-3411.365007377
25,12.5,884,8.208876851915e-15,2.030262167314e-13,2.887554320147e-15,-23500.81135729,-8.120957795456,-3391.170561816
25,12.5,885,7.862361885311e-15,2.01953712956e-13,-7.619343755629e-15,-23632.30497493,-7.823910551024,-3373.125429741
25,12.5,886,7.419195674319e-15,2.008036042792e-13,-9.699063064689e-15,-24270.55651011,-16.02316173628,-3361.239107891
25,12.5,887,8.327142227608e-15,2.026019841242e-13,-1.049639860195e-14,-23170.46521806,-0.2380844830985,-3393.036583719
25,12.5,888,8.379210065695e-15,2.017070848616e-13,-1.602712731923e-14,-24099.29501419,26.56367184469,-3370.902027408
25,12.5,889,7.940596683522e-15,2.024261913731e-13,-2.767971509321e-14,-24115.28931099,2.197592470206,-3380.011095105
25,12.5,890,7.95886917214e-15,1.99890520872e-13,-1.299914032626e-14,-23424.95547715,-22.77012497031,-3335.852219365
25,12.5,891,7.607260663186e-15,2.043213511293e-13,-9.760686087079e-15,-23614.71061913,36.68949807923,-3402.403233458
25,12.5,892,7.71692190291e-15,2.009045246024e-13,-4.576172151121e-15,-23444.52975049,7.141272885172,-3354.436106757
25,12.5,893,7.935347642743e-15,2.012521622686e-13,-3.304738438557e-14,-23571.55204041,-16.11868739159,-3363.579962695
25,12.5,894,8.158237655249e-15,2.011290119944e-13,-3.241647818346e-14,-23591.83488731,-41.37968274906,-3356.070583228
25,12.5,895,8.476247194353e-15,2.026706109251e-13,-7.858899640784e-15,-24146.27952423,11.32188871032,-3391.312381511
25,12.5,896,7.723426356945e-15,2.026890323619e-13,-2.52282789847e-14,-23649.34113999,10.50833655655,-3389.549884929
25,12.5,897,7.696412929132e-15,2.02609049382e-13,-2.614526912949e-14,-23990.09010834,-89.18318946286,-3381.617049146
25,12.5,898,8.296381022518e-15,2.030756938142e-13,-4.886916951908e-15,-24419.65126036,25.15679215724,-3393.073567219
25,12.5,899,7.808878080587e-15,2.015382559948e-13,-8.607736920086e-15,-23492.55463116,21.92015814998,-3371.365845455
25,12.5,900,7.653594782303e-15,2.020185304804e-13,-1.141151911687e-14,-23201.27040096,32.94923955975,-3373.357980377
25,12.5,901,7.937127956958e-15,2.025557268629e-13,-3.602874074618e-14,-24010.04456559,28.92402697343,-3371.383007688
25,12.5,902,7.990243583526e-15,2.029844947637e-13,-1.388748042461e-14,-23703.53675298,12.24669585461,-3392.614554521
25,12.5,903,7.790394543764e-15,2.014512266755e-13,-4.664994736097e-14,-24148.23771822,-18.55951329621,-3361.771789657
25,12.5,904,7.844725691537e-15,2.003619698579e-13,-2.14926822638e-14,-24006.8215754,-9.212867636005,-3354.557824365
25,12.5,905,7.962388431911e-15,2.012081979167e-13,-1.344782564592e-14,-23275.51893786,11.97555810425,-3367.299524272
25,12.5,906,7.658947163063e-15,2.017823794652e-13,-2.224103317899e-14,-23900.12318279,3.269659484276,-3380.78454872
25,12.5,907,7.365252785462e-15,2.014338421361e-13,-3.838401083996e-14,-23444.35164422,29.3517318644,-3361.188871569
25,12.5,908,7.720255734857e-15,2.015717119268e-13,-3.038378515701e-14,-23423.83590174,11.52369630517,-3361.178248231
25,12.5,909,8.424562453793e-15,2.031880129148e-13,-2.094130662379e-14,-24275.84037893,5.817152620145,-3397.117734237
25,12.5,910,7.755942957724e-15,2.025715917459e-13,-1.869203816725e-14,-24256.78485303,-32.71837043394,-3393.71181347
25,12.5,911,7.278699378022e-15,2.025330130492e-13,-3.352479642965e-14,-24159.79798788,55.7409067832,-3387.312809249
25,12.5,912,8.829937962116e-15,2.029347485898e-13,-1.195935249427e-14,-23054.5773465,22.21883172229,-3399.103607673
25,12.5,913,8.117510635391e-15,2.01835572852e-13,-1.232064882145e-14,-23199.54675675,37.71545432751,-3369.701855379
25,12.5,914,8.367678909235e-15,2.036967755787e-13,-2.273568658341e-14,-23610.61425506,-42.92854705571,-3404.185374022
25,12.5,915,7.63764988327e-15,2.01318474475e-13,-1.996194718039e-14,-24434.88526286,-9.464607932941,-3362.617445114
25,12.5,916,7.570592790791e-15,2.020864581151e-13,-1.397095418609e-14,-24552.73693969,9.770147277878,-3367.222220063
25,12.5,917,8.369503424343e-15,2.004536451959e-13,3.287105708246e-15,-24258.53998239,41.56024253951,-3357.61907421
25,12.5,918,8.156969570486e-15,2.025914389134e-13,-2.512582889472e-14,-23213.38582564,-23.70355500185,-3392.753512
25,12.5,919,7.324118192363e-15,1.99071614996e-13,-1.751948859736e-14,-23720.71918945,92.53510756625,-3317.083732029
25,12.5,920,8.375191702293e-15,2.007668109165e-13,-1.751954396026e-14,-23490.66926318,-28.82137244756,-3354.596633108
25,12.5,921,8.1474718055e-15,2.027233643398e-13,-2.829512070808e-14,-25594.71382335,-50.35467716451,-3399.136984805
25,12.5,922,7.745260054129e-15,2.026669709334e-13,-2.630176029443e-14,-23919.31345298,4.204505788786,-3383.92058664
25,12.5,923,8.291947698281e-15,2.031176957874e-13,-3.854955133211e-14,-23768.94633321,-31.06910014957,-3387.634843759
25,12.5,924,8.116787920295e-15,2.008099684604e-13,-3.168834001331e-14,-24264.87992088,-12.98465682471,-3363.66391135
25,12.5,925,7.658964939058e-15,2.014600467887e-13,-3.15103288452e-14,-23356.08102492,54.30796064764,-3366.082641773
25,12.5,926,8.026108078232e-15,2.021238846906e-13,-3.022293397941e-14,-23376.15651562,-18.77783738511,-3382.880530813
25,12.5,927,8.112497601804e-15,2.038374002249e-13,-1.35203907802e-14,-24565.80570339,24.88737970217,-3389.755134098
25,12.5,928,8.081450928141e-15,2.013563765717e-13,-2.831779467792e-14,-24530.33367068,41.01044499173,-3355.431632292
25,12.5,929,8.264938963808e-15,2.010332243631e-13,-2.55365483808e-14,-24318.64168471,5.403918749182,-3360.925480568
25,12.5,930,7.325719959906e-15,2.019269837271e-13,-2.064829659604e-15,-23853.80391678,6.742973639511,-3373.917101919
25,12.5,931,7.383151772257e-15,2.002252876683e-13,-1.599228322563e-14,-23513.94825287,38.9385140458,-3347.41827241
25,12.5,932,8.110517987634e-15,2.037888673349e-13,-2.928419550986e-14,-23908.48853818,22.16052430084,-3401.634685647
25,12.5,933,7.857406126662e-15,2.01133314216e-13,-1.024711565777e-14,-25012.04395498,25.06454813769,-3368.230660337
25,12.5,934,8.669783233144e-15,2.011018130325e-13,-2.416335242804e-14,-23620.91620505,-7.45984004795,-3372.366893491
25,12.5,935,8.27679080033e-15,2.03843037742e-13,-2.182967869306e-14,-23362.21581441,9.285991071054,-3403.558100794
25,12.5,936,7.514472384801e-15,1.985424884366e-13,-2.364716462303e-14,-24520.24219743,-33.76665299715,-3321.726812561
25,12.5,937,8.681230376525e-15,2.031358849133e-13,-3.07305194166e-14,-23806.76763471,41.29365009304,-3395.489428342
25,12.5,938,8.641454628635e-15,2.010942681087e-13,-1.157192760297e-14,-24274.84209312,34.10318211801,-3360.952306807
25,12.5,939,8.676524930221e-15,2.029077354047e-13,-2.754483032617e-14,-23454.87810708,10.31300125924,-3396.071018314
25,12.5,940,7.433338385429e-15,2.004099854699e-13,-2.147032682129e-14,-23860.07418991,28.43311522551,-3353.442435194
25,12.5,941,7.948393457149e-15,2.044814304236e-13,-1.29920550574e-14,-23854.4950914,-35.32117089494,-3416.740604815
25,12.5,942,8.149306658779e-15,2.022766773197e-13,-1.975210379599e-14,-23227.2675531,-13.76642890508,-3390.859564567
25,12.5,943,8.432235944213e-15,2.031273366711e-13,-1.423074312626e-14,-23725.77933961,8.704860870739,-3404.975726686
25,12.5,944,7.991705062488e-15,2.017208504021e-13,-1.378403489638e-14,-23749.2210215,34.22637100034,-3358.551066196
25,12.5,945,8.168438895325e-15,2.027606850086e-13,-2.002854208031e-14,-24374.82456129,-28.95051467455,-3385.639643069
25,12.5,946,7.538155500769e-15,2.033163262108e-13,-2.044592674909e-14,-23261.98851269,11.18371896027,-3389.338854612
25,12.5,947,7.730008363286e-15,2.034420736161e-13,-1.951933064084e-14,-23385.20212703,18.15540906253,-3407.494888046
25,12.5,948,8.156139671311e-15,2.017759072078e-13,-8.408015114553e-15,-23855.25627601,-60.1161436444,-3369.862449057
25,12.5,949,7.014149782902e-15,2.014247774938e-13,-2.154232349968e-14,-24058.68281788,-14.68612712109,-3370.368203867
25,12.5,950,7.6638362471e-15,1.998343629761e-13,-1.364123688804e-14,-24210.89743586,-14.39933987191,-3331.791170202
25,12.5,951,7.601131948901e-15,2.017892523594e-13,-2.09740644049e-14,-23563.12230207,16.96904087443,-3380.653859965
25,12.5,952,7.75706881237e-15,2.034177381387e-13,-1.851386935825e-14,-23986.90916684,-5.044472361436,-3398.975456316
25,12.5,953,7.418793849165e-15,2.021450107282e-13,-6.401381772223e-15,-23361.82005507,64.30826378914,-3378.666960705
25,12.5,954,8.144863089481e-15,2.017488188561e-13,-8.941363485627e-15,-23629.80169139,22.30329880911,-3370.765909406
25,12.5,955,7.737862115974e-15,2.023740175498e-13,-2.443928427523e-14,-23992.77177872,-14.95470566568,-3384.644038765
25,12.5,956,8.302425004661e-15,2.018325600424e-13,-3.570837106438e-15,-25141.84704779,28.66395517172,-3361.735827181
25,12.5,957,7.319433395282e-15,2.010709026865e-13,-1.968494773082e-14,-23568.98613311,-15.60799534942,-3354.920426818
25,12.5,958,7.676066776905e-15,2.008300498657e-13,-2.533973358056e-14,-23103.61066003,-16.55971434094,-3364.582157239
25,12.5,959,7.426163781209e-15,2.011716834929e-13,-2.556720042317e-14,-23771.11186775,0.06369761147499,-3366.732686338
25,12.5,960,8.019561128728e-15,2.020050892659e-13,-1.893244718063e-14,-23799.91527062,44.76853015956,-3378.335854916
25,12.5,961,8.578462454436e-15,2.044885441979e-13,-3.586396843361e-14,-24094.41578765,-14.7864691616,-3410.586844112
25,12.5,962,8.314349982929e-15,2.029140343273e-13,-1.977666490855e-14,-23683.00401323,-11.92548772708,-3392.080128372
25,12.5,963,7.899052014607e-15,2.0142973189e-13,-1.440448381155e-14,-23436.22899251,-2.687007408999,-3354.424457572
25,12.5,964,7.751546821699e-15,2.024362911838e-13,-2.501847168673e-14,-24233.65775699,-16.46806716596,-3395.594815413
25,12.5,965,7.477384198765e-15,2.033823685533e-13,-3.138055882717e-14,-23804.80799227,-32.82635478904,-3380.599621822
25,12.5,966,8.402425094023e-15,2.028691407898e-13,-2.174593731055e-14,-23667.76439208,-69.40906398074,-3380.89351494
25,12.5,967,7.808161284339e-15,2.029152286979e-13,-2.220355705076e-14,-24281.42169876,-3.020264119018,-3382.851733708
25,12.5,968,9.033378996544e-15,2.02714139828e-13,-8.101950326992e-15,-23332.1432227,-30.48529154839,-3389.588101806
25,12.5,969,8.607396703172e-15,2.039268478722e-13,-1.312955964689e-14,-24094.70714181,-3.954993515468,-3402.925748549
25,12.5,970,8.120765832603e-15,2.040508774335e-13,-1.476698754964e-14,-23619.41113118,1.884122309978,-3402.333326831
25,12.5,971,8.123538390832e-15,2.01069020464e-13,-1.50331733764e-14,-22940.91514076,17.86762947441,-3369.757467282
25,12.5,972,7.379708383771e-15,2.018715017672e-13,-2.183383634904e-14,-23517.75130375,-63.01214931839,-3376.077849899
25,12.5,973,7.625200709809e-15,2.018914785712e-13,-2.535269996527e-14,-24016.69957377,9.242898586317,-3378.604465187
25,12.5,974,7.842809178429e-15,2.036716389809e-13,-6.886348961684e-15,-23321.48940837,67.43861696427,-3394.379344068
25,12.5,975,7.689288839484e-15,2.007891961395e-13,-2.713262144073e-14,-23925.61003845,-8.323520744224,-3348.55888408
25,12.5,976,7.336852273641e-15,2.025640057281e-13,-1.611660825436e-14,-24354.98553029,11.1205321254,-3385.367294674
25,12.5,977,8.052174875913e-15,2.01340778575e-13,-3.629818801751e-14,-24304.93928769,-12.88040034666,-3372.90717453
25,12.5,978,8.038185516153e-15,2.020058588693e-13,-2.327889987654e-14,-24310.36140726,32.24257516553,-3379.641692018
25,12.5,979,7.996087573893e-15,2.033304881596e-13,-2.61106656517e-14,-23651.6948894,-22.96548074312,-3400.490715215
25,12.5,980,7.776794768573e-15,2.003313558412e-13,-2.659363668453e-14,-23126.2295183,-56.94805983001,-3347.502562587
25,12.5,981,6.897432304063e-15,2.009260875083e-13,-1.578748858606e-14,-24204.80975631,58.59172062898,-3355.446062751
25,12.5,982,7.538900915877e-15,2.004737035781e-13,-2.866022531517e-14,-23561.89569828,6.543910629368,-3347.598624714
25,12.5,983,8.130817927386e-15,2.037420929851e-13,-3.656809085974e-14,-24564.26729492,-16.2548425026,-3409.185481544
25,12.5,984,7.738395480493e-15,2.019135346864e-13,-3.123097544835e-14,-24089.23694041,-46.12967247881,-3371.920550463
25,12.5,985,7.382680320143e-15,2.025418698271e-13,-2.686532905846e-14,-24064.22295726,20.10247485527,-3383.572823231
25,12.5,986,8.01227686725e-15,2.032733247387e-13,-3.8041640439e-14,-23272.91340755,-47.95796012256,-3397.094337691
25,12.5,987,8.162209838548e-15,2.016974199479e-13,-1.137373023843e-14,-24252.39315046,-6.126359710353,-3369.632171816
25,12.5,988,7.70025015477e-15,2.052968452934e-13,-7.025005760541e-15,-23970.49296454,-36.60242640784,-3418.133914774
25,12.5,989,8.159298825613e-15,2.027419565717e-13,-1.762639730447e-14,-24794.68722537,-22.01613051801,-3386.420663412
25,12.5,990,6.964199158146e-15,2.017838185288e-13,-2.013880706895e-14,-23742.36612344,28.5396567208,-3376.529745986
25,12.5,991,7.613848653519e-15,2.004385523838e-13,-2.35623507463e-14,-24077.77204381,24.73741320393,-3349.036069116
25,12.5,992,8.29980100009e-15,2.023225145567e-13,-2.736738100476e-14,-24145.01495371,37.93800871601,-3378.324692324
25,12.5,993,7.754465365605e-15,2.032404542339e-13,-2.095675927504e-14,-22264.77069884,-9.819868238956,-3381.258473347
25,12.5,994,7.738667613836e-15,2.022343736057e-13,-2.003047544619e-14,-23978.97717003,-87.83411589775,-3371.013005122
25,12.5,995,7.848757575424e-15,2.007054177717e-13,-1.74454592868e-14,-23610.23166769,12.54057831187,-3363.956436016
25,12.5,996,7.784766413259e-15,2.029337956841e-13,-4.695948323246e-15,-23462.89437578,11.15816442952,-3377.678027099
25,12.5,997,7.983095606402e-15,2.026481227948e-13,-2.365432714941e-14,-23533.39840967,-38.39245372772,-3388.079148868
25,12.5,998,7.793585142904e-15,1.983495706754e-13,-2.848422555778e-14,-22694.39189473,-4.76407941116,-3315.182353705
25,12.5,999,7.473422601439e-15,2.020539244626e-13,-3.131722361325e-14,-24316.92246905,4.353087659417,-3373.131616844
25,12.5,1000,7.904833357611e-15,2.025165148892e-13,-1.621184130748e-14,-24314.59422521,-22.85803081277,-3389.026293562
30,15,1,4.776260360026e-14,7.813393407733e-13,-7.497299906798e-14,-66135.16952,-13.68507762068,-13030.11464228
30,15,2,4.68357015132e-14,7.734234678502e-13,-9.533654369998e-14,-68993.4866667,276.7537180575,-12936.80863996
30,15,3,4.313626263439e-14,7.817340794256e-13,-1.674066966016e-13,-69292.29661245,66.42130664123,-13052.10954254
30,15,4,4.62804562074e-14,7.856261595956e-13,-1.134828145453e-13,-67231.33697104,-141.6327239089,-13112.51604438
30,15,5,4.625037625031e-14,7.863615459128e-13,-9.393715118984e-14,-69855.37858821,-35.78399374455,-13149.72053428
30,15,6,4.634232260308e-14,7.690578271789e-13,-1.414159126215e-13,-68943.19480825,42.63101304174,-12837.76893523
30,15,7,4.541201328064e-14,7.702085713669e-13,-8.793970236646e-14,-66787.55287631,163.9703921794,-12871.12773067
30,15,8,4.63890524345e-14,7.797262504531e-13,-8.232301718093e-14,-68346.37001642,36.89375592038,-13039.41537082
30,15,9,4.8349240496e-14,7.830129231756e-13,-9.486621023913e-14,-70113.25602652,179.9283578387,-13054.68417392
30,15,10,4.645886455327e-14,7.737125202831e-13,-9.095395895607e-14,-68494.18701319,-199.88297605,-12913.07016198
30,15,11,4.499866376401e-14,7.701622205572e-13,-6.552255694486e-14,-68836.0456068,53.84246731318,-12865.003413
30,15,12,4.659007675478e-14,7.684572855947e-13,-1.058820957638e-13,-66408.15952707,-57.95945080419,-12821.58308256
30,15,13,4.587042095876e-14,7.730999948323e-13,-7.405839848399e-14,-68275.96339001,-56.95097684007,-12926.50004719
30,15,14,4.533387036026e-14,7.816412501863e-13,-1.198971170991e-13,-67628.07332806,-88.94265384107,-13039.95347674
30,15,15,4.531877085055e-14,7.681481398812e-13,-8.889232864216e-14,-68632.57987069,89.5932163889,-12840.48394848
30,15,16,4.660874882698e-14,7.753386501823e-13,-9.917048568056e-14,-69524.71134189,221.0951999617,-12945.10009202
30,15,17,4.565552644276e-14,7.784572326705e-13,-1.038347184539e-13,-69182.18000496,81.39379314098,-13009.81971509
30,15,18,4.600663300816e-14,7.721691455826e-13,-8.540139025606e-14,-68779.83192507,59.29651389251,-12928.83582162
30,15,19,4.482382993529e-14,7.780031787183e-13,-7.876247675628e-14,-67960.96235703,83.91441060305,-12974.13590957
30,15,20,4.586732478562e-14,7.746325083549e-13,-1.155263591846e-13,-66725.45096812,-218.2987081084,-12892.36860136
30,15,21,4.759147631624e-14,7.744644657603e-13,-9.671616190159e-14,-68420.98664661,17.89660846518,-12959.22112431
30,15,22,4.727641213636e-14,7.783504349204e-13,-1.13561855117e-13,-69915.4958823,-45.34179231042,-13029.90107907
30,15,23,4.713119057368e-14,7.728257972313e-13,-1.220416391834e-13,-67510.91803259,41.80579631281,-12929.22472719
30,15,24,4.646833168054e-14,7.766997664906e-13,-9.206927547146e-14,-66512.62297134,269.0192851454,-12960.1950749
30,15,25,4.27433038593e-14,7.704414201322e-13,-8.517203879635e-14,-68624.74190318,145.9604374508,-12884.92974436
30,15,26,4.597066708076e-14,7.706124295751e-13,-1.496509650894e-13,-68015.97334096,44.58827935186,-12897.53720632
30,15,27,4.708582615043e-14,7.789007018691e-13,-6.881011345136e-14,-65766.3493723,197.9513202188,-12994.26291028
30,15,28,4.245294902995e-14,7.707596687873e-13,-1.153605663084e-13,-68620.90233753,180.8604629097,-12900.71272349
30,15,29,4.539354227807e-14,7.796882847294e-13,-1.306671014311e-13,-66878.1103113,-122.1363805465,-13035.66377493
30,15,30,4.462520685893e-14,7.707674320101e-13,-1.079410266495e-13,-68745.39107573,141.8821909016,-12883.00998962
30,15,31,4.579787379637e-14,7.806327057346e-13,-1.669751802525e-13,-67214.42935619,-138.5412558663,-13045.84234138
30,15,32,4.503283580971e-14,7.742953514267e-13,-1.657526874562e-13,-68155.6913953,-243.3648316386,-12919.48601155
30,15,33,4.332915060571e-14,7.816120247419e-13,-1.25426253667e-13,-66497.2457275,54.17235904786,-13037.61869374
30,15,34,4.600176717372e-14,7.794812848117e-13,-1.315880821319e-13,-66793.19282694,-18.65608348643,-13028.76151565
30,15,35,4.708900735092e-14,7.751343002917e-13,-1.219336511816e-13,-68661.47127229,-16.05244063479,-12928.53629577
30,15,36,4.47043032474e-14,7.702753603433e-13,-1.366284672471e-13,-65896.57927568,74.07767569803,-12855.66712304
30,15,37,4.567909731736e-14,7.781683750054e-13,-8.131058486656e-14,-68710.55929728,-75.87341833594,-12982.12665392
30,15,38,4.484288513641e-14,7.756904592913e-13,-5.083925819416e-14,-68871.6475969,66.19406473913,-12957.97627846
30,15,39,4.775222590435e-14,7.869990820321e-13,-1.218553524746e-13,-70429.47366363,180.2928757738,-13147.63498019
30,15,40,4.49309675491e-14,7.847361410218e-13,-1.149257814798e-13,-67190.34361001,-203.2574198815,-13076.71326955
30,15,41,4.600207584844e-14,7.745769050474e-13,-1.263493585619e-13,-67846.20103414,12.17876606676,-12909.38064646
30,15,42,4.504969962453e-14,7.729065987617e-13,-1.311533611353e-13,-70444.38256387,-108.7657342434,-12950.18622979
30,15,43,4.389369984084e-14,7.800495458181e-13,-1.412074702827e-13,-68352.89608813,-49.75469643785,-13025.41734252
30,15,44,4.588015682629e-14,7.7426381535e-13,-1.429636776509e-13,-69257.72926815,5.711019818717,-12905.51125009
30,15,45,4.742595970563e-14,7.810623759237e-13,-7.969970946867e-14,-68199.70957279,153.3197086483,-13090.86297909
30,15,46,4.241333980134e-14,7.681402643848e-13,-1.420951065326e-13,-67738.83700932,-17.78087278512,-12815.73393153
30,15,47,4.49315755941e-14,7.847399254437e-13,-1.5333298353e-13,-67425.47328722,-169.1732413694,-13091.83383298
30,15,48,4.405153719115e-14,7.800070912613e-13,-1.410738485958e-13,-70080.72319643,-103.2816598395,-12985.88185185
30,15,49,4.678180212459e-14,7.769724681886e-13,-1.013484409101e-13,-66018.79870238,-3.689987450306,-13004.39192443
30,15,50,4.452391616772e-14,7.74514120116e-13,-1.484477107831e-13,-70867.29864362,-6.500996022953,-12952.9878264
30,15,51,4.085051105451e-14,7.668232158667e-13,-8.444027887616e-14,-68818.29741758,67.55436306732,-12821.54021104
30,15,52,4.432304437456e-14,7.661242120498e-13,-8.825669795348e-14,-68058.77340405,32.66857532191,-12790.61965385
30,15,53,4.316926747132e-14,7.741306021323e-13,-1.030180229712e-13,-68529.8589974,91.96261863191,-12935.286759
30,15,54,4.18900810264e-14,7.683898394506e-13,-1.346865676341e-13,-67016.41813241,-5.008357666093,-12824.65301241
30,15,55,4.410826194834e-14,7.790011834679e-13,-1.059158749761e-13,-65103.10090687,97.26326225105,-13008.82778092
30,15,56,4.660865607895e-14,7.791239226414e-13,-7.60612872549e-14,-65726.07636883,15.78656565229,-13055.76467827
30,15,57,4.352999398895e-14,7.711866423764e-13,-1.657407326763e-13,-70448.95630038,398.5718965582,-12852.69180481
30,15,58,4.451467022181e-14,7.778815176145e-13,-1.289363226648e-13,-67354.44928606,147.3726325731,-13010.93274258
30,15,59,4.285354879559e-14,7.702669985904e-13,-1.075586830329e-13,-68558.61837976,-173.6727445924,-12901.08807629
30,15,60,4.558994144512e-14,7.67566952513e-13,-1.164200500302e-13,-67299.27161014,138.2376595796,-12849.60213151
30,15,61,4.601696367351e-14,7.705602679704e-13,-1.035936909203e-13,-67561.05280142,-69.19198988696,-12897.58405856
30,15,62,4.537993795466e-14,7.773583341377e-13,-7.442213874425e-14,-68257.83114078,69.38047914198,-13064.07145376
30,15,63,4.558594570965e-14,7.673192154776e-13,-7.333116370329e-14,-67294.43287492,145.918173302,-12816.65737444
30,15,64,4.594264045169e-14,7.787876771497e-13,-1.280073947953e-13,-70264.80162246,68.19662574719,-13019.85795344
30,15,65,4.468915259073e-14,7.768591164012e-13,-1.131752813682e-13,-68294.29922412,19.20731214869,-12959.9229376
30,15,66,4.54260850063e-14,7.708117779879e-13,-1.517208629565e-13,-68384.90289123,-164.9056549106,-12828.08500094
30,15,67,4.474725756653e-14,7.64279267916e-13,-9.554654022238e-14,-68127.94500737,-132.9910796157,-12780.37164033
30,15,68,4.425735265754e-14,7.723059241567e-13,-5.332638188435e-14,-70021.68998753,0.2574812039482,-12928.27597283
30,15,69,4.51493597804e-14,7.815776502514e-13,-8.503141548796e-14,-67299.16875384,165.1656178899,-13038.58889244
30,15,70,4.375379854137e-14,7.750539019235e-13,-8.282937988302e-14,-66254.61102624,-149.0803282093,-12978.80429793
30,15,71,4.416467705514e-14,7.732599575915e-13,-7.113958277423e-14,-68153.98572459,66.61225764875,-12937.22043952
30,15,72,4.760929604298e-14,7.798728043837e-13,-1.313789753722e-13,-68918.51361286,-92.96831380668,-13039.89344595
30,15,73,4.625440480652e-14,7.772743483058e-13,-1.138145530966e-13,-69627.16390408,-163.7196835597,-12997.38888815
30,15,74,4.724181957541e-14,7.778805987941e-13,-9.764118401291e-14,-68669.07330647,102.071649545,-12961.54482152
30,15,75,4.556202310994e-14,7.719459619334e-13,-1.374280309755e-13,-67901.45334861,16.66108534359,-12864.68036542
30,15,76,4.60997144162e-14,7.702422124153e-13,-7.158490226222e-14,-65654.12114569,-105.4260339108,-12842.29567057
30,15,77,4.312080962626e-14,7.728884251063e-13,-7.481919288808e-14,-67564.31815434,119.5226144043,-12905.01574385
30,15,78,4.431682276537e-14,7.672663306397e-13,-1.105169435502e-13,-67368.78155911,-234.3335275579,-12798.18442056
30,15,79,4.843589819946e-14,7.800278882901e-13,-1.137241535938e-13,-67715.80223493,109.9412978591,-13068.45203022
30,15,80,4.584934947217e-14,7.84126835928e-13,-1.343542671443e-13,-68047.65877807,8.071550389736,-13100.56290915
30,15,81,4.384720167024e-14,7.730460410326e-13,-1.212720454952e-13,-67216.91859596,132.8061570906,-12911.66079784
30,15,82,4.706534654722e-14,7.77737346765e-13,-1.324869515007e-13,-68392.89657551,-151.3143770139,-12992.86142785
30,15,83,4.714551600603e-14,7.838488992473e-13,-1.044659916559e-13,-67623.14985036,-156.5394130329,-13072.72098099
30,15,84,4.478350755679e-14,7.803456830696e-13,-1.109429050031e-13,-67199.64408568,-157.0029847037,-13032.93073665
30,15,85,4.455851993748e-14,7.754157388759e-13,-9.559634945602e-14,-66619.9324504,-164.4047482325,-12933.490923
30,15,86,4.838906205995e-14,7.835086331282e-13,-9.9737688497e-14,-68446.10067418,118.2569885473,-13091.72280052
30,15,87,4.554615603711e-14,7.738045430925e-13,-1.250571918197e-13,-69590.06888874,-110.6447098171,-12917.9679594
30,15,88,4.623101292718e-14,7.817974701715e-13,-1.162465130651e-13,-66060.35666079,-109.054668697,-13063.70621945
30,15,89,4.555786865118e-14,7.741127745471e-13,-8.913319459192e-14,-67098.53278176,-24.70552658347,-12906.74912845
30,15,90,4.618747398917e-14,7.821602749767e-13,-7.669225851947e-14,-68410.46653515,-197.1391651219,-13094.99931835
30,15,91,4.514219024834e-14,7.787966939907e-13,-8.108745019705e-14,-68759.58799268,194.4300579659,-12981.98267068
30,15,92,4.234503967953e-14,7.709289565799e-13,-9.47410793165e-14,-67348.35643581,35.3024866509,-12871.45875209
30,15,93,4.523713836831e-14,7.741974802064e-13,-9.386436643051e-14,-66932.87719083,75.07288743578,-12920.84235416
30,15,94,4.337179044731e-14,7.757810073641e-13,-1.028334129566e-13,-67842.92774163,-120.0883452874,-12983.49642408
30,15,95,4.441749388058e-14,7.703954603405e-13,-7.471171998911e-14,-68275.64592687,-9.021775591877,-12839.82087926
30,15,96,4.562369114583e-14,7.790986806618e-13,-1.007808427196e-13,-68225.28704743,-189.8641556872,-13045.97015393
30,15,97,4.659172696594e-14,7.784952515918e-13,-1.246771436822e-13,-68029.74642959,-38.01555841796,-12965.47325976
30,15,98,4.787332872805e-14,7.764207337146e-13,-6.177233955592e-14,-65299.19727889,67.77119713846,-12931.44675709
30,15,99,4.85024340388e-14,7.724382680869e-13,-7.896355140003e-14,-66503.30286958,236.8721695859,-12885.97781115
30,15,100,4.710530517127e-14,7.747955810402e-13,-9.010175474128e-14,-69861.00047052,145.0933123105,-12937.13019382
30,15,101,4.557399011575e-14,7.786378040512e-13,-9.86870356896e-14,-68486.46524126,225.5398889523,-12998.94501274
30,15,102,4.382168935229e-14,7.778138510593e-13,-8.676916044895e-14,-67785.86695935,-6.772297566666,-12962.14058543
30,15,103,4.410837608581e-14,7.640761021487e-13,-1.104468038202e-13,-67311.78779431,12.51265637573,-12827.09900232
30,15,104,4.728147826406e-14,7.807584952512e-13,-1.530708597948e-13,-68738.59820747,-202.3512271271,-13080.60404687
30,15,105,4.541390397696e-14,7.743490468305e-13,-7.776552100952e-14,-64392.71092164,-29.93059841738,-12949.12488711
30,15,106,4.273927644346e-14,7.708305977152e-13,-8.175086149705e-14,-66481.13359216,-58.02306866864,-12888.16836965
30,15,107,4.458859200451e-14,7.74426343652e-13,-1.413190927193e-13,-69468.6718978,-209.7734899728,-12929.29242898
30,15,108,4.395682970168e-14,7.713339307879e-13,-8.552434126013e-14,-66801.38395278,-65.40548328369,-12883.39113344
30,15,109,4.476049676957e-14,7.727648128654e-13,-1.078577020508e-13,-68179.54914637,221.1226862034,-12903.92896391
30,15,110,4.538352649754e-14,7.666477754548e-13,-1.327638493784e-13,-68789.53988357,-15.58913541788,-12825.08328559
30,15,111,4.708454236951e-14,7.764423836893e-13,-9.747823759933e-14,-68749.47674335,90.79907842852,-12956.64864549
30,15,112,4.796995089971e-14,7.80922189381e-13,-1.329378216027e-13,-70472.99125216,176.6581838325,-13015.08091183
30,15,113,4.509515413178e-14,7.783974601995e-13,-1.219350210553e-13,-65767.32812669,-138.7874289643,-12995.45473747
30,15,114,4.725757308343e-14,7.769140344842e-13,-1.254833829442e-13,-69826.79218162,-16.55831564357,-12967.51017797
30,15,115,4.447232044885e-14,7.71761661046e-13,-1.005647772303e-13,-68293.48145811,33.0487655223,-12899.33400074
30,15,116,4.629754136967e-14,7.796564172952e-13,-1.327405119618e-13,-68572.92971186,-89.14321426657,-13014.85232218
30,15,117,4.177877976919e-14,7.678334402412e-13,-1.11762104435e-13,-68662.84816152,-29.34521057653,-12837.40485584
30,15,118,4.439053721618e-14,7.70424482083e-13,-1.395805007805e-13,-69241.96850603,147.2141964709,-12858.7487273
30,15,119,4.668220412674e-14,7.770243032247e-13,-6.830015317819e-14,-66100.71504749,-175.1333891406,-12976.02805059
30,15,120,4.720388074452e-14,7.714785982185e-13,-1.015414240347e-13,-70085.74003681,66.03492675047,-12878.73111908
30,15,121,4.550348330914e-14,7.75513906833e-13,-1.172624882512e-13,-68443.30017458,187.3305767014,-12958.84480877
30,15,122,4.37731196636e-14,7.778763103713e-13,-5.260693844835e-14,-67745.76416861,78.5126787204,-12972.46890029
30,15,123,4.685585960214e-14,7.70776259615e-13,-1.245609246738e-13,-69353.98889625,-79.34872084352,-12933.71167717
30,15,124,4.496234740144e-14,7.814184473036e-13,-1.188975186471e-13,-68728.22740983,-245.3866022837,-13052.45778887
30,15,125,4.489853340219e-14,7.782293143233e-13,-1.08595143156e-13,-68449.29224006,17.57383004381,-12978.12190906
30,15,126,4.650876723629e-14,7.75048680217e-13,-1.021707747675e-13,-66400.87166232,150.7039580682,-12968.43315793
30,15,127,4.519050709181e-14,7.744055673614e-13,-1.016229531252e-13,-66447.69434726,94.26610068113,-12939.70581794
30,15,128,4.618280183803e-14,7.767093585244e-13,-8.318344805138e-14,-68296.93278949,176.6374571089,-12961.93269575
30,15,129,4.73664786486e-14,7.777339102269e-13,-1.135427123322e-13,-68401.83458317,77.54908866587,-13028.36853108
30,15,130,4.61109063498e-14,7.731360540231e-13,-8.721740575879e-14,-70106.94584293,63.67820072914,-12931.89197825
30,15,131,4.542019028141e-14,7.715010571664e-13,-1.113311149356e-13,-66781.53034268,167.4279616177,-12909.1732059
30,15,132,4.284536007077e-14,7.718042964803e-13,-1.347855781815e-13,-70689.98624828,-137.0040881962,-12885.71624316
30,15,133,4.428106834231e-14,7.746912907956e-13,-1.241300710188e-13,-69421.18849525,-69.79862773322,-12921.14628412
30,15,134,4.370236239574e-14,7.665771154068e-13,-1.123506932236e-13,-68077.94081561,88.35858222415,-12830.32673682
30,15,135,4.650974249675e-14,7.707057256024e-13,-1.109982192043e-13,-68092.50092983,-73.38697152515,-12909.53336663
30,15,136,4.460220056284e-14,7.801792778808e-13,-1.195588561239e-13,-69001.93988501,-32.09328292678,-13017.75747747
30,15,137,4.449897166736e-14,7.729891042075e-13,-7.082970648895e-14,-66751.61504993,81.96407936871,-12921.21681392
30,15,138,4.591512319988e-14,7.724060348505e-13,-7.19982475637e-14,-67252.76732089,-168.1122749338,-12929.85134111
30,15,139,4.663181105794e-14,7.815295796529e-13,-1.576951061279e-13,-70363.15066578,-25.20486216224,-13014.47637365
30,15,140,4.297353346399e-14,7.70804070038e-13,-1.124884452564e-13,-68248.72754424,11.53183669677,-12920.49449397
30,15,141,4.646032016255e-14,7.724675940691e-13,-1.687760909375e-13,-68193.21724346,129.4664098374,-12856.60576698
30,15,142,4.542442756972e-14,7.744954234596e-13,-1.341614797387e-13,-65260.3315829,-149.6727654632,-12949.15217212
30,15,143,4.960673078805e-14,7.713632399099e-13,-7.662168991712e-14,-68822.84782948,26.97212173109,-12873.68210799
30,15,144,4.756943537851e-14,7.762622889275e-13,-1.242629079294e-13,-69670.84033397,94.94907954153,-12960.99868974
30,15,145,4.634917649121e-14,7.77168845341e-13,-6.217471677435e-14,-67830.95277297,-223.1002603444,-12964.59416657
30,15,146,4.474126990489e-14,7.808961149015e-13,-1.05348828824e-13,-68005.35900068,165.6630555719,-13025.63260455
30,15,147,4.587691293007e-14,7.860517246961e-13,-1.149914008986e-13,-65442.85686532,62.06773133925,-13110.57975126
30,15,148,4.820100090078e-14,7.754539685584e-13,-1.654462993697e-13,-71459.34674008,90.31140747753,-12988.99895068
30,15,149,4.719363034691e-14,7.801560624025e-13,-1.126352087758e-13,-67181.59571475,82.51815556297,-13049.79779434
30,15,150,4.471840434954e-14,7.747658928417e-13,-9.530547489402e-14,-66680.71598574,28.84666565483,-12925.2450058
30,15,151,4.487407319912e-14,7.81863581158e-13,-1.108084956755e-13,-67762.24941783,116.906963113,-13042.02162315
30,15,152,4.661773457055e-14,7.73650994239e-13,-1.020571818844e-13,-68813.26585249,-46.9887632265,-12986.63055873
30,15,153,4.594065768547e-14,7.71507239133e-13,-1.293984217762e-13,-69729.91248518,20.30941704144,-12892.80752459
30,15,154,4.49729637902e-14,7.750074929963e-13,-9.710525465262e-14,-67536.12493094,-152.0356921622,-12957.89566546
30,15,155,4.732971057322e-14,7.739375890807e-13,-1.104411557559e-13,-66045.06904435,4.662116336877,-12901.15121557
30,15,156,4.658819977541e-14,7.756175429864e-13,-1.309614751313e-13,-66340.76408803,19.87484074777,-12944.06177944
30,15,157,4.386876462099e-14,7.880369458079e-13,-1.54182313699e-13,-70449.3221622,49.25314451265,-13108.90904259
30,15,158,4.785866621288e-14,7.849897639372e-13,-8.511952770977e-14,-68888.99293562,168.9783418701,-13089.55788871
30,15,159,4.513179277395e-14,7.770166902638e-13,-9.622264864264e-14,-68628.06714928,-116.5625795695,-12967.20984573
30,15,160,4.311941639534e-14,7.705090266148e-13,-1.301578019652e-13,-66154.09283561,-27.57901799559,-12806.65241888
30,15,161,4.336876005165e-14,7.780321427617e-13,-1.49462786836e-13,-67073.83284576,42.98676668434,-12989.93830219
30,15,162,4.80868026595e-14,7.731932476144e-13,-9.113275173746e-14,-68473.32033231,50.65431008109,-12968.8889576
30,15,163,4.43589104196e-14,7.77023023629e-13,-1.364431836943e-13,-69252.89016445,-128.6709041768,-12975.82537499
30,15,164,4.45883324956e-14,7.75844939392e-13,-1.376901087769e-13,-67404.36473815,-37.36691051377,-12965.05741408
30,15,165,4.736839160089e-14,7.747330921176e-13,-9.623630971722e-14,-68616.09440052,-237.8036895063,-12961.33593432
30,15,166,4.671825004824e-14,7.720190123875e-13,-1.196241849733e-13,-69015.00743064,-47.81991126394,-12863.32293309
30,15,167,4.390464107653e-14,7.698235292251e-13,-1.311392570524e-13,-68920.81217333,49.10222919213,-12848.2513187
30,15,168,4.50494409432e-14,7.838879155004e-13,-9.878692360093e-14,-66439.4853751,161.5663577214,-13083.09931829
30,15,169,4.52131360078e-14,7.75510786506e-13,-1.070081927803e-13,-69566.85893281,-15.81921317856,-12995.97787999
30,15,170,4.521191625159e-14,7.764454801691e-13,-9.779793292462e-14,-68849.64285724,-108.6444692709,-12995.77440369
30,15,171,4.393698606655e-14,7.762486054214e-13,-1.194859114178e-13,-67860.13023188,159.9176770028,-12973.87952996
30,15,172,4.740788636347e-14,7.789655480263e-13,-1.083734832004e-13,-67031.82480574,-36.70301881365,-13042.07885081
30,15,173,4.748177611196e-14,7.843436776523e-13,-7.799849234282e-14,-66361.29617565,125.7003449789,-13090.34832161
30,15,174,4.726269791355e-14,7.829350884896e-13,-9.000345709501e-14,-67991.83285645,93.93795537246,-13074.91601433
30,15,175,4.640059213149e-14,7.770764136203e-13,-8.619853835041e-14,-67114.24585396,199.7305879695,-12955.96428417
30,15,176,4.731121829542e-14,7.74418832837e-13,-9.987909480765e-14,-67766.11787469,-222.5467473491,-12962.97054416
30,15,177,4.562396841517e-14,7.798265437321e-13,-1.365139966907e-13,-69835.27822296,218.4028319002,-13019.33412789
30,15,178,4.33186924407e-14,7.731209304542e-13,-1.44019450055e-13,-68664.59772414,-21.28654158541,-12939.20071343
30,15,179,4.519903723842e-14,7.76673093342e-13,-1.545861985906e-13,-69485.98870275,-11.81564322941,-12956.06245168
30,15,180,4.640956806069e-14,7.739032554255e-13,-1.273771192403e-13,-68240.40698877,111.4901362768,-12921.50969541
30,15,181,4.504228059604e-14,7.764224295942e-13,-1.042896335783e-13,-66115.54696565,11.76636283991,-12936.92000162
30,15,182,4.66793416535e-14,7.813342087455e-13,-1.269424380189e-13,-67865.35555645,-195.8824370978,-13037.50789407
30,15,183,4.676176621304e-14,7.838573585758e-13,-9.624164131815e-14,-68864.88596529,80.67058715272,-13084.77780006
30,15,184,4.778499696375e-14,7.761293035594e-13,-1.015430458845e-13,-69420.77267492,124.9661544347,-12940.14561526
30,15,185,4.615941419596e-14,7.79144766148e-13,-1.347573754675e-13,-70690.99057174,-100.6385543383,-13048.59620379
30,15,186,4.259578641502e-14,7.790671117485e-13,-1.213674848884e-13,-67540.81291391,-137.0731569381,-13003.95979369
30,15,187,4.355275758196e-14,7.671783400829e-13,-1.194122300853e-13,-69998.18758386,269.6305506956,-12827.48818859
30,15,188,4.535631575806e-14,7.724055516032e-13,-1.07883705936e-13,-68687.25903217,125.9924976805,-12897.44409845
30,15,189,4.291216402031e-14,7.81237606483e-13,-1.023007543659e-13,-66804.03054463,41.66539678235,-13050.42475629
30,15,190,4.265193570168e-14,7.677169055947e-13,-1.346817150247e-13,-67520.06894641,-245.8241218103,-12833.39002036
30,15,191,4.32035018878e-14,7.775989928337e-13,-1.080136578105e-13,-70425.46140499,-49.56981130096,-12972.07656812
30,15,192,4.586376928336e-14,7.763594187629e-13,-1.040563118716e-13,-71437.31251823,-187.1704471592,-12973.69267937
30,15,193,4.372334304037e-14,7.684357529264e-13,-1.232671571134e-13,-68707.52868964,-103.3899564941,-12831.88960008
30,15,194,4.758626229064e-14,7.830392847991e-13,-9.533930158484e-14,-66470.18946979,34.27600572062,-13054.15078955
30,15,195,4.454057288354e-14,7.74047373442e-13,-1.180397643226e-13,-66443.06921178,-7.382461184699,-12944.71849398
30,15,196,4.73609537725e-14,7.807866427648e-13,-7.925329158637e-14,-66298.25467344,46.20879997293,-13043.00818071
30,15,197,4.583781610409e-14,7.897961452702e-13,-1.256241720105e-13,-70141.17571252,-349.4316949914,-13154.76779554
30,15,198,4.569343125527e-14,7.783963418624e-13,-1.053145097292e-13,-66256.75095565,-5.879937070269,-12999.15420355
30,15,199,4.666517049999e-14,7.724414704594e-13,-7.124383300143e-14,-67436.34498473,-6.653173745157,-12951.74084372
30,15,200,4.316326955651e-14,7.697511647104e-13,-8.13489921278e-14,-66237.23254527,78.85560122703,-12838.11677068
30,15,201,4.570406044077e-14,7.727906361762e-13,-8.479683579265e-14,-68460.37757332,113.5493844898,-12942.60864363
30,15,202,4.565695769745e-14,7.796361070546e-13,-7.536758923489e-14,-67492.48710224,-92.65302735611,-13038.59170644
30,15,203,4.385599876952e-14,7.731533747141e-13,-1.027018251105e-13,-68354.3084886,-62.36753405093,-12912.9752421
30,15,204,4.494854403079e-14,7.797628997848e-13,-1.375426951177e-13,-70433.36111269,-72.72187179246,-13006.97061987
30,15,205,4.478998603905e-14,7.749098085719e-13,-1.300170988763e-13,-67912.124708,-278.1886101335,-12924.85663116
30,15,206,4.526963574725e-14,7.804377235126e-13,-8.676732776211e-14,-70388.23522565,-69.42648048595,-13025.39694805
30,15,207,4.591016232325e-14,7.752710215022e-13,-4.49296932096e-14,-66432.93114238,-5.867620035484,-13003.9972791
30,15,208,4.483358794951e-14,7.769601607832e-13,-1.221626393227e-13,-67184.92988417,362.9951564219,-12973.03378112
30,15,209,4.455645431729e-14,7.782720878198e-13,-9.886177706357e-14,-68794.69220815,-131.2135679459,-13018.81501554
30,15,210,4.66003643412e-14,7.764590227125e-13,-1.503492580707e-13,-69006.03616756,-107.5666900297,-12952.14384724
30,15,211,4.411884689028e-14,7.715378877567e-13,-1.301053513275e-13,-68143.91259729,114.8471145317,-12891.19423896
30,15,212,4.618414182765e-14,7.811352834469e-13,-1.383785234844e-13,-66615.52655555,72.32896016856,-13043.89623372
30,15,213,4.709197336544e-14,7.761694379907e-13,-1.406880542296e-13,-66586.1889551,-218.0996727081,-12985.4142543
30,15,214,4.434074178031e-14,7.798361857781e-13,-8.841253864226e-14,-66664.46610444,142.0430024249,-13013.01235062
30,15,215,4.788228781677e-14,7.799197507736e-13,-1.401441284139e-13,-68706.40198186,-78.9807058906,-12997.54772552
30,15,216,4.206203090721e-14,7.720412270421e-13,-1.009933909819e-13,-67888.46383273,130.7261303212,-12919.74275693
30,15,217,4.702528419351e-14,7.771863408034e-13,-1.1241383151e-13,-67544.10433494,25.76557703524,-12951.46498551
30,15,218,4.406899782235e-14,7.647608424459e-13,-1.673209700178e-13,-69796.27782648,14.52272034499,-12808.51343205
30,15,219,4.4316639356e-14,7.718797415805e-13,-1.009538603109e-13,-69249.57093953,-221.3574255878,-12934.47595874
30,15,220,4.875086089872e-14,7.752858024644e-13,-6.131829858028e-14,-68733.7418578,193.6070144526,-12951.21717765
30,15,221,4.50854657573e-14,7.803442031553e-13,-1.145371409232e-13,-67791.48727429,-40.19090658363,-13043.76159076
30,15,222,4.594816655168e-14,7.842169004693e-13,-1.126649061852e-13,-69253.82962874,12.55015463072,-13118.94798137
30,15,223,4.49506411275e-14,7.743963041975e-13,-5.979558063202e-14,-68351.50528661,245.4113616481,-12936.66069214
30,15,224,4.366225389702e-14,7.723531720786e-13,-1.127587250945e-13,-65941.74983022,56.36696567494,-12908.15465384
30,15,225,4.281228094169e-14,7.665600027785e-13,-1.150651219671e-13,-65448.38300319,-205.8771914934,-12801.41341851
30,15,226,4.34854240111e-14,7.742403721407e-13,-1.078387154598e-13,-69130.32253897,-215.7431988798,-12979.60950519
30,15,227,4.506545818228e-14,7.767199133772e-13,-1.206724527665e-13,-70433.32491125,2.155659342907,-12942.72262413
30,15,228,4.715380126766e-14,7.856885445934e-13,-1.187624246024e-13,-68767.10161627,-7.450976109949,-13075.48998593
30,15,229,4.707265130234e-14,7.781047630864e-13,-1.346831507602e-13,-70771.52166744,-176.0338725363,-13050.22684328
30,15,230,4.798938410325e-14,7.775355596525e-13,-1.278611225708e-13,-70286.83707931,-166.338837084,-12988.99463363
30,15,231,4.479908157012e-14,7.759420965526e-13,-7.881956103056e-14,-67938.71958532,193.2716245433,-12967.33815636
30,15,232,4.389371208546e-14,7.785265759764e-13,-8.490454636262e-14,-67495.6162229,52.78320195667,-13004.92479175
30,15,233,4.496661666948e-14,7.728915943921e-13,-1.24538797602e-13,-68983.57086647,-111.3385166991,-12891.96788703
30,15,234,4.725753017027e-14,7.79422217758e-13,-8.535040144275e-14,-67790.31669226,37.68927158068,-13045.64142348
30,15,235,4.505030871038e-14,7.726151293404e-13,-1.032397600689e-13,-69710.18301392,-99.16858797066,-12958.2970453
30,15,236,4.713198818792e-14,7.791402158732e-13,-9.942128036172e-14,-66206.03279603,39.5357951401,-13033.12863175
30,15,237,4.633012872243e-14,7.753544522813e-13,-8.896509857914e-14,-69718.61610409,9.929919521584,-12898.08196085
30,15,238,4.631580649311e-14,7.863673364333e-13,-1.459847815631e-13,-70780.57242806,-48.38284274029,-13119.17604003
30,15,239,4.39388450372e-14,7.706422884955e-13,-1.433350790959e-13,-68073.4028756,83.60165884348,-12857.70006352
30,15,240,4.439640966465e-14,7.701106845323e-13,-1.06740360129e-13,-68633.71984876,-72.09492143088,-12905.24889998
30,15,241,4.608025586533e-14,7.748924542626e-13,-1.199440657783e-13,-67991.648794,-48.20842500969,-12940.90725327
30,15,242,4.659730170614e-14,7.843592326804e-13,-1.117096287867e-13,-67706.17993993,136.3777351463,-13117.67547127
30,15,243,4.549829090748e-14,7.759865891333e-13,-1.315517107837e-13,-65707.23123812,-244.3159117628,-12978.55849359
30,15,244,4.399444634448e-14,7.711147979689e-13,-8.480518044911e-14,-67126.87727395,-49.06782275875,-12879.10329373
30,15,245,4.75421852621e-14,7.77687895875e-13,-1.306498511551e-13,-68249.55530762,113.3785098773,-12997.6002734
30,15,246,4.353763126008e-14,7.679404209139e-13,-9.544111018469e-14,-69300.09126289,63.91134448081,-12829.21676913
30,15,247,4.259162446308e-14,7.768785802834e-13,-5.817225311343e-14,-67379.33976786,158.8126481376,-12952.26373892
30,15,248,4.430709331281e-14,7.713458716068e-13,-1.452430037706e-13,-67817.5084885,67.93274427328,-12901.07957768
30,15,249,4.541077148413e-14,7.835676191181e-13,-8.621754159795e-14,-69544.33156433,-48.7841165587,-13048.74476672
30,15,250,4.534207669329e-14,7.820781235618e-13,-8.940106146681e-14,-69594.2856491,-180.0220839953,-13089.03845907
30,15,251,4.236443152441e-14,7.679990761036e-13,-1.329801107747e-13,-67181.05409181,-261.3803312262,-12805.06380493
30,15,252,4.340193332933e-14,7.744765741876e-13,-1.677511623174e-13,-69413.95657221,-150.1078565325,-12910.97012342
30,15,253,4.544777010121e-14,7.787354487126e-13,-9.654959843588e-14,-69307.96420612,-190.1902897958,-12990.17893116
30,15,254,4.471283519505e-14,7.775767814457e-13,-7.28905865552e-14,-69512.49853785,46.29504940202,-13018.07582448
30,15,255,4.444690512957e-14,7.652742435387e-13,-1.221987381581e-13,-68708.95654668,203.5463105639,-12804.4264175
30,15,256,4.593552571049e-14,7.749598683665e-13,-9.477304798736e-14,-69839.29817914,65.18540005598,-12947.65427748
30,15,257,4.536799437391e-14,7.792066177963e-13,-1.455111562222e-13,-68373.15459178,-165.3483354126,-13048.5344534
30,15,258,4.587871023753e-14,7.739343807811e-13,-8.782249375849e-14,-66665.72355439,-178.4384297083,-12959.35940586
30,15,259,4.635003865202e-14,7.874994886661e-13,-1.417253826922e-13,-68041.52056511,-112.0424390906,-13088.33628102
30,15,260,4.34532136113e-14,7.733642311855e-13,-9.371012900448e-14,-68451.1021129,-34.42706225312,-12907.07684281
30,15,261,4.597564720047e-14,7.697072041611e-13,-1.220680477105e-13,-69020.82149476,47.75244216462,-12872.70267746
30,15,262,4.386607808638e-14,7.697598946792e-13,-1.257729217071e-13,-68809.97877102,112.8339827762,-12912.12480829
30,15,263,4.485485812368e-14,7.716615803689e-13,-1.053645642956e-13,-67438.17737355,130.296143558,-12901.36084697
30,15,264,4.567130579738e-14,7.700021818056e-13,-8.81801030834e-14,-66027.97412996,90.46456208836,-12859.17460386
30,15,265,4.493867842013e-14,7.715568252124e-13,-1.638848639084e-13,-69857.62799915,-176.4212769131,-12873.33446403
30,15,266,4.170392179886e-14,7.786619676336e-13,-8.070145493622e-14,-67910.22759134,130.9890023428,-13010.61606417
30,15,267,4.457028689348e-14,7.646159743826e-13,-1.227804338849e-13,-68800.53121113,-243.4089586081,-12820.52888706
30,15,268,4.612899895416e-14,7.782989486511e-13,-1.378126210938e-13,-67660.03258239,-26.32203471429,-12997.69247163
30,15,269,4.739892621732e-14,7.743131292863e-13,-1.093160780775e-13,-70762.891604,-49.31628454417,-12965.9232661
30,15,270,4.625296978707e-14,7.799680745375e-13,-1.29800523597e-13,-67016.02322762,-41.14068547628,-13010.91435619
30,15,271,4.639261234982e-14,7.82707231726e-13,-7.678081015634e-14,-68151.30300178,53.21252588904,-13090.78958801
30,15,272,4.405975970606e-14,7.719810185139e-13,-1.067518245949e-13,-68081.38128958,84.89753272984,-12930.42951086
30,15,273,4.426547789446e-14,7.741760697513e-13,-1.522867037144e-13,-67908.58948948,-42.83607016603,-12980.5276095
30,15,274,4.312886115616e-14,7.683344400176e-13,-8.213111717555e-14,-68301.07091397,155.2211163407,-12829.43858892
30,15,275,4.397767955019e-14,7.724622330853e-13,-9.718810518724e-14,-67175.71637845,-93.60928276326,-12865.65232191
30,15,276,4.589776630876e-14,7.748105846596e-13,-1.23002353457e-13,-70121.22779992,-66.03536518531,-12951.00898478
30,15,277,4.692422747744e-14,7.769447518002e-13,-1.096469874018e-13,-70457.06667709,124.4248392363,-12976.35556242
30,15,278,4.748278082603e-14,7.783269361828e-13,-1.472099067113e-13,-68791.10631105,147.6345993743,-12999.56464749
30,15,279,4.458970678081e-14,7.732250875326e-13,-1.265956011001e-13,-69346.67689424,-90.99047325531,-12909.72405024
30,15,280,4.580007115431e-14,7.724053186815e-13,-7.887541723829e-14,-68639.590618,266.4646569752,-12890.93792885
30,15,281,4.625987115563e-14,7.77518715059e-13,-1.502894803695e-13,-68681.71628976,36.45810704401,-12962.84892273
30,15,282,4.524017191232e-14,7.830783052383e-13,-1.202672440392e-13,-67358.24795134,-184.1707714017,-13067.96421169
30,15,283,4.375093356713e-14,7.74519483437e-13,-8.679829828951e-14,-68907.18307628,-10.97192184068,-12966.76450613
30,15,284,4.562007187778e-14,7.719240956385e-13,-1.164551135819e-13,-69356.68611011,-48.90179390702,-12905.36593581
30,15,285,4.352712371022e-14,7.748093482952e-13,-1.534394454695e-13,-68253.74733988,-166.3781710475,-12883.35666601
30,15,286,4.55928929241e-14,7.680988697994e-13,-7.987586288887e-14,-68712.88437708,-54.04162721602,-12865.37887349
30,15,287,4.701230218748e-14,7.748418158962e-13,-1.385921549892e-13,-68715.42846989,114.2406318125,-12929.37744385
30,15,288,4.504468855359e-14,7.692705726165e-13,-1.114252276769e-13,-67946.72241929,-70.0760779594,-12836.82633094
30,15,289,4.382783265954e-14,7.728864646523e-13,-8.30295561865e-14,-65716.51708282,110.7470995762,-12938.88095141
30,15,290,4.568406325033e-14,7.739204737243e-13,-1.147739682932e-13,-67159.98323912,-180.5235377427,-12938.9403817
30,15,291,4.538293284849e-14,7.834285288394e-13,-1.527884273215e-13,-69318.69906284,-193.9380089907,-13015.23909627
30,15,292,4.578919539296e-14,7.804334025794e-13,-1.01216459469e-13,-67733.5551998,-124.2133817036,-13018.14329806
30,15,293,4.306226284964e-14,7.73959873567e-13,-1.145889092054e-13,-66809.44147524,-12.18446087849,-12924.60695151
30,15,294,4.314779812654e-14,7.732405826982e-13,-1.148216802381e-13,-66401.04577536,-29.95501379652,-12940.3068033
30,15,295,4.49646460504e-14,7.790832206805e-13,-6.989215097908e-14,-67807.00265967,121.7563025645,-12990.1693559
30,15,296,4.640370381157e-14,7.767959671769e-13,-1.189500644621e-13,-65503.37471431,46.10668512098,-12985.67262306
30,15,297,4.733469821471e-14,7.803982477188e-13,-1.1926721608e-13,-68554.56021448,246.5153946029,-13030.91132274
30,15,298,4.774283280092e-14,7.760798294803e-13,-1.113597944786e-13,-69885.53855003,37.91786840877,-12915.61800772
30,15,299,4.696603417947e-14,7.818126101641e-13,-1.340388380289e-13,-71036.53280452,321.1566840464,-13052.03280234
30,15,300,4.439326960643e-14,7.738585701335e-13,-6.568351490459e-14,-67695.70026955,-185.1963594387,-12928.13571552
30,15,301,4.634811741113e-14,7.779869940125e-13,-1.30539551666e-13,-67524.47309826,-329.4971812844,-13040.96703249
30,15,302,4.499744795647e-14,7.72097344037e-13,-9.422332855815e-14,-68140.26985567,225.3273346713,-12904.41965545
30,15,303,4.710078700954e-14,7.734991588064e-13,-1.186024940761e-13,-67471.89652376,-144.9483945985,-12907.85109501
30,15,304,4.74969832974e-14,7.839613438007e-13,-8.577710925857e-14,-66751.05427035,43.92042453246,-13086.4268059
30,15,305,4.631558099035e-14,7.722611802333e-13,-9.687778064385e-14,-67886.15665888,68.02300403292,-12921.31781528
30,15,306,4.537141171026e-14,7.819006454665e-13,-1.427443845926e-13,-67929.73337344,-75.92610898069,-13046.01889897
30,15,307,4.785519064731e-14,7.761119303322e-13,-1.7312696044e-13,-65962.71163818,-113.1503597805,-12941.64903431
30,15,308,4.465829312307e-14,7.697461814133e-13,-2.802212727401e-14,-66889.44699415,49.33636860738,-12864.71025833
30,15,309,4.802360563197e-14,7.787918188848e-13,-9.051729077738e-14,-66771.78438505,-35.84192753212,-13019.87290326
30,15,310,4.408192924447e-14,7.686708835048e-13,-8.521632372438e-14,-68834.11617175,100.8132568572,-12858.14742451
30,15,311,4.597830983885e-14,7.854840815533e-13,-8.436594205047e-14,-68698.527324,-140.3960472533,-13087.50881176
30,15,312,4.725499857263e-14,7.836698955043e-13,-9.853913382982e-14,-68904.23553367,-190.9017572245,-13091.19038394
30,15,313,4.34361166952e-14,7.752850411558e-13,-1.637453533978e-13,-65988.44657429,-217.9176392769,-12962.53041597
30,15,314,4.237034194999e-14,7.713080583305e-13,-8.986056541209e-14,-67826.22909173,77.25365311712,-12889.02855605
30,15,315,4.648223747338e-14,7.793340856569e-13,-1.360275387223e-13,-70780.35775997,-44.0267096306,-12999.85257293
30,15,316,4.588502758702e-14,7.696039313185e-13,-9.892534072253e-14,-69279.04626858,-115.8787042329,-12828.96642962
30,15,317,4.702394565737e-14,7.744921831236e-13,-4.929604979967e-14,-66696.22246305,182.3958353506,-12925.4877836
30,15,318,4.646266027427e-14,7.782489902088e-13,-1.522423637378e-13,-69160.97883467,-103.1427016758,-12973.84707287
30,15,319,4.368426380076e-14,7.629905213738e-13,-1.343736709701e-13,-67839.08738712,-155.1954898423,-12756.19822183
30,15,320,4.448323262134e-14,7.734148937444e-13,-9.07022045603e-14,-67159.60819831,-22.0777186115,-12936.46580108
30,15,321,4.481017248524e-14,7.718004954261e-13,-1.481889348182e-13,-68900.37754457,-60.22160773929,-12908.35701263
30,15,322,4.646869299684e-14,7.791299810319e-13,-9.608210428756e-14,-69801.3909536,-21.66031916617,-13005.65374649
30,15,323,4.71305955389e-14,7.839452234737e-13,-1.244051391475e-13,-67915.85493012,-78.11065023836,-13064.77461793
30,15,324,4.846827612201e-14,7.795340135806e-13,-1.473083322701e-13,-68666.07832467,10.30699588736,-13018.73837261
30,15,325,4.63061813874e-14,7.83099198934e-13,-1.387550210559e-13,-68303.03306066,-82.40432610184,-13112.93063568
30,15,326,4.339174564792e-14,7.79180313332e-13,-1.241717815886e-13,-69002.01569966,127.9938642132,-12968.61947314
30,15,327,4.639086533172e-14,7.744310003504e-13,-9.753938002645e-14,-68223.3150756,136.0799022372,-12954.03598232
30,15,328,4.361729852883e-14,7.650778242878e-13,-9.099976459459e-14,-67405.68090691,-44.87001674783,-12818.65154833
30,15,329,4.278143048951e-14,7.737779399815e-13,-1.303879507699e-13,-67528.24456894,-119.4469601186,-12914.36276629
30,15,330,4.412003132777e-14,7.726219467959e-13,-1.124380384405e-13,-69330.91104935,83.36717469123,-12864.43004942
30,15,331,4.69354600056e-14,7.845637521861e-13,-1.069451170873e-13,-69001.52225814,-242.7094568105,-13094.62868579
30,15,332,4.567703147018e-14,7.846042239272e-13,-1.206113130226e-13,-67458.39170094,24.90306138725,-13085.84528183
30,15,333,4.680546738526e-14,7.811212636671e-13,-1.033519219133e-13,-67351.39187056,123.8761032404,-13015.50042085
30,15,334,4.552155962176e-14,7.64279894851e-13,-1.124107802261e-13,-67967.98404564,-6.255316590365,-12806.0875169
30,15,335,4.530579444071e-14,7.77501848077e-13,-8.242109939144e-14,-70957.87559635,68.2066852647,-12958.01438313
30,15,336,4.463361289021e-14,7.682113653543e-13,-1.06114032985e-13,-69497.13676184,-134.4595616344,-12821.74113822
30,15,337,4.724840548304e-14,7.718664009844e-13,-9.24106999992e-14,-69541.69135338,246.1248478538,-12928.94869856
30,15,338,4.397638498088e-14,7.73087896331e-13,-1.473714788778e-13,-68941.47795796,-125.6827367979,-12925.62169568
30,15,339,4.170645932941e-14,7.725337176455e-13,-1.252593696973e-13,-69020.60692532,136.0733189548,-12904.12105118
30,15,340,4.594062900238e-14,7.781794220423e-13,-6.032679578648e-14,-69156.35920447,-199.0722654147,-13000.36657505
30,15,341,4.64705014494e-14,7.792510998326e-13,-9.961951004262e-14,-67791.80317546,140.7323023389,-13044.2253301
30,15,342,4.504353156371e-14,7.809278335802e-13,-9.975137450322e-14,-67740.55795505,-111.146797906,-13054.83293635
30,15,343,4.546351469432e-14,7.762712026365e-13,-5.059417053024e-14,-66543.96774116,26.79358707494,-12992.97218449
30,15,344,4.733710537842e-14,7.737254292511e-13,-8.435224813986e-14,-67590.3273771,-37.74448492557,-12922.74227617
30,15,345,4.51090712837e-14,7.622184335329e-13,-9.828617251335e-14,-68582.82121308,150.8140687524,-12749.87888307
30,15,346,4.570738438972e-14,7.834782366628e-13,-1.044469060286e-13,-68970.11888865,103.9166434705,-13038.95113173
30,15,347,4.848654543986e-14,7.827649524013e-13,-1.460916283222e-13,-70768.68725748,-145.8422952161,-13063.12151266
30,15,348,4.031723915557e-14,7.736688609101e-13,-1.057478294294e-13,-70351.29992292,30.72894414465,-12913.74410914
30,15,349,4.423707064799e-14,7.792558772276e-13,-1.018903467484e-13,-67461.3416687,282.2447503768,-12953.41903341
30,15,350,4.621802953411e-14,7.817848070765e-13,-1.073470669875e-13,-67466.911648,21.38007778513,-13000.23353062
30,15,351,4.558674571043e-14,7.731008026846e-13,-9.793552473606e-14,-68278.14918741,-56.26011177491,-12965.1205732
30,15,352,4.468153921787e-14,7.730314417364e-13,-8.064482808754e-14,-68557.18087798,83.69571052033,-12868.90283552
30,15,353,4.809382983343e-14,7.840645581082e-13,-8.858118943258e-14,-70511.47711743,47.96768005901,-13090.92141435
30,15,354,4.310680380603e-14,7.634441086212e-13,-7.200480017072e-14,-69892.3572341,192.1655604618,-12754.94200314
30,15,355,4.514997401904e-14,7.763605428702e-13,-8.904300888814e-14,-69255.96650697,241.9733273739,-12963.9943677
30,15,356,4.700960691315e-14,7.678313366034e-13,-1.212454058073e-13,-70867.75566731,-0.6595431070602,-12909.81486416
30,15,357,4.778709138107e-14,7.768196295682e-13,-1.2643820679e-13,-67751.51384573,-12.17109495904,-12933.44604254
30,15,358,4.318928352312e-14,7.715771471424e-13,-1.257057581068e-13,-66925.12035775,-168.6171615366,-12895.51219458
30,15,359,4.39048693673e-14,7.71892246349e-13,-1.163461443085e-13,-69823.10915597,-0.3855173875269,-12898.60468961
30,15,360,4.560735851834e-14,7.729364095139e-13,-1.320375157391e-13,-66945.52012527,-142.6779416315,-12900.92548108
30,15,361,4.496069367875e-14,7.720768877779e-13,-1.281694749537e-13,-70042.41969918,-59.92666993346,-12925.49514182
30,15,362,4.577410635111e-14,7.787699328404e-13,-1.101966508685e-13,-66355.68341498,2.324951731204,-12989.0389317
30,15,363,4.490243401274e-14,7.699190710459e-13,-1.059734674243e-13,-68145.1066444,-103.3531881851,-12843.45863604
30,15,364,4.663567334093e-14,7.711040665906e-13,-9.383795528069e-14,-68620.59312376,230.7964259771,-12885.98868334
30,15,365,4.462318028585e-14,7.704913571631e-13,-1.968900749187e-13,-69974.71964755,-226.2331690091,-12876.09582032
30,15,366,4.614868129672e-14,7.80394871674e-13,-1.071839106255e-13,-67272.16315344,-98.53149475064,-13016.99597561
30,15,367,4.379653529781e-14,7.773733404193e-13,-9.999889578258e-14,-67728.63263962,-38.26241987318,-13023.81064934
30,15,368,4.986153705338e-14,7.785912669302e-13,-6.707358315359e-14,-69662.192944,142.5321186586,-12966.81763322
30,15,369,4.57254648101e-14,7.821234908799e-13,-5.542796065265e-14,-63888.58929585,11.83226209219,-13040.0765216
30,15,370,4.372176779101e-14,7.737297723017e-13,-1.347197431695e-13,-66319.09180895,-203.2035430948,-12938.510923
30,15,371,4.3641095348e-14,7.763340126866e-13,-1.101182835125e-13,-67923.38407362,84.60240116947,-12919.55020953
30,15,372,4.522909110625e-14,7.774856576473e-13,-1.332056616594e-13,-68733.06799397,-174.3150306364,-13022.85334931
30,15,373,4.597028156872e-14,7.675902451866e-13,-8.466285931734e-14,-69116.2649067,59.40117253953,-12852.07706063
30,15,374,4.386221499679e-14,7.811031068668e-13,-1.196733857894e-13,-69161.52373646,82.85873729431,-13044.80982512
30,15,375,4.565875846582e-14,7.751917484057e-13,-9.5186377352e-14,-68854.54732259,30.6597468471,-12976.53726225
30,15,376,4.460429816075e-14,7.63258992087e-13,-1.452092070547e-13,-69353.88080565,-50.56016042581,-12765.47756372
30,15,377,4.63273344628e-14,7.711939970438e-13,-1.065407972522e-13,-68917.13997841,33.91169563148,-12923.48732456
30,15,378,4.706411303959e-14,7.781476920902e-13,-1.003088502591e-13,-72227.11794616,-43.3056732119,-13020.09776788
30,15,379,4.595608437148e-14,7.784629180051e-13,-1.318200242929e-13,-68182.41297163,-82.25271323515,-13024.95121862
30,15,380,4.514109651816e-14,7.74294343191e-13,-1.187490869749e-13,-68457.25023668,56.36992598563,-12963.31868209
30,15,381,4.571185092947e-14,7.801697517102e-13,-1.24537101481e-13,-69936.6339794,-14.39765931835,-13008.8093676
30,15,382,4.6467509732e-14,7.749548048941e-13,-9.810128922061e-14,-69271.09915077,28.45539642821,-12931.15744805
30,15,383,4.516702590943e-14,7.74760298741e-13,-1.0119540129e-13,-71142.98399127,-104.4529300315,-12928.4147008
30,15,384,4.382309120706e-14,7.760027897823e-13,-1.177384516977e-13,-67288.83592893,-24.18758983494,-12964.23497732
30,15,385,4.628246990053e-14,7.785453721496e-13,-1.049329147447e-13,-68310.4529216,-56.00042343547,-12994.05859754
30,15,386,4.594341211763e-14,7.645451962135e-13,-1.140824636455e-13,-65780.60771991,0.2293871889246,-12798.92684212
30,15,387,4.577540788131e-14,7.766515671593e-13,-9.539366493483e-14,-68509.71233296,96.08729063473,-12943.33002084
30,15,388,4.672294081118e-14,7.767698918528e-13,-1.381184180785e-13,-67656.49249872,167.8933868498,-12969.05721286
30,15,389,4.607051446558e-14,7.716789244377e-13,-5.567879888349e-14,-68555.17019895,-30.0464950428,-12889.3259829
30,15,390,4.78590304939e-14,7.811176579155e-13,-5.838135340325e-14,-67939.53443709,175.9605854646,-13060.76378843
30,15,391,4.566035318267e-14,7.712896729932e-13,-1.532414246897e-13,-70464.08871998,-96.11042365142,-12859.3198551
30,15,392,4.486741366857e-14,7.792438863741e-13,-1.198841882584e-13,-68032.23851704,179.8034655341,-12999.41052573
30,15,393,4.793029466652e-14,7.730759835937e-13,-6.949787624379e-14,-67217.97140071,-135.5759296183,-12895.45135122
30,15,394,4.65292719415e-14,7.739707877653e-13,-9.220939151342e-14,-67464.89926809,8.631809753096,-12932.64362096
30,15,395,4.609324399915e-14,7.757282654863e-13,-1.223441238299e-13,-67160.80338196,-98.12455373235,-12971.51541962
30,15,396,4.354357897954e-14,7.760724187826e-13,-1.03304242058e-13,-66393.68308258,-219.7414157993,-12979.03759256
30,15,397,4.143432258423e-14,7.655925664757e-13,-1.113549753565e-13,-66964.30942366,-61.12653308987,-12792.98005038
30,15,398,4.465479279301e-14,7.765315363356e-13,-1.315119310775e-13,-69842.15409571,-79.75786410435,-12958.45103463
30,15,399,4.394034216778e-14,7.782175309692e-13,-1.476417532279e-13,-66990.7236973,-95.86920008106,-13018.38024225
30,15,400,4.437487136785e-14,7.737033187772e-13,-9.166636509832e-14,-69536.04765457,-22.16046704053,-12937.63656549
30,15,401,4.772358149033e-14,7.873448001736e-13,-1.338232913836e-13,-67740.04554148,121.7449555316,-13186.51350586
30,15,402,4.445439655871e-14,7.730276044055e-13,-1.177756013999e-13,-68373.07460685,-126.8638246217,-12900.36623487
30,15,403,4.662773690381e-14,7.851907666525e-13,-8.681542096267e-14,-68333.37065617,79.85304174083,-13129.64127801
30,15,404,4.671288251072e-14,7.727511735443e-13,-6.240643948346e-14,-66959.85545453,84.52944026402,-12932.45801748
30,15,405,4.52371419286e-14,7.800975868865e-13,-6.995454543405e-14,-67307.65504185,27.93776062674,-13005.65432763
30,15,406,4.538306358022e-14,7.722172686975e-13,-1.092330106621e-13,-67653.97927903,195.489246392,-12889.29465461
30,15,407,4.569801322627e-14,7.813334682095e-13,-1.181897913685e-13,-68396.77469358,-47.34860590108,-13061.21378681
30,15,408,4.540306657096e-14,7.792493789653e-13,-1.217348560285e-13,-68532.52738293,199.8893405622,-13024.56962269
30,15,409,4.794595841292e-14,7.768450109755e-13,-1.327723679536e-13,-68101.72038233,135.3527471605,-12943.92594864
30,15,410,4.369710224017e-14,7.708264420046e-13,-1.054149711784e-13,-67780.70275658,-100.3400695647,-12925.98787981
30,15,411,4.321987871473e-14,7.781011500359e-13,-1.380896548948e-13,-67365.33035909,-105.8103787606,-12986.2101599
30,15,412,4.388664943022e-14,7.713094668706e-13,-6.800825708802e-14,-68942.46879167,245.603074714,-12857.88641755
30,15,413,4.742623105126e-14,7.742611636233e-13,-1.611156578391e-13,-66333.7744306,-118.4402215724,-12862.19258686
30,15,414,4.547574062104e-14,7.709510987372e-13,-1.005970301784e-13,-67382.34892998,58.0794992993,-12888.73829853
30,15,415,4.879120279012e-14,7.751458473642e-13,-8.259044717476e-14,-67429.11814159,39.37230206436,-12909.61309674
30,15,416,4.567242634907e-14,7.773560816718e-13,-1.163686679049e-13,-68119.60367257,4.539445270812,-12997.21120303
30,15,417,4.62117129059e-14,7.739434035596e-13,-1.389760441836e-13,-70129.71414001,74.95501016553,-12938.38421743
30,15,418,4.570562004667e-14,7.796351481883e-13,-1.37313902851e-13,-67721.07888279,-215.200826908,-13003.98358759
30,15,419,4.72412686657e-14,7.739555543564e-13,-1.114101611109e-13,-66161.66927836,-165.9098122669,-12917.56725324
30,15,420,4.7665217776e-14,7.819578184517e-13,-1.436721087851e-13,-71270.70405293,-159.2956306316,-13008.5912412
30,15,421,4.376958950454e-14,7.82097582143e-13,-8.150074801659e-14,-67345.68025958,222.8625373226,-13053.51897455
30,15,422,4.594756215869e-14,7.758690027484e-13,-1.24112591791e-13,-67792.00303938,2.502155991077,-12945.80412423
30,15,423,4.409326886446e-14,7.690462329675e-13,-1.016180305195e-13,-67691.9574669,162.2095186295,-12885.9049441
30,15,424,4.441842555531e-14,7.771229552899e-13,-1.211024676972e-13,-67521.1035364,68.32305863397,-12996.8793422
30,15,425,4.66576419851e-14,7.762383420469e-13,-1.189207860222e-13,-68756.99967664,58.76909946142,-12972.68242922
30,15,426,4.296536977428e-14,7.818609809787e-13,-1.327127629278e-13,-67731.16162997,-4.296744198999,-13111.8013601
30,15,427,4.412180366139e-14,7.70899889567e-13,-9.401255623296e-14,-65692.6741036,85.09990932456,-12888.85918474
30,15,428,4.580823419316e-14,7.703193531698e-13,-1.190545615984e-13,-67531.04286638,-188.3583596743,-12871.45621452
30,15,429,4.454930416694e-14,7.836331939548e-13,-1.046689528856e-13,-68525.14418616,-7.640361809372,-13050.24407986
30,15,430,4.714164570268e-14,7.776424808862e-13,-1.540063739828e-13,-68083.79068908,20.79284154332,-13001.13695129
30,15,431,4.390704529021e-14,7.784734129406e-13,-5.840513232108e-14,-67676.07689773,-15.7079662385,-12985.40604583
30,15,432,4.261481116967e-14,7.731229138001e-13,-8.439853401932e-14,-65978.9909167,-52.28359467357,-12903.72566604
30,15,433,4.84860187232e-14,7.760966474944e-13,-5.285152782454e-14,-67872.32275949,-163.594071869,-12960.65719753
30,15,434,4.783435656011e-14,7.760863682224e-13,-1.048006296649e-13,-69359.56053483,31.78697103756,-12947.3796446
30,15,435,4.492613388039e-14,7.711127103103e-13,-8.78340720199e-14,-68625.09809223,176.0045688222,-12890.82390848
30,15,436,4.598051482563e-14,7.774899846913e-13,-1.198313118856e-13,-66715.75185723,-416.3599678337,-12994.01353074
30,15,437,4.702722132418e-14,7.823409666631e-13,-1.042283687716e-13,-67408.79798643,-60.84156649389,-13066.75232266
30,15,438,4.560973550246e-14,7.777108018634e-13,-1.37548510208e-13,-69533.09922462,72.58375027891,-13023.22201522
30,15,439,4.508145641243e-14,7.721155998551e-13,-1.111398317555e-13,-66971.55220205,-18.03823341111,-12889.42610851
30,15,440,4.326946893094e-14,7.782985478016e-13,-1.174316103839e-13,-68032.98561246,-91.0264888702,-12990.34022121
30,15,441,4.644238914204e-14,7.738751343732e-13,-1.061448009907e-13,-70293.40546947,12.11413261324,-12950.80114423
30,15,442,4.445994105616e-14,7.824718856003e-13,-1.623975214411e-13,-67063.20924998,-195.8685849038,-13031.06061271
30,15,443,4.251101168134e-14,7.751624780278e-13,-1.387531300419e-13,-69617.92697112,79.49658544649,-12990.48824265
30,15,444,4.506912026068e-14,7.748712103317e-13,-1.183823186567e-13,-68176.14304142,126.7861299581,-12951.81315279
30,15,445,4.695146030731e-14,7.656964263625e-13,-8.971223310064e-14,-69992.40560148,-4.237630156798,-12826.58872564
30,15,446,4.626998576494e-14,7.74295132027e-13,-1.008204309706e-13,-67735.11007704,125.5979819716,-12930.4029959
30,15,447,4.326992143755e-14,7.736900699485e-13,-1.179198976545e-13,-67994.29498311,-51.72872603473,-12862.21307535
30,15,448,4.330726329602e-14,7.728886073577e-13,-1.194547516962e-13,-68210.44779608,158.3218534492,-12941.69740907
30,15,449,4.78052742292e-14,7.777140448222e-13,-1.27300224192e-13,-69615.11412245,43.01434282348,-12996.03062013
30,15,450,4.802855312894e-14,7.741784273365e-13,-1.068468156836e-13,-69730.29259822,20.63846239825,-12963.77880956
30,15,451,4.440915046612e-14,7.762897077289e-13,-8.715871745415e-14,-67884.83906286,-58.43530739411,-12979.6984801
30,15,452,4.325038919334e-14,7.658434056161e-13,-1.521612875357e-13,-69150.49209318,51.46805270014,-12802.85475527
30,15,453,4.611117483771e-14,7.734946417985e-13,-1.507965068577e-13,-67631.41737823,6.974343791419,-12917.98547625
30,15,454,4.350239749617e-14,7.712933261302e-13,-1.123540321163e-13,-70027.73609216,100.8509901829,-12933.23597135
30,15,455,4.348080350711e-14,7.716890390357e-13,-1.008861773477e-13,-70212.08837466,-40.26802618901,-12878.94562436
30,15,456,4.761018094955e-14,7.763777864548e-13,-7.079114194884e-14,-67106.82270591,51.67854814105,-13003.72989697
30,15,457,4.896855564548e-14,7.823777372276e-13,-7.382804115433e-14,-67378.3810073,166.5371189681,-13094.57217342
30,15,458,4.543491165783e-14,7.758716756237e-13,-1.099341869333e-13,-71158.20921031,-12.2513213374,-12951.0222275
30,15,459,4.445379012694e-14,7.738551887479e-13,-8.323267429539e-14,-69404.16799396,283.9377395697,-12924.72773144
30,15,460,4.481859389376e-14,7.72800503355e-13,-1.039869531714e-13,-67540.14065247,-288.5478543487,-12908.93187455
30,15,461,4.434920806517e-14,7.711871029259e-13,-1.541630919575e-13,-67919.781215,-171.0281046093,-12878.45298827
30,15,462,4.421844719612e-14,7.836420932758e-13,-9.679324510727e-14,-69483.35830875,160.5507007665,-13070.06304403
30,15,463,4.912787009499e-14,7.786509151151e-13,-1.021867047278e-13,-69117.08260481,-31.52634258041,-13041.91900802
30,15,464,4.417030379727e-14,7.83047059347e-13,-7.233134630455e-14,-67474.81871368,-39.10182367521,-13047.50130914
30,15,465,4.6052664972e-14,7.796920475392e-13,-1.228377269674e-13,-69026.58095936,10.72177923336,-13012.30355147
30,15,466,4.684224153732e-14,7.781660290909e-13,-9.689916223567e-14,-64902.97890343,157.8683808129,-12987.92900705
30,15,467,4.894065859047e-14,7.842045816835e-13,-1.377016543971e-13,-69882.61851186,69.46473521723,-13083.3232666
30,15,468,4.261059348044e-14,7.661741175356e-13,-9.401359821692e-14,-68515.69346513,231.9026066706,-12819.34513955
30,15,469,4.602422478732e-14,7.770645241221e-13,-6.635893289098e-14,-71776.09893951,128.5717800903,-13016.94804403
30,15,470,4.880026329137e-14,7.755828182284e-13,-1.063551518557e-13,-66801.86524001,-6.509822059148,-12954.40949982
30,15,471,4.542607307544e-14,7.853373868214e-13,-1.023033066639e-13,-68630.27953904,-157.0994759215,-13088.64600903
30,15,472,4.519037646536e-14,7.753632543928e-13,-1.239571269796e-13,-64371.25031384,-90.02592289875,-12959.650746
30,15,473,4.631712953787e-14,7.712366892317e-13,-9.017338169733e-14,-66974.54406407,42.36986958835,-12883.99511574
30,15,474,4.766457974797e-14,7.837315397298e-13,-1.059356502601e-13,-66736.51654962,6.148390459606,-13056.59664618
30,15,475,4.653907479024e-14,7.803363931173e-13,-9.02763256165e-14,-67917.08077416,-12.46876908456,-13047.02976124
30,15,476,4.460686522498e-14,7.766528153657e-13,-1.329763378641e-13,-69154.94477146,62.88843596455,-12922.15012822
30,15,477,4.489867258558e-14,7.789001169338e-13,-5.483828056873e-14,-67721.99130726,245.5119198296,-13058.07816447
30,15,478,4.678154486615e-14,7.718826130635e-13,-9.290563997815e-14,-67876.84132463,0.6206673114051,-12937.97560278
30,15,479,4.630833461291e-14,7.777681289636e-13,-7.59079545632e-14,-67634.35775366,-14.8425195224,-13006.64969029
30,15,480,4.845704699626e-14,7.823523038909e-13,-1.195308047701e-13,-68503.75561572,21.98877415145,-13033.66734573
30,15,481,4.795785480166e-14,7.792065033093e-13,-1.194705456447e-13,-69028.97965731,-232.3355267659,-13024.21320842
30,15,482,4.390341703948e-14,7.802437612224e-13,-9.810368361345e-14,-69436.33840624,100.8014138979,-12991.75706772
30,15,483,4.474098234283e-14,7.770152294609e-13,-1.166755526015e-13,-68398.38029515,6.828093598605,-12996.55062588
30,15,484,4.60966218151e-14,7.755295548076e-13,-1.228842319777e-13,-68008.0182816,-184.6443857438,-12916.24676684
30,15,485,4.886967227999e-14,7.911228995256e-13,-1.347447740685e-13,-69480.96671265,150.5192958381,-13195.02563823
30,15,486,4.429254715223e-14,7.691715911688e-13,-9.487239106327e-14,-65236.69233717,9.648180568152,-12892.90233473
30,15,487,4.580150601199e-14,7.76397406323e-13,-1.350513814365e-13,-68411.37181751,-14.94192460329,-12956.4532679
30,15,488,4.474371685776e-14,7.608818278008e-13,-8.852579850759e-14,-68614.73054228,129.8584790594,-12729.39632287
30,15,489,4.549693649463e-14,7.71590759318e-13,-1.214794626775e-13,-67749.64042357,-136.0241085149,-12892.07447323
30,15,490,4.913365866567e-14,7.769871326543e-13,-7.437942503346e-14,-67286.0339755,-135.6208341479,-12943.24147425
30,15,491,4.585822969306e-14,7.764113273471e-13,-1.21922424374e-13,-69817.37773625,26.71944726016,-12967.54891083
30,15,492,4.604774650528e-14,7.783739087799e-13,-1.085072979716e-13,-68577.61253448,-33.61548141229,-12999.33492075
30,15,493,4.541661014681e-14,7.679538395609e-13,-9.057945985148e-14,-69173.75615414,106.429005818,-12851.25264343
30,15,494,4.686847943248e-14,7.783314296031e-13,-9.858790282555e-14,-69916.24745729,57.90949939277,-13046.06702617
30,15,495,4.573331715219e-14,7.746346692412e-13,-1.105869456972e-13,-67785.10679902,13.41874053675,-12943.58098261
30,15,496,4.668729333143e-14,7.794124112649e-13,-1.102815689057e-13,-68411.07210396,-137.3752239705,-13051.12276207
30,15,497,4.712174822829e-14,7.78373820008e-13,-9.65755268573e-14,-68465.45884385,347.0301390824,-13021.63619996
30,15,498,4.339498824155e-14,7.732907845871e-13,-1.301722470126e-13,-66697.17110409,101.5738015955,-12945.49551531
30,15,499,4.75402990193e-14,7.814623206544e-13,-8.629590409421e-14,-68630.82444261,34.17651983784,-13042.25475428
30,15,500,4.350231666555e-14,7.731940279734e-13,-1.416504305663e-13,-69459.04662632,4.315220562084,-12920.74745006
30,15,501,4.313718835138e-14,7.754767977901e-13,-8.983571439502e-14,-68530.06557557,218.6197397081,-12983.10811734
30,15,502,4.67425968219e-14,7.795048790212e-13,-8.854553387379e-14,-67820.20673321,34.42802114349,-12996.154012
30,15,503,4.734151221934e-14,7.740359804945e-13,-1.539805906648e-13,-69286.03066058,57.77618320332,-12938.95241203
30,15,504,4.536301104522e-14,7.720063349026e-13,-1.004216551285e-13,-68481.86910492,30.53523770335,-12944.96424158
30,15,505,4.611606590273e-14,7.736360791183e-13,-1.52790387657e-13,-67504.94605368,-33.60507417194,-12980.91769106
30,15,506,4.567657432434e-14,7.767911674119e-13,-1.02188393682e-13,-68410.51979866,-82.51016485342,-13007.92148964
30,15,507,4.361105766342e-14,7.803780480902e-13,-7.65072339062e-14,-69605.69704908,-20.43002948597,-13047.67036853
30,15,508,4.487144385699e-14,7.768593950482e-13,-9.392760717089e-14,-67328.27557472,29.24930740704,-12990.96908071
30,15,509,4.003688364148e-14,7.71158487971e-13,-8.908566848559e-14,-68544.79132675,-104.7911758232,-12824.44780504
30,15,510,4.473678016963e-14,7.734953616185e-13,-8.52483675049e-14,-68110.68622086,239.269426653,-12940.1325596
30,15,511,4.229528138755e-14,7.722879989446e-13,-8.584408752927e-14,-67294.9826916,56.6592585687,-12910.53682895
30,15,512,4.297100336234e-14,7.737272819111e-13,-1.033894146898e-13,-67657.30537517,72.95002881404,-12936.39842908
30,15,513,4.554739865863e-14,7.843064743417e-13,-1.489576882853e-13,-69683.86780019,-103.1448319961,-13070.56032727
30,15,514,4.588714414952e-14,7.741050942839e-13,-1.08667425225e-13,-68036.03527483,-61.97878318157,-12944.8631579
30,15,515,4.64547789998e-14,7.805895024077e-13,-1.120452707766e-13,-68852.35789407,-21.75168919029,-13026.00416437
30,15,516,4.395069631634e-14,7.736781139166e-13,-1.458762081618e-13,-68682.68907252,81.67033302888,-12912.69437638
30,15,517,4.674616285544e-14,7.81489279278e-13,-1.217805182799e-13,-67666.8523888,-178.6743952281,-13041.73187475
30,15,518,4.505088117521e-14,7.785986321095e-13,-1.173258134091e-13,-67031.65469312,124.84394718,-13010.39666897
30,15,519,4.697432023089e-14,7.805372342246e-13,-1.019755373466e-13,-68872.61847137,-13.07402781109,-12990.14523582
30,15,520,4.742917276939e-14,7.815262202735e-13,-9.139016897326e-14,-67031.64389196,-102.4048512957,-13051.50779152
30,15,521,4.426179210906e-14,7.684285021712e-13,-1.748948776235e-13,-70044.554393,-10.84139111029,-12831.47351242
30,15,522,4.496193129259e-14,7.715327579606e-13,-8.074426278768e-14,-68035.69588477,30.14551532155,-12911.32650054
30,15,523,4.581360062618e-14,7.76441998683e-13,-1.403513215003e-13,-70705.40878747,14.62178255601,-12994.7503969
30,15,524,4.11152553661e-14,7.703783147466e-13,-1.106009518429e-13,-67009.5769086,-4.231904838632,-12906.4737904
30,15,525,4.49769829384e-14,7.745430585456e-13,-6.948687099595e-14,-68015.211138,-5.445339685991,-12920.51747245
30,15,526,4.637346332651e-14,7.872567260658e-13,-1.154485246655e-13,-66818.68984387,-73.09698612046,-13166.25897405
30,15,527,4.542843670464e-14,7.718209159635e-13,-8.340900786964e-14,-67978.60615808,-1.735322848189,-12884.71722646
30,15,528,4.488438560754e-14,7.675710557754e-13,-1.004155156503e-13,-68392.58418287,11.82275469976,-12852.51640934
30,15,529,4.504326361197e-14,7.661777634301e-13,-1.181061108076e-13,-68415.78303355,126.9126817968,-12799.89538288
30,15,530,4.674928480654e-14,7.753296065393e-13,-1.008284343249e-13,-68950.53544896,97.46781934238,-12958.63284206
30,15,531,4.246435517644e-14,7.628658293325e-13,-9.576571317237e-14,-68813.52596284,-12.05134540057,-12754.05820227
30,15,532,4.489010865651e-14,7.69459626161e-13,-1.185988497363e-13,-65719.07096809,11.64613050759,-12859.5240276
30,15,533,4.301897138473e-14,7.817001258482e-13,-1.291831084858e-13,-71316.60719843,-151.9780560097,-13047.54342896
30,15,534,4.57183682846e-14,7.820712455765e-13,-9.019668365281e-14,-68320.80704075,-28.66515939586,-13086.31374298
30,15,535,4.53916363433e-14,7.710321941594e-13,-7.541634117798e-14,-68238.86170994,54.1562030179,-12888.44354184
30,15,536,4.3386812714e-14,7.75197272185e-13,-8.541848364092e-14,-69321.905777,-123.0706299887,-12974.54163426
30,15,537,4.665737792759e-14,7.775274023944e-13,-1.451724911121e-13,-70626.47362181,-441.523607904,-12996.7453477
30,15,538,4.506391271575e-14,7.831690522264e-13,-1.148113283614e-13,-67833.02854263,83.1001559217,-13062.45493809
30,15,539,4.284385703307e-14,7.845706096057e-13,-9.930795177874e-14,-68937.84821455,7.102784067915,-13062.4211583
30,15,540,4.695877290587e-14,7.756649302366e-13,-1.166275762283e-13,-67468.15046945,-27.98252321465,-12992.46289657
30,15,541,4.439508811126e-14,7.690971665159e-13,-1.565502592923e-13,-69519.58704563,-239.0489450216,-12860.96678614
30,15,542,4.525524127685e-14,7.712067459902e-13,-1.2989557257e-13,-70509.30240109,-103.2458265912,-12916.13086034
30,15,543,4.602421841826e-14,7.76263319682e-13,-1.050316509016e-13,-66389.98106835,-48.0054387535,-12974.66561274
30,15,544,4.543918274928e-14,7.72430804147e-13,-1.020062302634e-13,-67608.62629771,-59.38931000546,-12938.2152412
30,15,545,4.445133004803e-14,7.773205225765e-13,-1.305439537275e-13,-67789.3205808,31.31686022375,-12979.80961749
30,15,546,4.404536273256e-14,7.58714315323e-13,-1.650081978427e-13,-68805.68534635,90.39274806559,-12691.47411473
30,15,547,4.31933717235e-14,7.748226805149e-13,-1.302530640162e-13,-68554.4045981,-173.4282881342,-12943.52504149
30,15,548,4.26609172821e-14,7.765235539097e-13,-1.017946243797e-13,-67053.34274543,-105.6638267929,-12921.72521636
30,15,549,4.31060878128e-14,7.702175597954e-13,-1.183610375099e-13,-67077.56385568,-56.98120145436,-12842.73693173
30,15,550,4.519727235377e-14,7.700056121778e-13,-1.554186352122e-13,-68064.06893311,101.3421225638,-12855.6853013
30,15,551,4.629343940629e-14,7.731694052713e-13,-7.628775306761e-14,-67621.60043712,-192.8325931454,-12905.49978411
30,15,552,4.4260468133e-14,7.6940142326e-13,-1.094689935053e-13,-71174.35251634,-57.00922467718,-12851.33152591
30,15,553,4.120116668985e-14,7.701533660695e-13,-9.974484836349e-14,-69220.06513888,-0.03355425750028,-12892.1943439
30,15,554,4.559275752383e-14,7.765563831569e-13,-1.431747036304e-13,-69949.74960828,-194.3536547244,-12945.1863421
30,15,555,4.635407925565e-14,7.739588544161e-13,-1.021982179199e-13,-70110.49509483,-126.2514130658,-12933.70035958
30,15,556,4.447396318419e-14,7.78155439087e-13,-1.440192674162e-13,-67916.50597507,-171.9328034462,-12980.05236158
30,15,557,4.545314914797e-14,7.734267785095e-13,-1.018292715052e-13,-70107.20561269,-77.64245148975,-12914.46900351
30,15,558,4.518703398741e-14,7.754734475914e-13,-8.276149933224e-14,-69919.01671967,356.1476365488,-12982.50395432
30,15,559,4.618202168569e-14,7.754789711191e-13,-1.078061203694e-13,-69772.32190701,90.48219301083,-13001.3755024
30,15,560,4.559811399322e-14,7.741316581196e-13,-1.562756670373e-13,-68563.51223997,-164.3442564823,-12977.1621213
30,15,561,4.335425954393e-14,7.704497362807e-13,-9.964420097969e-14,-68873.7003032,125.1655501758,-12885.30667824
30,15,562,4.385972522141e-14,7.730931719833e-13,-1.15347907317e-13,-67784.93517269,-22.5918879054,-12891.77091544
30,15,563,4.563920278653e-14,7.729394707529e-13,-7.361423252927e-14,-68088.40277983,-13.92650782339,-12927.03151896
30,15,564,4.50920622401e-14,7.753383301148e-13,-6.941115501451e-14,-68788.98753584,6.091933170584,-12916.52554222
30,15,565,4.834365940497e-14,7.795946514985e-13,-5.061770952317e-14,-66782.76221678,38.56106287804,-13030.3643195
30,15,566,4.436555753386e-14,7.832683043043e-13,-1.144773970957e-13,-67289.14541852,-66.05027607921,-13081.05293814
30,15,567,4.568988091519e-14,7.720673617833e-13,-9.630902302115e-14,-67423.10704378,-77.12143866147,-12877.78095673
30,15,568,4.641231922406e-14,7.666717221069e-13,-1.304781849529e-13,-67783.0593691,21.88706740656,-12829.16396886
30,15,569,4.488389632845e-14,7.734430510398e-13,-1.114969878073e-13,-66669.34843536,158.0560676226,-12935.5248827
30,15,570,4.647184166324e-14,7.680171078278e-13,-1.20821244226e-13,-69216.33939255,-151.4431184384,-12872.82445469
30,15,571,4.489819948278e-14,7.735423064923e-13,-9.900768978917e-14,-67881.37338481,-12.33732475991,-12920.09647118
30,15,572,4.350749761339e-14,7.697026927047e-13,-1.436821362479e-13,-68487.42691458,42.83878277587,-12839.87364136
30,15,573,4.341990174494e-14,7.79524221547e-13,-1.822652358203e-13,-68941.83124761,-233.0900186462,-13023.45194345
30,15,574,4.200809781392e-14,7.706803811642e-13,-7.729491654326e-14,-65617.19955375,46.22961661925,-12895.19951888
30,15,575,4.315265371043e-14,7.759382348293e-13,-1.575905039843e-13,-68523.0759514,-246.6693685824,-12932.61720937
30,15,576,4.300796115383e-14,7.641397076569e-13,-7.844148078357e-14,-67814.91847934,211.7631028335,-12777.51612978
30,15,577,4.682609212461e-14,7.730198856596e-13,-6.894308882301e-14,-66135.05302061,-16.78316091362,-12894.51914269
30,15,578,4.509116219155e-14,7.771802264922e-13,-7.412232520859e-14,-68757.59388448,92.64980186995,-12962.60357029
30,15,579,4.457509620583e-14,7.743773441685e-13,-1.416316331248e-13,-71727.50005993,-104.6649768505,-12886.03212658
30,15,580,4.311001720932e-14,7.743732072715e-13,-1.073431642627e-13,-65072.06567224,95.28830045867,-12893.60089849
30,15,581,4.382888201571e-14,7.818506052323e-13,-8.495411148882e-14,-65294.27802914,-6.536529953576,-13070.63476036
30,15,582,4.503667172661e-14,7.697505237423e-13,-1.186266317235e-13,-67612.65476145,-15.09838907632,-12863.39690982
30,15,583,4.636429896855e-14,7.745812080969e-13,-1.117870072057e-13,-69696.50154605,-114.6695677108,-12957.53944603
30,15,584,4.613725207205e-14,7.762108055802e-13,-1.48365339496e-13,-67927.79662445,1.779134167774,-12984.25539643
30,15,585,4.521075959455e-14,7.844902564227e-13,-1.560172858626e-13,-68205.86270195,-45.72202254957,-13098.93954962
30,15,586,4.509018496656e-14,7.75169284453e-13,-1.132516461327e-13,-70035.34645988,100.3534429682,-12956.92407483
30,15,587,4.598664542756e-14,7.744842248844e-13,-1.572388737344e-13,-68945.32233138,-312.7542930052,-12913.50929
30,15,588,4.414071199286e-14,7.672304669328e-13,-1.144484217651e-13,-69223.71941295,-263.2139804308,-12809.80885205
30,15,589,4.531904770415e-14,7.809866280608e-13,-8.416401008464e-14,-67649.66248998,96.25497096945,-13031.95747919
30,15,590,4.062547221533e-14,7.714848812209e-13,-1.162213589529e-13,-68360.0148647,48.69934199897,-12898.28622847
30,15,591,4.677271535706e-14,7.742074674118e-13,-1.188335420294e-13,-69391.83862081,-4.606912656752,-12929.96323571
30,15,592,4.559683009043e-14,7.738662822091e-13,-1.446365634951e-13,-67924.8969305,-88.57270395772,-12972.76841869
30,15,593,4.8039930108e-14,7.806020769965e-13,-1.046828614872e-13,-68986.47418757,147.9915798323,-13035.2060051
30,15,594,4.452972643826e-14,7.83076023838e-13,-9.867483267267e-14,-69500.86463976,29.84476994408,-13037.87970704
30,15,595,4.601403695285e-14,7.789070321469e-13,-1.087241042121e-13,-67784.66900702,-61.59430376611,-13038.09694495
30,15,596,4.333143626376e-14,7.652119394377e-13,-1.509900317154e-13,-68548.16922699,-22.79221367943,-12814.84313079
30,15,597,4.701048372123e-14,7.75469010271e-13,-9.662438694949e-14,-67026.13231015,-90.40472883258,-12952.75557587
30,15,598,4.577433722057e-14,7.786150499637e-13,-9.922322149381e-14,-71683.42428413,-40.4769827789,-12985.86212294
30,15,599,4.441384418932e-14,7.729468804878e-13,-9.350332976566e-14,-66710.3479078,4.367525245068,-12923.98460264
30,15,600,4.431042426914e-14,7.722664417114e-13,-1.415116761766e-13,-67138.78661644,-131.1120564646,-12924.50247061
30,15,601,4.354574783648e-14,7.710061091466e-13,-1.17873944396e-13,-69067.8130316,-62.98371620277,-12915.56335321
30,15,602,4.473541754455e-14,7.79645286413e-13,-1.233174861639e-13,-67369.16273208,-31.81382638018,-13000.895013
30,15,603,4.459421189548e-14,7.802598986716e-13,-9.434844450849e-14,-68187.53981421,30.06789000213,-13003.89713225
30,15,604,4.580306104508e-14,7.792310277279e-13,-9.910931179051e-14,-67984.60684491,227.7606157635,-13033.89989102
30,15,605,4.682024937299e-14,7.838855605682e-13,-1.311286352179e-13,-68698.12242637,-139.024080247,-13079.56585945
30,15,606,4.571145741484e-14,7.74039162189e-13,-8.517128159767e-14,-67552.89558418,63.12494317535,-12929.40715454
30,15,607,4.669613521159e-14,7.687031269975e-13,-7.538027846711e-14,-66302.3407759,196.0956749512,-12851.14198226
30,15,608,4.967344160835e-14,7.832553183985e-13,-7.548261835491e-14,-68187.8633839,-130.0277634929,-13094.19309513
30,15,609,4.623527539673e-14,7.834389807623e-13,-4.763904074204e-14,-68306.6754589,22.54541035036,-13065.21983084
30,15,610,4.647143794837e-14,7.779084297364e-13,-6.877030231857e-14,-68619.06225257,-32.86695307156,-12969.78409524
30,15,611,4.873165259852e-14,7.761977054303e-13,-1.451016939043e-13,-68643.06062194,-191.7189006415,-12946.74132981
30,15,612,4.432497226271e-14,7.694133583713e-13,-1.241152108997e-13,-70311.21083126,-180.5616564036,-12852.59151253
30,15,613,4.354934581716e-14,7.773110724758e-13,-8.610525107361e-14,-68842.96624839,-12.55697171398,-12981.08670482
30,15,614,4.739758407636e-14,7.804043008631e-13,-6.419718186076e-14,-68032.08847602,-11.45479765264,-13057.8624554
30,15,615,4.492835866097e-14,7.751612217923e-13,-1.436492403543e-13,-68834.91357674,75.0381554272,-12937.41359606
30,15,616,4.661170813293e-14,7.739784329937e-13,-1.102210519544e-13,-69599.94247246,-138.3501373363,-12932.45736299
30,15,617,4.736118429936e-14,7.759088419309e-13,-1.171263253262e-13,-69082.65567711,-118.6203529593,-12944.35117863
30,15,618,4.175448640881e-14,7.650568351781e-13,-1.014536732566e-13,-68439.42237356,242.3627285072,-12823.2917009
30,15,619,4.434002622631e-14,7.755048485102e-13,-1.212927622338e-13,-68068.30684175,-56.73398785178,-12941.19277168
30,15,620,4.705553029977e-14,7.809079161818e-13,-1.165226325426e-13,-68847.21729224,67.28116350954,-13072.09849546
30,15,621,4.627156417514e-14,7.839465894816e-13,-1.028056742192e-13,-67792.8664086,-33.54040427096,-13070.37201067
30,15,622,4.57626500948e-14,7.719594758048e-13,-8.474800261086e-14,-66473.8317657,178.9491601471,-12913.5215346
30,15,623,4.529555244498e-14,7.819896399938e-13,-5.66644764236e-14,-68069.52328793,48.08417509512,-13070.24458772
30,15,624,4.607634095288e-14,7.709490042306e-13,-1.495633378905e-13,-69656.80641517,57.53897902972,-12889.70827726
30,15,625,4.436980321231e-14,7.71873192907e-13,-1.143519513101e-13,-70429.56717223,69.42122680558,-12919.5530801
30,15,626,4.755049390818e-14,7.723050127464e-13,-9.147815062908e-14,-69316.68418086,-265.3344596457,-12915.1993211
30,15,627,4.441511685136e-14,7.745006872605e-13,-9.374788152731e-14,-69375.25574068,282.6884462713,-12930.61945051
30,15,628,4.469128315011e-14,7.792135786265e-13,-1.371321184843e-13,-68579.53916488,-30.70323620675,-12971.37902756
30,15,629,4.822030627909e-14,7.740204055587e-13,-1.277924386007e-13,-70089.61474741,-197.8969668832,-12908.69617669
30,15,630,4.304773561177e-14,7.672484552704e-13,-9.936495917861e-14,-67591.10203196,-27.77870381014,-12840.18359035
30,15,631,4.309091165945e-14,7.664024154635e-13,-1.438002905772e-13,-67954.60468137,110.4473298822,-12795.05431811
30,15,632,4.364694528274e-14,7.757185654144e-13,-1.160799612859e-13,-70165.20441036,68.70386948391,-12962.01494551
30,15,633,4.38673873954e-14,7.787328958335e-13,-7.93964084721e-14,-67292.3729987,-34.62703160862,-13027.73072676
30,15,634,4.421930959204e-14,7.616928726259e-13,-9.579362961987e-14,-68811.82670002,189.3005880116,-12732.99182184
30,15,635,4.36739574577e-14,7.767047925843e-13,-6.465095665404e-14,-66949.45437419,-91.36719478189,-13053.50073644
30,15,636,4.530697869034e-14,7.725981751428e-13,-1.385103687486e-13,-69200.79020416,99.13234952216,-12888.22176175
30,15,637,4.434548020097e-14,7.793553126643e-13,-1.203339615911e-13,-67762.1992656,-172.4504905085,-13058.15224047
30,15,638,4.528127305383e-14,7.75641004609e-13,-1.196266224939e-13,-68358.53244456,170.0679189312,-12990.86736439
30,15,639,4.378902306915e-14,7.680254426737e-13,-1.550998558968e-13,-67618.91762849,101.7753234395,-12857.12602279
30,15,640,4.642863050967e-14,7.76051739058e-13,-7.45112003271e-14,-70389.8796431,-180.8450021148,-12959.78372371
30,15,641,4.319079054456e-14,7.65081308053e-13,-9.221350739089e-14,-67360.82056516,-10.00517099611,-12776.51998547
30,15,642,4.148948812305e-14,7.704089138346e-13,-8.757554766826e-14,-66601.43374808,56.3346817061,-12861.22629624
30,15,643,4.969164598189e-14,7.802024248665e-13,-1.726634839358e-13,-68631.65010561,-285.3567296312,-13089.85906889
30,15,644,4.70634998508e-14,7.770755937543e-13,-5.75327946425e-14,-68371.98053538,147.8622372269,-12986.90094809
30,15,645,4.511530335337e-14,7.710721604644e-13,-9.617304259703e-14,-66729.15938913,53.49850939196,-12900.05116974
30,15,646,4.686934243592e-14,7.802899164226e-13,-1.512107972053e-13,-69710.43489402,-86.74120491093,-13044.46965355
30,15,647,4.126828091121e-14,7.643617803989e-13,-1.240198975947e-13,-68227.3183257,-22.17020933233,-12769.32442284
30,15,648,4.549617616778e-14,7.722017887054e-13,-8.019813630386e-14,-70938.5333135,11.73180019378,-12913.1488217
30,15,649,4.590762914537e-14,7.764711769138e-13,-1.019829943871e-13,-68362.91090807,-103.6121727398,-12966.09844227
30,15,650,4.425995575724e-14,7.720622617803e-13,-9.253388404358e-14,-69580.34893804,131.7801987042,-12909.99116978
30,15,651,4.67856942172e-14,7.746924520944e-13,-8.718722018399e-14,-70652.60631266,85.16378956232,-12920.49178283
30,15,652,4.610796292983e-14,7.737698259384e-13,-1.107160414349e-13,-68224.55854115,25.04415449575,-12936.62789883
30,15,653,4.607630105543e-14,7.727475097242e-13,-8.921281847019e-14,-67947.98180105,99.91302224512,-12933.26141814
30,15,654,4.591245912258e-14,7.762731047895e-13,-1.340066365612e-13,-68897.6935024,59.63494554118,-12954.01041116
30,15,655,4.545294984766e-14,7.785993824727e-13,-1.393252407146e-13,-68894.40043838,1.478819479463,-12973.6133634
30,15,656,4.619567938696e-14,7.750588364157e-13,-9.008088951359e-14,-68055.04219172,-38.626485338,-12953.50277951
30,15,657,4.517097020972e-14,7.804403872051e-13,-1.225798091696e-13,-68057.04040136,-80.7459408916,-13046.89372583
30,15,658,4.959756913168e-14,7.75494368465e-13,-1.028911329779e-13,-63966.78430095,-88.84641784962,-12942.52522223
30,15,659,4.88806484475e-14,7.852579009308e-13,-6.950423398135e-14,-68712.94542906,178.533078568,-13100.31439901
30,15,660,4.855591103174e-14,7.859464240078e-13,-1.302791289995e-13,-70769.93478695,-166.1753548523,-13075.62116806
30,15,661,4.6352897395e-14,7.762816675468e-13,-8.989686214471e-14,-68602.63955202,-14.78602875032,-12980.22510523
30,15,662,4.503699018258e-14,7.72915695469e-13,-1.141436709232e-13,-68426.39769752,153.8371946599,-12928.52361704
30,15,663,4.586485269497e-14,7.805756974618e-13,-1.3501353733e-13,-67903.54328818,-209.9202222933,-13047.6666334
30,15,664,4.625904007656e-14,7.714856943732e-13,-9.802809753855e-14,-70304.21442563,333.9195016427,-12894.41513406
30,15,665,4.408307629809e-14,7.809052437908e-13,-8.848377447704e-14,-67379.9607964,97.95129411126,-13031.13277171
30,15,666,4.783591934507e-14,7.769978612599e-13,-1.148607714347e-13,-68162.72227617,93.81896102882,-12953.06408717
30,15,667,4.832443622355e-14,7.757789075347e-13,-1.385996938024e-13,-66878.43381103,-49.13328909624,-12966.22621855
30,15,668,4.450758803022e-14,7.710663256412e-13,-8.021162011104e-14,-68290.56578943,268.2396571106,-12864.15880236
30,15,669,4.465937385692e-14,7.80456186037e-13,-8.203102792718e-14,-66884.21189935,137.9887784799,-13036.34007794
30,15,670,4.538640198582e-14,7.684974414801e-13,-9.025875591595e-14,-66095.60461585,136.2449157468,-12853.00019669
30,15,671,4.459993257713e-14,7.789497385175e-13,-9.500829993969e-14,-68122.8392417,208.5257092315,-13026.82834299
30,15,672,4.654025364253e-14,7.782551851531e-13,-1.217880646032e-13,-68959.69856415,-136.8440543592,-13025.00512316
30,15,673,4.605265122366e-14,7.741054034936e-13,-1.058183981227e-13,-67150.97722101,208.5140784662,-12910.29425005
30,15,674,4.326492306248e-14,7.639135256714e-13,-1.001863422443e-13,-68197.67332268,246.2769668338,-12751.58560307
30,15,675,4.566891154966e-14,7.767751198915e-13,-1.336498706859e-13,-66362.68358836,-191.0983218445,-12981.83225741
30,15,676,4.491484020501e-14,7.66532911877e-13,-7.172424635079e-14,-70303.55114784,283.2867841689,-12800.52345713
30,15,677,4.447748278801e-14,7.735657576131e-13,-8.743609239642e-14,-68982.49289375,78.24800700099,-12894.7666036
30,15,678,4.300940438425e-14,7.722661133637e-13,-1.196426387462e-13,-69478.48230603,-94.02381429393,-12906.12109357
30,15,679,4.634752972062e-14,7.761995563564e-13,-1.261540244114e-13,-66371.85017622,-64.07745246392,-12960.13898919
30,15,680,4.671228443198e-14,7.664870688637e-13,-1.13217789097e-13,-66713.08791259,-109.2596899595,-12868.9283182
30,15,681,4.68791370264e-14,7.718463570622e-13,-1.051731606624e-13,-67924.27684435,-181.5795517165,-12895.64171141
30,15,682,4.464995284237e-14,7.699871458496e-13,-9.220767132653e-14,-67248.37084793,-135.5708766013,-12896.97230312
30,15,683,4.35384749053e-14,7.804742115753e-13,-8.644247600577e-14,-68046.05284393,-165.3546586985,-13039.66011156
30,15,684,4.924716768096e-14,7.765842133832e-13,-1.205395014394e-13,-67833.34816883,-143.105277477,-12944.9001602
30,15,685,4.677182249028e-14,7.716618961591e-13,-1.345458786289e-13,-68365.93863526,-35.8489276582,-12925.93099292
30,15,686,4.57621676958e-14,7.763480772311e-13,-1.342783844901e-13,-68129.04068777,52.65321592532,-12963.15215812
30,15,687,4.598104177163e-14,7.752608867177e-13,-8.14420109476e-14,-70884.93369274,169.7220396016,-12951.74436859
30,15,688,4.650184609193e-14,7.732831203204e-13,-4.483433570378e-14,-68951.64928903,293.7844789462,-12955.04179807
30,15,689,4.532461518584e-14,7.70939002223e-13,-1.324254798674e-13,-68433.25396893,-57.04555934574,-12896.66061136
30,15,690,4.459898992346e-14,7.843302922637e-13,-1.177230242839e-13,-68478.48879875,16.8043294768,-13100.91891511
30,15,691,4.613763253517e-14,7.808144247176e-13,-1.050185246955e-13,-67087.44388156,-24.03883475907,-13028.53092139
30,15,692,4.48187364765e-14,7.729429907316e-13,-1.264770071738e-13,-70145.62917614,21.45231901556,-12897.68497836
30,15,693,4.635901984463e-14,7.697213175043e-13,-1.134948824711e-13,-66366.43238143,130.0326498014,-12913.67990083
30,15,694,4.61460335827e-14,7.676183644062e-13,-1.205462432882e-13,-68964.65056665,120.5466003675,-12843.5247555
30,15,695,4.650379882344e-14,7.775687208319e-13,-1.190451432329e-13,-69041.81391641,148.4566096428,-12983.49686992
30,15,696,4.657570308541e-14,7.885641694624e-13,-1.619622029996e-13,-67696.5030769,64.10796618809,-13132.08763892
30,15,697,4.606453867305e-14,7.821844420611e-13,-1.413516551898e-13,-68251.51730927,-22.19812764318,-13096.15887858
30,15,698,4.664722967699e-14,7.790069722563e-13,-9.76451069125e-14,-65840.0362734,1.746839184075,-13022.17652979
30,15,699,4.639145720925e-14,7.794689272461e-13,-1.085674402446e-13,-66432.86356593,-45.30937743112,-13012.53613812
30,15,700,4.371392701206e-14,7.745947420729e-13,-9.84650239408e-14,-69193.51437762,120.0715829663,-12913.90205728
30,15,701,4.401833058069e-14,7.658015355444e-13,-1.124097108728e-13,-68016.24052566,93.58100868045,-12823.974183
30,15,702,4.504661763228e-14,7.662980126744e-13,-7.092140382886e-14,-71227.36572331,-203.6968893498,-12810.28285565
30,15,703,4.509922263328e-14,7.685015060951e-13,-1.258642377582e-13,-69325.05972486,202.1065949919,-12864.04824807
30,15,704,4.793032870039e-14,7.7901985164e-13,-5.895912523579e-14,-67819.92585684,16.39567101832,-13065.58967853
30,15,705,4.607680778349e-14,7.723613432894e-13,-7.717459474274e-14,-70015.20505691,30.44281622118,-12929.37864081
30,15,706,4.504147959494e-14,7.790014140132e-13,-6.201879954157e-14,-67133.50318751,5.617967713404,-12991.29483644
30,15,707,4.777142616058e-14,7.826583095614e-13,-8.403764295694e-14,-68528.67558761,129.057269412,-13077.15157543
30,15,708,4.422911228316e-14,7.755675124168e-13,-9.578674488817e-14,-67448.6960384,3.894158724744,-12910.85364229
30,15,709,4.497553811289e-14,7.782430902677e-13,-8.660899310093e-14,-67989.49298429,82.53362184194,-13004.65391193
30,15,710,4.597412637167e-14,7.662439763488e-13,-1.509936774746e-13,-69800.52039073,-96.38236428658,-12806.69145114
30,15,711,4.688594427948e-14,7.750454312936e-13,-6.181602116226e-14,-69668.01037111,322.4760115636,-12934.69617323
30,15,712,4.613363399936e-14,7.759744229053e-13,-5.948255762476e-14,-66290.14994708,-130.9227843728,-12930.15332928
30,15,713,4.41761533476e-14,7.7497429976e-13,-1.154641159831e-13,-68224.79001839,-16.95362130133,-12960.73676063
30,15,714,4.589320751462e-14,7.812190901184e-13,-9.773252194742e-14,-65504.05568953,91.76331529126,-13007.10736557
30,15,715,4.663960202049e-14,7.77744836353e-13,-1.032216201809e-13,-67543.43410947,10.10450800151,-13019.14204611
30,15,716,4.467639708101e-14,7.781232553312e-13,-9.168668758964e-14,-66989.86983765,-63.73820015079,-13009.20358833
30,15,717,4.532527460136e-14,7.779747421267e-13,-1.345783376646e-13,-67979.58258874,-179.8915192912,-12985.62909514
30,15,718,4.278989444378e-14,7.556014951215e-13,-9.586530689174e-14,-64909.21516939,-84.93138769286,-12675.5619968
30,15,719,4.780183937831e-14,7.760180749173e-13,-1.251362140917e-13,-67605.28016641,-50.68182736385,-12924.33861492
30,15,720,4.534399880868e-14,7.806473948946e-13,-1.062040138221e-13,-68901.87523728,-87.03043895673,-13059.802282
30,15,721,4.675746258382e-14,7.77418187096e-13,-1.165847180828e-13,-68194.5764965,120.4495466563,-12997.1486461
30,15,722,4.338054798273e-14,7.713785509823e-13,-1.229937285581e-13,-69434.21993884,-24.9331515615,-12880.90671679
30,15,723,4.30772705212e-14,7.788449162263e-13,-1.483273329179e-13,-68745.9050024,6.295856106371,-12999.34473708
30,15,724,4.633807431213e-14,7.755686424987e-13,-1.096778485208e-13,-68074.85478531,202.3683758297,-12926.83808339
30,15,725,4.334680651625e-14,7.682690441347e-13,-8.124593434231e-14,-67325.95906325,-48.40043933866,-12845.46741949
30,15,726,4.429372621735e-14,7.802823752501e-13,-9.000015029204e-14,-67958.70738812,-201.7293379311,-12989.30831437
30,15,727,4.487270633253e-14,7.832062833555e-13,-1.034031961507e-13,-68198.51765397,-163.1716986403,-13077.46465936
30,15,728,4.349807112589e-14,7.7406502491e-13,-1.211958062215e-13,-67768.32997578,50.80070889402,-12930.12817421
30,15,729,4.672017554082e-14,7.769505325471e-13,-7.434413626829e-14,-63699.30591057,99.44062057636,-13005.17057909
30,15,730,4.369499899587e-14,7.722795841926e-13,-1.172053858641e-13,-67560.55364845,-143.5531502532,-12912.86225846
30,15,731,4.705160506392e-14,7.83949643556e-13,-1.036017909251e-13,-69872.51647415,-86.00371240071,-13078.56342449
30,15,732,4.576898315573e-14,7.789383286903e-13,-1.249221839063e-13,-67296.32126893,-20.48894972413,-12976.67842087
30,15,733,4.694607016489e-14,7.758690685401e-13,-1.017578769475e-13,-67058.2004676,178.8925063153,-12995.96933569
30,15,734,4.482150242337e-14,7.714652494428e-13,-9.221871582704e-14,-67302.35374156,96.61938319348,-12872.61707852
30,15,735,4.555325515723e-14,7.77268951278e-13,-1.098854740378e-13,-65890.47208508,5.346545924293,-12984.4609877
30,15,736,4.393376993519e-14,7.773960235949e-13,-1.184430481564e-13,-67249.34135065,100.9674944966,-12988.22157488
30,15,737,4.263213733517e-14,7.729975631513e-13,-1.272806583247e-13,-68821.90588163,-165.8831781267,-12894.01805895
30,15,738,4.511008161204e-14,7.714934051467e-13,-1.245462896541e-13,-67991.98483191,49.13349687958,-12876.69532281
30,15,739,4.574697245374e-14,7.79596608216e-13,-1.121891767309e-13,-68535.5546517,-101.0010029907,-13017.58607866
30,15,740,4.71340292392e-14,7.764693258805e-13,-1.074268088838e-13,-68682.20899973,-70.20850205318,-12963.82716591
30,15,741,4.672856140338e-14,7.716292041143e-13,-1.542332456493e-13,-69762.06845087,-169.6159590731,-12894.32344838
30,15,742,4.358285138507e-14,7.732951203609e-13,-1.405440414109e-13,-71116.94731938,118.5840489869,-12916.13749007
30,15,743,4.778400942584e-14,7.831414337241e-13,-1.150012503072e-13,-68177.95834549,112.5510117615,-13086.614427
30,15,744,4.388671843853e-14,7.7960861194e-13,-8.883557064489e-14,-65856.19181018,21.46109614951,-13000.59306177
30,15,745,4.789497367683e-14,7.777891246246e-13,-1.198825763967e-13,-66894.87952971,209.5931492812,-12963.73693226
30,15,746,4.434300624143e-14,7.820209479869e-13,-1.161985557203e-13,-68078.36578403,44.65612214851,-13043.94461152
30,15,747,4.788298932032e-14,7.821004476943e-13,-7.092981971904e-14,-66187.33154151,-77.44882869857,-13064.41722975
30,15,748,4.517625581764e-14,7.690339512352e-13,-1.026909787749e-13,-67603.44449163,43.09416443883,-12858.38065854
30,15,749,4.413049899714e-14,7.724192737085e-13,-1.257694964947e-13,-67868.98140247,-116.948416442,-12908.2851526
30,15,750,4.555277808981e-14,7.783931715459e-13,-8.114871430182e-14,-69066.95135289,-143.0941871905,-13033.01142488
30,15,751,4.244721848804e-14,7.722023314926e-13,-1.028444055206e-13,-68564.02697661,160.2421055378,-12913.07881178
30,15,752,4.586027217145e-14,7.672646411857e-13,-9.507094924951e-14,-70141.19364269,72.85151803325,-12880.03151015
30,15,753,4.331979875885e-14,7.755057715861e-13,-9.467218022078e-14,-68573.38712279,167.4880023724,-12915.19592522
30,15,754,4.419042377076e-14,7.709788726363e-13,-1.102857860812e-13,-68429.92979572,-203.3104489046,-12874.59272531
30,15,755,4.657178635612e-14,7.860330352619e-13,-1.143845887621e-13,-66800.02009834,194.9563712783,-13090.36854707
30,15,756,4.583618101082e-14,7.785055006841e-13,-6.190410409875e-14,-68666.05348482,-65.78665451995,-12986.89300842
30,15,757,4.602101934466e-14,7.752815679031e-13,-9.207561982289e-14,-69116.10787927,-35.48812317198,-12935.74294
30,15,758,4.71907617565e-14,7.819176723933e-13,-9.896323486699e-14,-68821.75399369,77.80247498955,-13057.63517507
30,15,759,4.630626962473e-14,7.732585405819e-13,-1.176395716907e-13,-69112.76349049,-137.3919376535,-12918.04658387
30,15,760,4.542158252054e-14,7.822437874491e-13,-8.930175741642e-14,-69860.44405153,10.25019610553,-13047.19323347
30,15,761,4.672068862128e-14,7.732999428278e-13,-1.147914975154e-13,-70770.50322033,181.5754569383,-12878.34715221
30,15,762,4.452109062517e-14,7.738826345093e-13,-1.004459673368e-13,-68375.17717441,126.2534150637,-12924.3794762
30,15,763,4.471861349224e-14,7.764460222988e-13,-1.453915859897e-13,-69723.23373357,-88.42893744716,-12983.07171815
30,15,764,4.432207441487e-14,7.743015089379e-13,-1.149708780441e-13,-71302.24973584,144.3232536638,-12917.74044708
30,15,765,4.426973329291e-14,7.771457280373e-13,-1.292017666745e-13,-69135.14028542,199.7663915271,-12965.70300225
30,15,766,4.757934785348e-14,7.843588843549e-13,-1.17412814224e-13,-69132.33183567,-109.6570048517,-13107.43556494
30,15,767,4.432242789866e-14,7.754677074851e-13,-1.261982358292e-13,-68169.10204253,59.64017513935,-12950.82948164
30,15,768,4.535602102806e-14,7.672369632385e-13,-1.090120706031e-13,-70193.89839216,-190.7489892635,-12807.98597752
30,15,769,4.568369639422e-14,7.79025827363e-13,-1.404370899662e-13,-66415.70142836,36.76817910805,-13015.94971461
30,15,770,4.532484035925e-14,7.748784237906e-13,-1.016629223233e-13,-67800.42286863,-90.59099847992,-12919.88482867
30,15,771,4.499735556208e-14,7.808749308083e-13,-1.387050837956e-13,-70159.56646488,-201.3752736189,-13056.29007906
30,15,772,4.560286864906e-14,7.751386215795e-13,-1.017151030451e-13,-68552.90950721,5.187996918305,-12950.6719348
30,15,773,4.646127985775e-14,7.777184575318e-13,-7.984818084219e-14,-69386.15915119,78.22911374446,-12996.39061186
30,15,774,4.626519758209e-14,7.796237220828e-13,-9.093539380882e-14,-69986.17338014,25.33219603614,-13036.4645468
30,15,775,4.331941850377e-14,7.745681904168e-13,-1.170589843177e-13,-67997.70481571,-72.39495678769,-12915.63831275
30,15,776,4.260349438887e-14,7.688926443846e-13,-1.229549726285e-13,-67485.66629973,2.467796131184,-12799.22855578
30,15,777,4.500554433246e-14,7.801482071446e-13,-1.05712596468e-13,-69053.71438255,-102.1422488762,-12995.89204563
30,15,778,4.836334331683e-14,7.801946035197e-13,-1.025247916671e-13,-67636.79403972,238.713762086,-13070.29290877
30,15,779,4.724749845814e-14,7.746979311188e-13,-1.323134211511e-13,-70147.29451445,102.4023643843,-12947.10154857
30,15,780,4.492047885589e-14,7.790626093731e-13,-7.762519917351e-14,-65518.61646168,163.0187241731,-13008.26446508
30,15,781,4.813007010348e-14,7.855490526648e-13,-1.052833562146e-13,-69917.71775442,3.322370796118,-13116.10555481
30,15,782,4.734466126762e-14,7.845645221819e-13,-9.527123072228e-14,-67779.20916069,24.66594109155,-13092.61426694
30,15,783,4.325094660459e-14,7.681268880929e-13,-4.175328930019e-14,-66464.45109071,141.1701359021,-12814.65243789
30,15,784,4.418253177165e-14,7.731596588056e-13,-1.167362598789e-13,-68710.82952013,40.3261501962,-12909.32708024
30,15,785,4.645322477375e-14,7.817198664361e-13,-4.622287287938e-14,-68742.8520359,204.0379663863,-13055.01364298
30,15,786,4.47454651809e-14,7.749507387833e-13,-7.529863850282e-14,-67350.39817463,251.3970387012,-12942.9223321
30,15,787,4.554969315588e-14,7.741617159673e-13,-8.272793541078e-14,-69019.76767138,-137.0823050071,-12932.62451106
30,15,788,4.690995093371e-14,7.703420880582e-13,-7.75306694785e-14,-66119.02334286,18.17449119493,-12912.9581071
30,15,789,4.508288420253e-14,7.739899651103e-13,-9.249355187053e-14,-67562.83794601,-92.06135240332,-12946.53663976
30,15,790,4.553441081292e-14,7.802721609052e-13,-1.187009597872e-13,-69848.49070572,-4.558419367648,-13041.59134138
30,15,791,4.49688637686e-14,7.741536979853e-13,-1.489115403415e-13,-68048.22443545,-17.12874024301,-12950.74482581
30,15,792,4.238223904981e-14,7.717790456662e-13,-9.449218379621e-14,-68133.77349114,-1.184296327474,-12859.10167529
30,15,793,4.474612739519e-14,7.726115499773e-13,-1.136450346963e-13,-68438.14654875,-78.15700535442,-12908.93164826
30,15,794,4.431894109569e-14,7.766020020696e-13,-9.557209017201e-14,-69199.90274304,17.24373129679,-12999.83100948
30,15,795,4.512120580594e-14,7.816259933759e-13,-1.073386979206e-13,-69676.3803925,-92.68472503166,-13084.50863552
30,15,796,4.665427268551e-14,7.803797337104e-13,-1.564399622859e-13,-68341.84044541,-114.6076677597,-13034.48697181
30,15,797,4.407947420075e-14,7.75918724372e-13,-9.14503557339e-14,-66307.33170984,88.22900683345,-12991.55854628
30,15,798,4.480864584368e-14,7.724885329326e-13,-1.08004148981e-13,-68807.71147507,92.48776922276,-12877.02022708
30,15,799,4.502597345923e-14,7.744245750442e-13,-1.023201117559e-13,-67913.11157973,73.49029631339,-12960.49648681
30,15,800,4.997779156123e-14,7.904632602858e-13,-1.578448600697e-13,-69578.96846449,-70.55014370014,-13218.53770529
30,15,801,4.404358910633e-14,7.774437806211e-13,-1.142584190457e-13,-70672.20496301,-3.148335611362,-13010.7530019
30,15,802,4.358914007774e-14,7.673822166057e-13,-9.763030431667e-14,-66331.4725862,-159.3629502354,-12872.1709965
30,15,803,4.529303953644e-14,7.780884346527e-13,-7.672868035041e-14,-67551.4018824,162.3097127293,-12944.3531994
30,15,804,4.460773819613e-14,7.714761686557e-13,-3.183648278557e-14,-64222.20319098,129.8114335842,-12917.19105785
30,15,805,4.447225832113e-14,7.768491702944e-13,-8.146830755742e-14,-64860.67705199,-9.493205352894,-12974.69577081
30,15,806,4.518781812095e-14,7.791176989163e-13,-9.028248834778e-14,-67459.94876118,-156.1183479552,-13018.153653
30,15,807,4.35468487976e-14,7.75387370605e-13,-2.386159933033e-14,-66077.69538674,8.242895532213,-12945.3051887
30,15,808,4.274806901526e-14,7.716657073718e-13,-1.437900085668e-13,-67629.62968908,213.0650002116,-12897.60016559
30,15,809,4.847707558511e-14,7.8504801672e-13,-1.556417230691e-13,-69714.9199122,12.61814499461,-13078.24621784
30,15,810,4.382476792017e-14,7.681694666331e-13,-9.134461055622e-14,-67532.47458378,-166.5852259132,-12791.76680295
30,15,811,4.58097574706e-14,7.707860935659e-13,-1.025423261491e-13,-68277.47556884,-33.14589170636,-12879.92278851
30,15,812,4.518752657187e-14,7.729747481836e-13,-6.439289207286e-14,-67551.02560111,125.7220313874,-12936.57023665
30,15,813,4.367961811829e-14,7.764703171814e-13,-1.501053579867e-13,-66019.62197673,-96.37240727894,-12952.15871299
30,15,814,4.467824731678e-14,7.779793517523e-13,-1.396528463829e-13,-71734.51888602,-129.5343756712,-13008.69300626
30,15,815,4.464352403357e-14,7.773361345925e-13,-6.953786274554e-14,-67315.08537294,315.3364832317,-12972.31392198
30,15,816,4.623094784225e-14,7.740763135431e-13,-8.036967027251e-14,-68772.60009489,45.23588060158,-12920.46105559
30,15,817,4.767380944701e-14,7.839621039598e-13,-1.360036592296e-13,-68790.71787732,54.58089097312,-13093.93630601
30,15,818,4.533698183879e-14,7.686881254004e-13,-4.588389622127e-14,-69569.91624182,242.9301168101,-12857.10933842
30,15,819,4.598501634844e-14,7.801193252302e-13,-1.241426427269e-13,-68410.37040983,-159.8294574163,-13022.04045367
30,15,820,4.692112556723e-14,7.779814160871e-13,-9.250646959344e-14,-68716.62992846,1.214616472409,-12951.82097445
30,15,821,4.497977451524e-14,7.766158658059e-13,-1.289984076279e-13,-66693.34090079,-161.3129397257,-13012.23524988
30,15,822,4.484066059397e-14,7.774535084223e-13,-1.177772269439e-13,-70571.26429973,-111.9105682012,-13013.77479476
30,15,823,4.440310715894e-14,7.741353911099e-13,-9.256000965671e-14,-64930.33524294,24.48670894104,-12940.98476554
30,15,824,4.524906830063e-14,7.790224738431e-13,-1.044465481085e-13,-67375.13447649,-152.7299211737,-13019.20755473
30,15,825,4.526298586377e-14,7.779329644637e-13,-1.17198562069e-13,-67919.17379512,-11.56417087033,-13009.28180529
30,15,826,4.513385836314e-14,7.718478634053e-13,-1.678828647964e-13,-66782.0907777,-277.0825417039,-12908.39797776
30,15,827,4.905649920013e-14,7.814138740049e-13,-1.175806257068e-13,-67856.6137506,-248.7476266547,-13066.00427644
30,15,828,4.553513299375e-14,7.768697878516e-13,-1.300000024899e-13,-70895.02019599,-119.8156097024,-12996.27976967
30,15,829,4.409529179143e-14,7.68100214952e-13,-9.293952068688e-14,-66658.2356126,-265.0661315958,-12850.07125914
30,15,830,4.39144816618e-14,7.678649822919e-13,-1.392077549461e-13,-69718.88364961,135.1848781201,-12821.72934436
30,15,831,4.403832809229e-14,7.660837901086e-13,-1.635833763359e-13,-68115.3965784,-53.92831313926,-12819.92377939
30,15,832,4.344995448055e-14,7.785998745995e-13,-6.653941199001e-14,-67221.32150489,67.06540684547,-12989.8006936
30,15,833,4.521932895912e-14,7.760215813403e-13,-1.368681171653e-13,-66241.37651866,280.2842168135,-12944.80087916
30,15,834,4.542209080896e-14,7.82136151271e-13,-1.067474575175e-13,-67773.65984357,-89.68149006796,-13057.67163599
30,15,835,4.421019442763e-14,7.682526143835e-13,-1.221106595138e-13,-68519.64278976,-63.75193135056,-12836.4508233
30,15,836,4.303240622598e-14,7.73278395225e-13,-1.25564882466e-13,-67546.21333941,189.6928087658,-12862.11925027
30,15,837,4.612734924512e-14,7.803176607584e-13,-1.210450393349e-13,-68099.3393734,27.95333966832,-13055.87835729
30,15,838,4.427251381548e-14,7.686039725515e-13,-6.867725267155e-14,-67416.92919092,193.7397008547,-12886.2946197
30,15,839,4.3383220102e-14,7.724938187209e-13,-9.839717776512e-14,-66923.62483231,177.2063619006,-12962.09169756
30,15,840,4.559853186022e-14,7.72946628893e-13,-6.007724375125e-14,-69790.05439929,146.5662864842,-12945.92170516
30,15,841,4.322401093321e-14,7.756026281407e-13,-1.25884721335e-13,-68832.77831449,118.2417212636,-12937.25750467
30,15,842,4.777331191672e-14,7.726488356071e-13,-8.012282586279e-14,-69305.39200572,38.16105997771,-12898.80179164
30,15,843,4.630465206203e-14,7.736899647125e-13,-1.032032775774e-13,-67947.56059935,155.6059981305,-12987.49752489
30,15,844,4.416086978434e-14,7.670843885931e-13,-1.199553477361e-13,-67972.26948394,-65.19053761796,-12796.65863882
30,15,845,4.457508620243e-14,7.891952519366e-13,-1.976294163061e-13,-67794.07054945,-160.5953818547,-13188.40120602
30,15,846,4.650719157915e-14,7.821433601314e-13,-1.085181729088e-13,-70657.32855675,-65.90093892774,-13077.01381141
30,15,847,4.454687056607e-14,7.840879850223e-13,-1.654764576068e-13,-69046.18784576,32.0660467681,-13041.86899907
30,15,848,4.590114153713e-14,7.746992988436e-13,-6.312792785569e-14,-68492.12783654,-26.54950198128,-12939.65132675
30,15,849,4.662935967176e-14,7.76850041099e-13,-1.054963735138e-13,-67922.85236564,14.25750041463,-13015.20544715
30,15,850,4.588496822075e-14,7.666368007119e-13,-1.503816366148e-13,-69357.51372231,-89.48542533444,-12819.15725065
30,15,851,4.638113864496e-14,7.763156396746e-13,-7.813514638671e-14,-66425.59712089,237.2574553772,-12936.74868639
30,15,852,4.390071261515e-14,7.727072643285e-13,-1.286991443873e-13,-68190.60528562,-234.3917517745,-12873.45193366
30,15,853,4.561988441134e-14,7.621335592902e-13,-1.225803713762e-13,-67637.76930616,117.0057345354,-12739.11690751
30,15,854,4.466696398559e-14,7.763027550604e-13,-9.612703757656e-14,-70516.75614081,45.02617548556,-12934.6772016
30,15,855,4.604173144668e-14,7.838813884463e-13,-8.262828716602e-14,-68321.8461866,-70.15592247252,-13049.68024511
30,15,856,4.389857743981e-14,7.664602468004e-13,-9.392081234104e-14,-67392.9940709,48.66237268702,-12826.27122382
30,15,857,4.556794813708e-14,7.823985104918e-13,-1.084937913887e-13,-67317.73437986,136.8914114408,-13079.72774689
30,15,858,4.11343822928e-14,7.730481459066e-13,-1.609164947875e-13,-69202.29094133,-128.6135952672,-12925.89784175
30,15,859,4.550403140506e-14,7.707968753755e-13,-1.126003752165e-13,-65659.45161462,-120.3744427965,-12866.96626165
30,15,860,4.458056427382e-14,7.812791469497e-13,-1.288038368846e-13,-68659.51476364,-26.44451999253,-13011.03214347
30,15,861,4.62490182095e-14,7.739767116932e-13,-1.37131610429e-13,-68966.07809484,-218.7748608107,-12918.32220002
30,15,862,4.357218055619e-14,7.733676695122e-13,-5.979887520313e-14,-68379.98012421,26.36789053201,-12884.0963514
30,15,863,4.451994245192e-14,7.766431999356e-13,-1.374449793448e-13,-68533.72416679,13.83162028187,-12974.02695074
30,15,864,4.708913069743e-14,7.811343785571e-13,-5.570148130168e-14,-66352.10188163,73.80951364482,-13060.27828876
30,15,865,4.604373919671e-14,7.701647693259e-13,-8.992060699159e-14,-68655.69640357,-116.3556539305,-12838.0938497
30,15,866,4.500812800794e-14,7.736337976713e-13,-7.940096370824e-14,-67447.26972136,128.2461062681,-12960.80763169
30,15,867,4.376888637697e-14,7.682239257752e-13,-1.274331284262e-13,-67122.69800364,191.5239250782,-12833.17597138
30,15,868,4.625175870187e-14,7.806157897522e-13,-1.343812709076e-13,-67749.88267213,12.53641285257,-13071.60667234
30,15,869,4.953671025709e-14,7.816420225762e-13,-1.072568699666e-13,-68634.47880457,17.18710556678,-13037.76505422
30,15,870,4.385812869608e-14,7.694605428458e-13,-1.076756673116e-13,-68288.8947181,219.1701410045,-12846.63204201
30,15,871,4.316475516087e-14,7.7556091296e-13,-1.201625395154e-13,-69672.72725219,257.8584168595,-12954.43680918
30,15,872,4.775536244028e-14,7.738593934954e-13,-9.096202660952e-14,-68698.23973942,-76.70771620959,-12952.12391654
30,15,873,4.409356386534e-14,7.761663603625e-13,-1.395635347121e-13,-66674.11054605,83.92937257047,-12983.51662166
30,15,874,4.492009059318e-14,7.700857093909e-13,-1.028053580059e-13,-69049.44837366,123.9676201702,-12847.12928942
30,15,875,4.342343392796e-14,7.740139933445e-13,-9.92999741872e-14,-69081.88611486,143.5448582485,-12949.40738266
30,15,876,4.659929048342e-14,7.77474362903e-13,-1.086558513222e-13,-68285.61927421,-39.55086413317,-12967.5305167
30,15,877,4.79288990878e-14,7.768284855768e-13,-1.338179291046e-13,-68094.88757554,-23.68842181018,-13009.63409362
30,15,878,4.575130550233e-14,7.763140395035e-13,-1.120147083145e-13,-70435.28384788,-172.9854235718,-12988.19334373
30,15,879,4.679564235498e-14,7.759825142843e-13,-1.243146591215e-13,-68186.29937161,236.7412807948,-12961.77174697
30,15,880,4.66053114918e-14,7.695792951521e-13,-1.124543468661e-13,-65537.63493284,43.55825779042,-12856.05167107
30,15,881,4.582613734692e-14,7.763499486565e-13,-5.937548452035e-14,-68785.09318528,265.3588823244,-12937.87466148
30,15,882,4.425655441063e-14,7.693769419578e-13,-1.373547378164e-13,-68102.33622918,101.1965406934,-12861.15546802
30,15,883,4.418334315271e-14,7.781659729336e-13,-1.537486112635e-13,-67581.645273,-181.6322801963,-13043.18965892
30,15,884,4.369758110785e-14,7.78441539564e-13,-9.83473445778e-14,-67853.65919143,392.8288448922,-12986.05040718
30,15,885,4.450994564458e-14,7.727786835672e-13,-1.037158345517e-13,-67714.54694237,37.16713232407,-12923.15947625
30,15,886,4.736004798031e-14,7.764252820044e-13,-8.86753299345e-14,-69448.39150421,176.0009450155,-12926.17915729
30,15,887,4.210657731458e-14,7.722505224219e-13,-8.663690603018e-14,-66585.3547025,201.0686294401,-12934.6735717
30,15,888,4.313916906225e-14,7.705000764375e-13,-1.212093115886e-13,-69234.35967007,133.9913099036,-12874.46486106
30,15,889,4.559437849423e-14,7.776444316153e-13,-1.349112594321e-13,-68837.25145746,-145.4128825131,-12979.88286832
30,15,890,4.646012421142e-14,7.640909229967e-13,-1.345626102389e-13,-67091.11728371,-118.2841562379,-12783.00853607
30,15,891,4.750525775983e-14,7.850761642691e-13,-1.266894722795e-13,-68093.38087193,150.8979856499,-13105.7335337
30,15,892,4.602607447902e-14,7.719056524796e-13,-9.370355491185e-14,-67634.1755426,407.9380841489,-12887.17567252
30,15,893,4.507874165761e-14,7.720020204054e-13,-1.211654809819e-13,-67290.88014778,-150.4103559825,-12878.82162199
30,15,894,4.260860427114e-14,7.666558216965e-13,-6.557391650374e-14,-66959.64655483,44.28093667486,-12824.85571075
30,15,895,4.406912459248e-14,7.748557246932e-13,-1.318825838964e-13,-69339.86528424,21.21274815784,-12971.08509201
30,15,896,4.621258757846e-14,7.80486130669e-13,-8.842334446454e-14,-67801.64047777,202.92877004,-13018.18568582
30,15,897,4.746994285463e-14,7.791760179074e-13,-6.513280743826e-14,-68026.76171043,54.20514280021,-13000.96486779
30,15,898,4.732563118625e-14,7.814307214393e-13,-1.441191672082e-13,-70400.88907656,161.3813001574,-13046.94811348
30,15,899,4.163074133641e-14,7.747789925956e-13,-1.270735755117e-13,-67691.38301168,161.2207877274,-12904.0610717
30,15,900,4.553431409423e-14,7.771875908541e-13,-1.243906462376e-13,-66892.7843062,123.2122072091,-12950.51035878
30,15,901,4.424945446453e-14,7.763745864136e-13,-1.21310461614e-13,-68454.77798283,-189.3343041685,-12950.81204604
30,15,902,4.595832372705e-14,7.783748663315e-13,-1.44816393913e-13,-67909.06279874,-243.2503861362,-13015.03147699
30,15,903,4.481693356922e-14,7.736766167552e-13,-1.035286586372e-13,-68469.60292073,-196.9376863905,-12900.55724139
30,15,904,4.323084813593e-14,7.703715901223e-13,-9.402154895593e-14,-68537.60688752,90.03235289248,-12848.2313275
30,15,905,4.358919257835e-14,7.730547182235e-13,-9.414383643543e-14,-66852.31224422,233.9146345219,-12907.79193134
30,15,906,4.433703693452e-14,7.757340937518e-13,-1.207039326475e-13,-68360.03779855,-31.90253735191,-12952.71472621
30,15,907,4.519690828078e-14,7.720965556028e-13,-8.924123287183e-14,-66886.30763198,-63.135098536,-12897.26788991
30,15,908,4.433222181178e-14,7.740891166305e-13,-9.802519380721e-14,-66908.78876901,17.58897823278,-12908.37223889
30,15,909,4.375391717027e-14,7.766019499567e-13,-1.172116364819e-13,-69321.2914358,-82.90546208068,-13006.94982625
30,15,910,4.612382345922e-14,7.817161326603e-13,-7.136284162626e-14,-69266.0728317,304.2645886592,-13031.73270395
30,15,911,4.708231256774e-14,7.799104735626e-13,-9.009325975125e-14,-68898.55765134,-69.62193238916,-13024.56107344
30,15,912,4.373151055817e-14,7.795861051189e-13,-1.006544576306e-13,-66212.20516273,33.01922353341,-13002.48098361
30,15,913,4.515367003574e-14,7.709023388642e-13,-1.596178351088e-13,-66810.49359712,-169.8262109882,-12908.6993959
30,15,914,4.512038217271e-14,7.830128551946e-13,-8.259541290362e-14,-67372.61101369,86.88628089006,-13054.74600635
30,15,915,4.539425223751e-14,7.721989763901e-13,-1.155324846981e-13,-69807.67223348,-8.441771020373,-12898.61434707
30,15,916,4.695976150409e-14,7.772337782957e-13,-1.168965460805e-13,-70321.83774327,90.05994078368,-12958.11833122
30,15,917,4.272971933641e-14,7.702105643491e-13,-1.566734781307e-13,-70164.44533662,151.9714582732,-12835.36869104
30,15,918,4.321761208979e-14,7.800485828768e-13,-6.499004490417e-14,-66241.37717275,121.8469617368,-12995.91143526
30,15,919,4.732616439131e-14,7.63366285611e-13,-1.114680180506e-13,-68328.68461337,163.7629167167,-12756.86952192
30,15,920,4.347471778191e-14,7.693753236956e-13,-9.211582609621e-14,-67041.55626694,-2.209971950744,-12844.27603915
30,15,921,4.45532353501e-14,7.800881234196e-13,-9.229045217126e-14,-72547.84504745,19.89162560477,-13011.98008368
30,15,922,4.716587504206e-14,7.776273906649e-13,-1.124990332409e-13,-68265.95591139,-155.3763578106,-12991.04610561
30,15,923,4.969118829181e-14,7.801976308538e-13,-7.597709114464e-14,-67441.84224961,-61.24474014169,-13040.63440052
30,15,924,4.26668257828e-14,7.69958400295e-13,-9.329121864255e-14,-69172.90670067,72.532444432,-12850.0713569
30,15,925,4.478675780092e-14,7.758541810892e-13,-1.17645542583e-13,-66849.88192165,-171.3251216584,-12925.94585859
30,15,926,4.493507513871e-14,7.775822436556e-13,-1.012542911791e-13,-66738.96917262,4.559684644094,-12968.74744545
30,15,927,4.810347925858e-14,7.780581415143e-13,-1.491343910813e-13,-70436.27164915,-78.16410936821,-13050.61546119
30,15,928,4.73581797833e-14,7.697893916614e-13,-1.207617352134e-13,-69828.91748367,-271.7845442488,-12889.72429106
30,15,929,4.423107226337e-14,7.701114914183e-13,-1.06737342409e-13,-69302.60329828,-74.83943641914,-12867.53047246
30,15,930,4.509748567854e-14,7.754685249361e-13,-1.31398698669e-13,-68723.57769042,108.9657656285,-12945.44267515
30,15,931,4.485922365543e-14,7.690619718788e-13,-1.373283499913e-13,-67764.65018201,101.8088520971,-12836.85470684
30,15,932,4.34951397349e-14,7.802899497772e-13,-1.495276395205e-13,-68485.76433082,-212.0879395982,-13024.98287262
30,15,933,4.478345070787e-14,7.721190770015e-13,-1.234525719613e-13,-71745.63422579,174.8959804205,-12903.59473977
30,15,934,4.420033671193e-14,7.724321189358e-13,-1.009699389495e-13,-67427.09039343,-44.01016003118,-12899.46226393
30,15,935,4.568652067122e-14,7.812465194923e-13,-1.010697106267e-13,-66950.5977816,20.82309154548,-13043.49992183
30,15,936,4.35581958166e-14,7.633668468563e-13,-9.905275635322e-14,-69862.47833395,109.1123027975,-12730.09148514
30,15,937,4.259094081498e-14,7.763527644205e-13,-1.058825700954e-13,-67937.42695691,-129.2855239351,-12972.69225154
30,15,938,4.487740407672e-14,7.692829880582e-13,-1.259119115689e-13,-69876.76217253,236.3747170882,-12860.0964633
30,15,939,4.399367722256e-14,7.784161612727e-13,-1.042798411714e-13,-67059.09053837,-27.47593923902,-12994.78443186
30,15,940,4.386762447932e-14,7.690999845936e-13,-1.065962329352e-13,-68208.7949519,-65.19880986855,-12842.74619614
30,15,941,4.721378393868e-14,7.836524330067e-13,-1.10072063335e-13,-68390.19121565,133.7274033937,-13118.55095238
30,15,942,4.292238299748e-14,7.731891642174e-13,-1.069763057116e-13,-66564.07228705,68.49026161075,-12938.3137779
30,15,943,4.365594664192e-14,7.794153967161e-13,-1.273974161245e-13,-68164.07884428,29.34801594709,-13022.73649234
30,15,944,4.490919948536e-14,7.705540586819e-13,-1.56399363417e-13,-68359.06268021,-44.55634778966,-12890.29182756
30,15,945,4.416291888508e-14,7.761813532922e-13,-9.241558298388e-14,-69350.14994387,-39.9780873345,-12976.44414533
30,15,946,4.792349057321e-14,7.800832558107e-13,-1.016292959149e-13,-66681.64245618,-15.56314359857,-13041.00201447
30,15,947,4.441437206401e-14,7.806074201e-13,-9.272881339313e-14,-66985.16605419,6.357751889153,-13044.58488897
30,15,948,4.322126623831e-14,7.687977922266e-13,-7.559419830316e-14,-68051.23349399,180.6976441437,-12880.28006251
30,15,949,4.589080395573e-14,7.742546170129e-13,-1.116217150807e-13,-68725.30789502,-3.930249147046,-12941.55421465
30,15,950,4.596829429619e-14,7.632539526527e-13,-1.21219609903e-13,-69249.94750223,31.23184972435,-12786.13065048
30,15,951,4.418565907988e-14,7.785375341725e-13,-9.076801405095e-14,-67322.78738368,18.85119477786,-12972.7531205
30,15,952,4.491450012324e-14,7.801956523441e-13,-8.576264715624e-14,-68582.51171185,176.2851378353,-13029.65144692
30,15,953,4.578653752842e-14,7.784524822594e-13,-1.648372875083e-13,-67642.32686273,-0.1431068111477,-12985.88052851
30,15,954,4.554187084143e-14,7.723839491454e-13,-1.077395351092e-13,-68105.82133765,284.2943756077,-12916.48990419
30,15,955,4.566872579447e-14,7.789718156469e-13,-6.863708573886e-14,-68290.12346841,34.11431969796,-12977.41756395
30,15,956,4.400768770674e-14,7.709475031975e-13,-1.714633880144e-13,-72516.5539907,118.405869392,-12880.60513112
30,15,957,4.693227709773e-14,7.720210642293e-13,-1.143531090828e-13,-67272.29393546,-150.8883023866,-12904.24002602
30,15,958,4.527934941648e-14,7.745240277968e-13,-5.435515747834e-14,-65846.53572668,94.20444598464,-12899.09621675
30,15,959,4.39638352478e-14,7.744222522671e-13,-9.367458438241e-14,-67796.06344267,-0.8089676409874,-12908.95549937
30,15,960,4.433964082877e-14,7.73925167019e-13,-1.270841349118e-13,-68338.22093558,-14.31292030548,-12935.44472485
30,15,961,4.607558669501e-14,7.789626758977e-13,-9.912894486638e-14,-68394.47343451,-206.0953371647,-13072.73216885
30,15,962,4.339787721676e-14,7.785016373944e-13,-1.03600151957e-13,-67678.49800931,-6.466194671549,-12987.66253298
30,15,963,4.626951106422e-14,7.677257980059e-13,-1.216198816794e-13,-67262.79960749,-18.13804073626,-12871.9035103
30,15,964,4.212025934824e-14,7.791760125049e-13,-1.135838382888e-13,-69279.85349379,41.06370557574,-12980.57154788
30,15,965,4.862643714054e-14,7.825642591385e-13,-1.002683826264e-13,-67768.06802744,-31.88616124659,-13056.71049632
30,15,966,4.518657564894e-14,7.746005549698e-13,-6.324569969995e-14,-67313.52134279,121.8095785485,-12950.60398353
30,15,967,4.652434751528e-14,7.763032027523e-13,-1.017706501696e-13,-69421.70750882,94.08659927377,-12987.81279
30,15,968,4.358886580012e-14,7.73250658029e-13,-1.096492204119e-13,-66991.16430266,99.64498835582,-12936.58164966
30,15,969,4.50025460548e-14,7.768086350634e-13,-1.385218902525e-13,-69117.40195496,-35.02136875293,-13032.09023079
30,15,970,4.686952431108e-14,7.799374741762e-13,-1.145382006486e-13,-67910.64130866,191.5973844723,-13064.27884477
30,15,971,4.582614273573e-14,7.761313957154e-13,-1.04897617434e-13,-66023.20558091,114.3017081133,-12927.10800309
30,15,972,4.61533525717e-14,7.762208577e-13,-7.298299837726e-14,-66833.61428839,-42.8253541203,-12947.41982465
30,15,973,4.471795886232e-14,7.759732235776e-13,-1.388254557766e-13,-68956.1756451,108.8615378832,-12962.0669466
30,15,974,4.618850535616e-14,7.773725403165e-13,-1.604490454609e-13,-67533.40887382,-24.38466385676,-13017.86564138
30,15,975,4.766749138967e-14,7.689319758749e-13,-1.031907640227e-13,-68011.74782129,-154.8491707376,-12880.54018143
30,15,976,4.778616999283e-14,7.803109661972e-13,-1.715441584093e-13,-69874.01695065,-209.3460888228,-13031.55437055
30,15,977,4.396983762814e-14,7.744173497295e-13,-1.190421224854e-13,-69209.44889376,-94.74084815866,-12910.90110256
30,15,978,4.463793271716e-14,7.766408901687e-13,-1.270603620859e-13,-69506.7367144,-107.6346906989,-12956.37979018
30,15,979,4.561652555143e-14,7.820456657748e-13,-9.951886211108e-14,-67495.40280022,-40.27253021431,-13040.9443326
30,15,980,4.418167865747e-14,7.653283366586e-13,-8.207441721128e-14,-65829.22837334,-0.5572420653752,-12807.94201549
30,15,981,4.744028683729e-14,7.746111771296e-13,-1.606194070715e-13,-69677.90366901,-52.11617026968,-12921.44428661
30,15,982,4.525944559168e-14,7.694753326241e-13,-1.301922110221e-13,-67436.68010333,-96.28007513495,-12848.05310717
30,15,983,4.3486708019e-14,7.798424851806e-13,-1.146823882018e-13,-69769.82495495,-213.499527529,-13030.61289266
30,15,984,4.603674122832e-14,7.767538482524e-13,-6.348273962386e-14,-68193.64774869,-65.91085094609,-12955.01886557
30,15,985,4.671721623018e-14,7.77308834571e-13,-1.040210328514e-13,-68708.12993622,-31.0050513766,-13004.46541109
30,15,986,4.503374804092e-14,7.805516195621e-13,-7.870763393423e-14,-66029.00262016,-101.0284189933,-13021.93744223
30,15,987,4.570735314325e-14,7.700418032158e-13,-1.240487743944e-13,-69454.26769878,-10.01234452928,-12902.97902698
30,15,988,4.717117758808e-14,7.867693815194e-13,-1.173574092713e-13,-68773.26344475,83.16969263412,-13142.64017338
30,15,989,4.504747628466e-14,7.766179930838e-13,-1.062149607691e-13,-70708.69944927,5.155665032859,-12979.21834218
30,15,990,4.624795623693e-14,7.768297370219e-13,-1.042389295077e-13,-68119.31437983,141.0180892565,-12964.43925408
30,15,991,4.537363849624e-14,7.729178761602e-13,-1.399100641539e-13,-68986.44925175,-89.08707326804,-12881.39523269
30,15,992,4.296223817013e-14,7.742342833773e-13,-1.060327258965e-13,-69084.25118881,82.63298760601,-12928.22620113
30,15,993,4.73414464292e-14,7.746840575196e-13,-8.199171887104e-14,-63675.51054459,-51.60266515417,-13000.78263353
30,15,994,4.513322204634e-14,7.721022942701e-13,-7.653695166995e-14,-68153.78272167,71.57255096405,-12917.97065826
30,15,995,4.34757732577e-14,7.715074558684e-13,-1.292952754413e-13,-67770.46528975,83.48107307268,-12881.24639606
30,15,996,4.815254560847e-14,7.780727380962e-13,-1.135151047983e-13,-67708.30798741,255.3631277919,-13010.85428882
30,15,997,4.510020645015e-14,7.773537949783e-13,-5.783231068801e-14,-66830.2590968,10.1396238788,-12989.56888633
30,15,998,4.428754123065e-14,7.573190722216e-13,-9.889026287235e-14,-64797.72285364,-115.8339035323,-12678.35140134
30,15,999,4.580712307241e-14,7.761738320652e-13,-8.814776349449e-14,-69267.29975632,75.13207624089,-12952.7624783
30,15,1000,4.554195793848e-14,7.789755317735e-13,-1.019622871177e-13,-69486.14700825,85.41655322349,-12999.56728304
35,17.5,1,9.816194061555e-13,8.185315878423e-12,-2.77428807159e-12,-665099.0295828,3623.390911731,-137075.8330547
35,17.5,2,8.991557287173e-13,7.908465065631e-12,-3.378316056977e-12,-692917.4862052,-2638.974798577,-132530.9842454
35,17.5,3,1.053851452732e-12,8.331621789756e-12,-3.017300564239e-12,-681093.8650501,-4611.930347371,-139340.5855502
35,17.5,4,9.560154673235e-13,8.159667865302e-12,-2.813032451003e-12,-666966.611689,1040.735251583,-136089.2427649
35,17.5,5,9.74363692956e-13,8.252939819651e-12,-2.981881737845e-12,-699946.0593794,4640.094070737,-137872.9289422
35,17.5,6,9.752096301325e-13,7.999997628428e-12,-3.218577662436e-12,-679442.675177,-4536.871129514,-133415.3862724
35,17.5,7,9.462781493426e-13,7.978350851485e-12,-2.916123417322e-12,-674051.5675348,3334.356081091,-133526.9845533
35,17.5,8,9.39110688706e-13,8.076854531918e-12,-3.52812503828e-12,-683165.0966438,-5779.760599084,-135095.1074747
35,17.5,9,9.38998097838e-13,8.13687583563e-12,-3.248471563449e-12,-701724.5114377,-543.0704694348,-136110.2277919
35,17.5,10,9.713821680146e-13,8.008410018478e-12,-3.197713715108e-12,-683096.50755,516.6168251384,-133941.9896708
35,17.5,11,9.550126634203e-13,8.044389791311e-12,-3.476529418499e-12,-696206.1985326,625.2968990326,-134569.7725362
35,17.5,12,9.295069396246e-13,7.850176651738e-12,-3.294503249118e-12,-669682.3755125,-798.7839819421,-131617.4348666
35,17.5,13,9.502229568203e-13,8.015177958689e-12,-3.072687649083e-12,-681979.7712056,432.3879513612,-134352.9152834
35,17.5,14,9.982705636601e-13,8.153623875959e-12,-2.769531930763e-12,-676937.4040174,3308.005113108,-136404.6388313
35,17.5,15,9.417059603463e-13,7.939222384177e-12,-2.78878085194e-12,-685236.2260349,4557.22010495,-132855.604356
35,17.5,16,9.366944958629e-13,8.062586771585e-12,-3.212057729943e-12,-699267.9262166,472.6214522771,-134708.2567388
35,17.5,17,9.802262170206e-13,8.13841471612e-12,-3.193374196698e-12,-695743.219198,2806.591058671,-136265.7859208
35,17.5,18,1.00807758308e-12,8.131864923708e-12,-3.136818533923e-12,-689632.1453889,2036.630308367,-136371.769594
35,17.5,19,9.583734683583e-13,8.042579903874e-12,-3.009077296589e-12,-683768.8403356,1844.324294954,-134638.9446212
35,17.5,20,1.002019458748e-12,8.103612854476e-12,-2.995559865372e-12,-661464.8578323,-1870.291435751,-135798.2422243
35,17.5,21,9.364171207402e-13,8.018111460985e-12,-3.371441751531e-12,-688412.4082275,486.6465603301,-134340.0278468
35,17.5,22,9.917289877991e-13,8.204827114441e-12,-3.213414750217e-12,-687914.9174315,-3901.174844204,-137079.2237565
35,17.5,23,9.550672637659e-13,8.011375161282e-12,-3.22844849749e-12,-672214.7367316,-2009.721695147,-134235.224401
35,17.5,24,9.530604521454e-13,8.053857059326e-12,-3.063326010642e-12,-670209.6933959,-822.6241372065,-134746.6556029
35,17.5,25,9.57384981473e-13,8.045421591802e-12,-3.434401271848e-12,-685831.284928,-2197.626684553,-134423.8433646
35,17.5,26,9.233619938977e-13,8.010230658193e-12,-2.92987480776e-12,-666328.9066562,-4060.848025482,-133863.3927285
35,17.5,27,9.382496225129e-13,8.083491415655e-12,-3.330836238793e-12,-674528.0955061,-176.9528031014,-135011.9685233
35,17.5,28,1.027024436044e-12,8.232077739042e-12,-3.222270801872e-12,-691590.971508,1439.975606431,-136917.5677678
35,17.5,29,9.541794835251e-13,8.043092377076e-12,-2.910044808741e-12,-662844.3268205,-2186.094362395,-134809.9194979
35,17.5,30,9.504989501475e-13,8.014665589209e-12,-3.215889025087e-12,-690450.5480052,1029.032335456,-134087.2500666
35,17.5,31,9.33838287941e-13,8.047920320943e-12,-2.884365371021e-12,-662566.7347851,-3360.631836671,-134865.9975663
35,17.5,32,9.651181600385e-13,8.047862191753e-12,-2.606250440842e-12,-668222.987645,2017.607195302,-134991.5657656
35,17.5,33,9.89330324637e-13,8.283428851636e-12,-2.79412290824e-12,-666568.1494046,1929.642686072,-138238.5421361
35,17.5,34,1.017031616158e-12,8.28978424595e-12,-2.972628126206e-12,-664040.9830514,-1775.339995962,-138232.6736849
35,17.5,35,9.958745440669e-13,8.077372201557e-12,-3.203529195953e-12,-684553.6365722,-944.3355270804,-135673.231061
35,17.5,36,9.403769573783e-13,7.984994822085e-12,-2.995514339456e-12,-655845.8200082,-3795.279657565,-133637.1906814
35,17.5,37,9.428141629324e-13,8.118932710408e-12,-3.05755198448e-12,-689894.1674684,3697.325017149,-135348.5782503
35,17.5,38,9.522734611015e-13,8.051598681513e-12,-2.871132977973e-12,-694916.3048779,6681.365600331,-134939.2663406
35,17.5,39,9.904120330985e-13,8.279146060262e-12,-3.124357604091e-12,-700487.9095865,-257.889211448,-138307.8881463
35,17.5,40,1.055185415582e-12,8.357562668457e-12,-3.065095280175e-12,-671478.7506816,-1092.493258636,-139837.8162491
35,17.5,41,9.6058720006e-13,7.99329371327e-12,-3.107297677065e-12,-677653.2206409,-1404.893450338,-134078.0684614
35,17.5,42,9.264760594575e-13,7.987844048042e-12,-2.882285955235e-12,-691307.1732768,998.4200370442,-133345.2047142
35,17.5,43,9.816458567614e-13,8.156867167443e-12,-3.4118806749e-12,-680059.1406117,-4755.87171975,-136559.5432359
35,17.5,44,1.017506159846e-12,8.135339646071e-12,-3.080435990746e-12,-680651.1326186,-3406.710818923,-136047.2334001
35,17.5,45,9.513414008555e-13,8.196381366305e-12,-2.949856467206e-12,-681538.4587628,189.141093695,-136730.7881042
35,17.5,46,9.759119021868e-13,8.033153236141e-12,-3.255395502185e-12,-669558.6719357,-6224.633195698,-134006.1649739
35,17.5,47,9.81395166027e-13,8.17266363858e-12,-2.520518467747e-12,-662075.5947398,1376.761566446,-136321.4521361
35,17.5,48,1.026333377897e-12,8.259554659946e-12,-3.275453240032e-12,-692898.3625432,-3824.381143142,-138286.0485461
35,17.5,49,9.612959135411e-13,8.150613927544e-12,-2.603969110169e-12,-664890.2976399,6574.125530119,-135659.7936175
35,17.5,50,9.360142385198e-13,8.052780008159e-12,-2.936129819533e-12,-691243.4930474,-808.5289509667,-134417.9127261
35,17.5,51,9.780209300702e-13,8.076783114457e-12,-2.894927190613e-12,-687982.6168684,4018.127185061,-134242.0418238
35,17.5,52,9.690137390345e-13,8.077820783522e-12,-3.765482195686e-12,-692344.3179102,-2407.264618745,-134351.150381
35,17.5,53,9.975981626934e-13,8.162601540474e-12,-3.756751302334e-12,-689015.619812,-4716.825297677,-135996.9809141
35,17.5,54,9.614546780853e-13,8.021083745845e-12,-3.300256177838e-12,-664346.0939958,-6759.70062286,-133998.5516775
35,17.5,55,9.860129072566e-13,8.165821065476e-12,-2.772630713837e-12,-654589.4999752,1141.208565757,-136640.6741591
35,17.5,56,9.626609621221e-13,8.138024128275e-12,-2.905715347693e-12,-662314.591722,1595.834992352,-136021.9518605
35,17.5,57,9.809961695535e-13,8.045479045708e-12,-3.817735388463e-12,-701902.7794366,-7692.99357723,-134624.6088039
35,17.5,58,9.613705953751e-13,8.080445099271e-12,-3.221697533789e-12,-678328.3105666,0.3105427971926,-134750.151575
35,17.5,59,9.728427857861e-13,8.133800583817e-12,-2.685025218191e-12,-680249.9543615,5350.57729072,-135958.2422977
35,17.5,60,8.750363576314e-13,7.874990810387e-12,-3.181738974993e-12,-673986.4458784,-1467.820449309,-130786.136317
35,17.5,61,9.483883262681e-13,7.953119849036e-12,-2.634586679954e-12,-672143.1150999,3745.525735365,-133063.9825436
35,17.5,62,9.985606615779e-13,8.299791392871e-12,-3.087070624687e-12,-688816.9633098,3085.128855047,-137799.6481237
35,17.5,63,9.03585359126e-13,7.896434972372e-12,-2.945441362928e-12,-682930.5959878,5829.578890464,-131686.9548416
35,17.5,64,1.017037094594e-12,8.29030269168e-12,-3.118803640237e-12,-693665.357616,-2147.980004029,-138315.2124108
35,17.5,65,9.663678977942e-13,8.041329836275e-12,-3.414503043664e-12,-681564.9160347,-5012.963263826,-134740.6179768
35,17.5,66,9.139498080984e-13,7.857196801657e-12,-2.773521057221e-12,-674408.9808017,2061.757513478,-131724.2462279
35,17.5,67,9.242877696384e-13,7.901922328241e-12,-3.051944968794e-12,-676364.4250252,355.4535752229,-131406.1799575
35,17.5,68,9.667519469584e-13,8.061683623769e-12,-3.033853860136e-12,-701006.28988,3715.260697025,-135064.0902207
35,17.5,69,9.762087939957e-13,8.203297142981e-12,-3.161924495653e-12,-677345.4469845,238.3750550436,-137097.2664307
35,17.5,70,9.642457121274e-13,8.131523767488e-12,-3.139810793665e-12,-667591.120577,-204.1157767552,-135193.1331794
35,17.5,71,9.395367158703e-13,8.12780239276e-12,-3.354380253087e-12,-693804.5037781,3695.358234135,-134835.9786026
35,17.5,72,9.437755972738e-13,8.146790341579e-12,-2.878597150948e-12,-686022.9304878,3514.48188785,-135832.1411092
35,17.5,73,9.43466608232e-13,8.042397072742e-12,-3.127897852603e-12,-689831.3855936,-929.72000719,-134801.280786
35,17.5,74,9.600673992258e-13,7.961551727729e-12,-3.484233987045e-12,-694744.637393,-715.9528725364,-133761.2959977
35,17.5,75,9.865769845772e-13,8.12881401807e-12,-3.287217748469e-12,-675843.8614385,-3877.904782071,-135917.1520234
35,17.5,76,9.215182390343e-13,7.967550110131e-12,-2.581354280085e-12,-659509.2485274,4072.138409667,-132659.8740174
35,17.5,77,1.003062429341e-12,8.198985109021e-12,-3.238531742336e-12,-680844.3310831,-12.5550450932,-136357.8004583
35,17.5,78,9.428452882421e-13,7.927104106279e-12,-2.943374535597e-12,-667483.5254283,-1208.574701569,-132513.0984974
35,17.5,79,9.33059903812e-13,8.195710658861e-12,-3.179382983382e-12,-675837.814679,-2907.881749124,-136205.768476
35,17.5,80,1.002969802353e-12,8.327164307337e-12,-2.94101657969e-12,-671515.205222,-2196.326307164,-138678.756135
35,17.5,81,9.86456565798e-13,8.106311341003e-12,-3.456485493627e-12,-675338.3380426,-5251.696233448,-135335.3011151
35,17.5,82,9.556485595151e-13,8.042276985195e-12,-2.600807249598e-12,-672938.2882541,1580.355400106,-134523.3752946
35,17.5,83,9.819437382829e-13,8.181963538992e-12,-2.807284832738e-12,-676063.3496171,4694.326706711,-137061.7188034
35,17.5,84,9.873898072572e-13,8.119283552163e-12,-2.433308041243e-12,-663045.3246849,2812.694902552,-135878.4721402
35,17.5,85,9.832569638994e-13,8.123724890223e-12,-2.839470048684e-12,-660174.4797565,-416.8836106839,-135680.9984249
35,17.5,86,9.186625600759e-13,8.038256879576e-12,-3.161805012454e-12,-685193.0224679,-389.8606069807,-134441.0677323
35,17.5,87,9.648068565665e-13,8.153980403543e-12,-2.971404709853e-12,-684449.7240449,-1521.472164746,-135617.4954047
35,17.5,88,9.769325124324e-13,8.221087984107e-12,-2.724567153752e-12,-656531.1633054,661.9757718908,-137376.5478977
35,17.5,89,9.915286190025e-13,8.092885514418e-12,-3.21096592951e-12,-673474.4241459,-2714.139043525,-135783.8498177
35,17.5,90,9.576895048091e-13,8.077542949191e-12,-2.710064560287e-12,-681783.1429135,5185.591387382,-135188.3007833
35,17.5,91,9.942173402941e-13,8.223511112234e-12,-3.372253056374e-12,-693475.6585308,-746.7924596805,-137542.234582
35,17.5,92,9.776578009116e-13,8.034786661122e-12,-2.681823550743e-12,-673585.8266197,3604.36296289,-134355.486177
35,17.5,93,9.88426316318e-13,8.099663531829e-12,-3.073268338068e-12,-675177.5640989,742.495799896,-135267.5003741
35,17.5,94,9.842599346987e-13,8.230851097901e-12,-2.715485417533e-12,-671316.0783577,2016.948938235,-136959.5128658
35,17.5,95,9.583829969587e-13,8.084058672331e-12,-2.880464116493e-12,-688440.8244738,6127.773984379,-134539.463099
35,17.5,96,9.436234602573e-13,8.087757135034e-12,-2.707789423452e-12,-677456.4182791,4397.560511362,-134799.8893297
35,17.5,97,9.720031748571e-13,8.072355943416e-12,-3.50679086426e-12,-680076.1029343,-4125.918907171,-135583.7918183
35,17.5,98,1.016654345116e-12,8.214924109273e-12,-3.014915053883e-12,-667611.3592964,3493.348537931,-137360.8858752
35,17.5,99,9.475754437447e-13,7.944572798045e-12,-3.002692210555e-12,-675723.9467803,2858.581695326,-133254.1328031
35,17.5,100,1.02162288255e-12,8.217320432067e-12,-3.268741416762e-12,-691587.8052336,-2976.687415342,-137833.6417841
35,17.5,101,9.929026214343e-13,8.222999767197e-12,-3.317789402329e-12,-693680.3770006,1753.19532592,-137617.7644247
35,17.5,102,1.008256803637e-12,8.23848498771e-12,-3.213667709425e-12,-676782.4449305,-3593.734005903,-137695.9662004
35,17.5,103,9.177820759826e-13,7.94590155714e-12,-2.81451961853e-12,-670220.3436512,2554.792750459,-132511.340359
35,17.5,104,9.513281545836e-13,8.175816296021e-12,-2.613588646279e-12,-674327.4684996,1545.103111916,-136641.6134779
35,17.5,105,9.441474986919e-13,8.045273918363e-12,-2.910036647426e-12,-654474.0859194,1446.826536844,-134747.7453679
35,17.5,106,9.606626291401e-13,8.011120968826e-12,-3.072497318821e-12,-667710.3029674,-816.9073569117,-133775.3679504
35,17.5,107,9.341076916417e-13,8.054768024913e-12,-2.602044881666e-12,-676449.7134202,1035.073396216,-134218.8980778
35,17.5,108,9.499904876276e-13,8.035292110781e-12,-2.896144238624e-12,-673570.8612616,4211.962081456,-133901.1137004
35,17.5,109,9.703351204889e-13,8.167392812313e-12,-3.10855902308e-12,-692171.6433667,4216.918636844,-135700.0823072
35,17.5,110,9.666223911015e-13,7.998480551713e-12,-3.224053477385e-12,-683005.6400034,-2100.952585269,-133687.6973196
35,17.5,111,9.58215058257e-13,8.06031535997e-12,-3.242307991217e-12,-689221.3111464,1510.605886165,-134943.5944501
35,17.5,112,9.996340997938e-13,8.16593259043e-12,-3.118291271186e-12,-701995.5579269,420.9661184391,-137176.8315953
35,17.5,113,9.862953924409e-13,8.086504128587e-12,-2.473792255233e-12,-654686.9748509,2858.041412599,-135170.2172132
35,17.5,114,9.81763758116e-13,8.214275641211e-12,-3.140759255291e-12,-694079.0257129,405.4150524042,-137313.2636375
35,17.5,115,9.574712975904e-13,8.105137978325e-12,-3.098931426477e-12,-684792.0663572,1324.369065922,-134850.7742749
35,17.5,116,9.707432181568e-13,8.182256031292e-12,-2.548803188296e-12,-673580.4439522,2320.42367356,-136452.229464
35,17.5,117,9.468025596026e-13,8.080989379801e-12,-2.821625765479e-12,-682586.7758604,2632.351803393,-134188.0450314
35,17.5,118,9.605036518842e-13,7.999310316016e-12,-3.265250789374e-12,-680517.9442854,-5356.432436355,-133941.8832188
35,17.5,119,9.358720644661e-13,8.079767424031e-12,-2.761323539638e-12,-662734.9267432,2523.346672144,-134809.9291794
35,17.5,120,9.706999567995e-13,7.993785104615e-12,-2.678043519083e-12,-691987.5429139,4836.362692224,-133581.3558643
35,17.5,121,9.702488578646e-13,8.055378628783e-12,-3.377239509285e-12,-682765.8166101,-5329.651683814,-134358.9848664
35,17.5,122,1.012811536839e-12,8.229093717783e-12,-3.23920301256e-12,-689626.3247183,3838.504802339,-137562.7958034
35,17.5,123,9.142093252093e-13,7.992222497095e-12,-2.834292542691e-12,-677948.6174089,-1513.573177984,-133061.7391872
35,17.5,124,9.641118234549e-13,8.176606751956e-12,-3.047594776656e-12,-680525.7476849,450.870590813,-136229.137614
35,17.5,125,9.969942961505e-13,8.17506661468e-12,-3.07292792479e-12,-686977.4872202,1504.614080712,-136584.8865931
35,17.5,126,9.302253699829e-13,8.048289295267e-12,-2.968271822457e-12,-667585.7726466,421.7236194403,-134545.7783772
35,17.5,127,9.236005432453e-13,8.073977574491e-12,-2.788139143978e-12,-665257.0754708,1451.905946774,-134352.924874
35,17.5,128,1.015152518193e-12,8.170761518946e-12,-3.128677878974e-12,-688797.5861716,1866.069046104,-136904.5234879
35,17.5,129,9.364529690948e-13,8.088029850891e-12,-3.184702969914e-12,-682497.7668215,-1546.819665228,-134796.530027
35,17.5,130,1.00236745796e-12,8.124241030604e-12,-2.963997933014e-12,-696720.9747202,1429.816202232,-135779.8690732
35,17.5,131,9.57865263524e-13,8.035346720197e-12,-3.313605422423e-12,-670449.7134051,-4414.592278136,-134305.2719363
35,17.5,132,9.498663743253e-13,8.063942237539e-12,-2.72495756408e-12,-687105.4229823,803.3507412579,-134682.1139673
35,17.5,133,9.905975633035e-13,8.131167184406e-12,-3.057545076583e-12,-689612.0768278,1300.779153322,-135853.9347672
35,17.5,134,9.051210479944e-13,7.897852488077e-12,-3.127743951296e-12,-688837.1979726,4350.655258806,-131500.6271003
35,17.5,135,9.386489748184e-13,8.040416948483e-12,-2.91319854106e-12,-677481.4088033,1478.171413451,-133925.9714603
35,17.5,136,1.013036542913e-12,8.273965378441e-12,-3.036056726433e-12,-684755.9977923,-1325.426978518,-138031.1805547
35,17.5,137,9.581906540021e-13,8.066558834862e-12,-3.053014584348e-12,-672850.6744742,1265.561042731,-134431.4942677
35,17.5,138,9.748516774773e-13,8.18533143198e-12,-3.000099206195e-12,-668408.5765731,-1603.328574279,-136395.9485542
35,17.5,139,9.75102223634e-13,8.12888872168e-12,-2.90376716663e-12,-687175.9728801,-1872.503314216,-136422.081342
35,17.5,140,9.707389608911e-13,8.089811440364e-12,-2.551014468938e-12,-675613.5023347,4427.560953854,-135352.9255324
35,17.5,141,1.003022585547e-12,8.176102118739e-12,-3.152330291246e-12,-674890.9015149,-4434.424170378,-136519.8960731
35,17.5,142,9.246245525799e-13,7.942031797278e-12,-2.679716267293e-12,-646212.4965523,125.1883787231,-133287.5454618
35,17.5,143,9.082795337951e-13,7.880503745833e-12,-3.716042124023e-12,-696445.8302483,-2749.577406707,-132061.3205606
35,17.5,144,9.622026961678e-13,8.040263786513e-12,-3.275768177235e-12,-689899.0321628,-2204.973166168,-134586.9890678
35,17.5,145,9.778864817784e-13,8.233501692638e-12,-2.658849097803e-12,-677720.6375137,5366.991303425,-136994.6895204
35,17.5,146,9.570404994199e-13,8.167992159507e-12,-3.251350409783e-12,-683340.6575385,-1940.787881925,-136140.1662249
35,17.5,147,1.029085070346e-12,8.383575983542e-12,-2.92669498968e-12,-661441.5958306,990.943159811,-139415.9198178
35,17.5,148,9.83256047109e-13,8.141517607562e-12,-3.175651019302e-12,-703126.5026779,-1947.866791012,-136247.6345976
35,17.5,149,9.583668300899e-13,8.091932538558e-12,-2.565682064086e-12,-665863.2167224,2938.27381448,-135604.0806838
35,17.5,150,9.234901205386e-13,7.969735422442e-12,-3.063904320359e-12,-667896.2620845,-1548.810128226,-133260.2427124
35,17.5,151,9.854704326109e-13,8.201545632956e-12,-3.040053714647e-12,-682342.5352434,1168.294745752,-137112.4403828
35,17.5,152,9.079458533588e-13,7.98403374497e-12,-2.988455050148e-12,-687695.3688854,3285.849914748,-133275.9212021
35,17.5,153,9.723704170038e-13,8.056269003621e-12,-2.979270362713e-12,-686104.6362299,-416.2069488099,-134925.3234827
35,17.5,154,9.656863565665e-13,8.08940343759e-12,-2.800932782985e-12,-670535.8311386,2456.159238139,-135053.5792341
35,17.5,155,9.882696558084e-13,8.085289215211e-12,-2.758156981054e-12,-659514.7124492,759.4733464821,-135210.1466386
35,17.5,156,9.251141873992e-13,8.005841639108e-12,-2.843572639118e-12,-665815.4218716,3609.51900697,-133784.0725418
35,17.5,157,1.082598261787e-12,8.469754419219e-12,-3.27424313116e-12,-694915.3923239,-3295.153956142,-141671.8702006
35,17.5,158,9.442070608216e-13,8.034420868114e-12,-2.877363129525e-12,-695605.0205327,5043.755494274,-135165.3223973
35,17.5,159,9.768079170701e-13,8.114646413292e-12,-2.84617857759e-12,-676134.3297974,1050.451917409,-136103.0157019
35,17.5,160,9.951651274129e-13,8.063264141504e-12,-2.859147840303e-12,-661232.5167547,487.0679282531,-134744.5419626
35,17.5,161,9.915752272534e-13,8.1666659153e-12,-2.624514122788e-12,-666863.3189206,2720.851780542,-136218.8459201
35,17.5,162,9.309522529466e-13,8.027572302286e-12,-2.787713733358e-12,-681708.0436541,2563.983899954,-133812.8649968
35,17.5,163,1.015507003849e-12,8.204012756235e-12,-3.058507532402e-12,-687242.5132796,-366.3107402633,-137459.7808177
35,17.5,164,9.39955393924e-13,8.050913994609e-12,-2.996552067004e-12,-664667.6735744,-4646.947223492,-134366.2866698
35,17.5,165,8.91294143955e-13,7.872922609283e-12,-2.876388716072e-12,-671558.7376849,-1797.400565514,-131562.8840139
35,17.5,166,9.818256794163e-13,8.141042569246e-12,-3.167882129337e-12,-685615.7457668,-1277.24272489,-135393.4150877
35,17.5,167,1.000403624526e-12,8.175035970499e-12,-2.799945617825e-12,-682770.1456835,1803.636786946,-136429.9249569
35,17.5,168,1.088351223109e-12,8.402476868706e-12,-2.84733098377e-12,-668924.0202484,2108.170059047,-140884.1910193
35,17.5,169,9.080466725485e-13,8.039473988012e-12,-3.290833527434e-12,-697742.8838985,453.7313851845,-133871.7184249
35,17.5,170,9.86025412297e-13,8.142901420012e-12,-3.385175604431e-12,-687978.8814835,-1388.077558491,-136376.2204258
35,17.5,171,9.851589048704e-13,8.157652127862e-12,-3.279793093311e-12,-678938.6354309,-2433.305206686,-136652.58093
35,17.5,172,9.55313966308e-13,8.109271180659e-12,-2.634539734082e-12,-664659.6044934,1556.722828002,-135202.4955263
35,17.5,173,9.715879397758e-13,8.160592999915e-12,-3.380434556285e-12,-673972.0842193,-1822.305348769,-136535.6344324
35,17.5,174,9.959493301262e-13,8.213911254613e-12,-3.241294721615e-12,-682478.3968615,-864.284909125,-137797.7251329
35,17.5,175,1.010680703496e-12,8.128747491307e-12,-3.432149655423e-12,-680870.2640358,-1167.692953751,-136325.6566234
35,17.5,176,8.723904859959e-13,7.860949710849e-12,-3.026050467042e-12,-668332.4137756,-4232.953519524,-131627.5839226
35,17.5,177,9.316573800131e-13,7.968218361472e-12,-3.134605997244e-12,-692975.9497219,-1465.622282745,-133634.8180419
35,17.5,178,9.929053479361e-13,8.177483186464e-12,-2.96130045891e-12,-674402.3332916,-2627.408723403,-136605.386282
35,17.5,179,1.060866785835e-12,8.322141371169e-12,-2.945379760577e-12,-675518.801455,-5741.239816256,-139120.5813929
35,17.5,180,1.032914586513e-12,8.212405832263e-12,-3.106738315686e-12,-679209.1496022,-1457.820035697,-137597.0146451
35,17.5,181,9.422250001086e-13,8.052601826449e-12,-3.119769349683e-12,-661208.5325904,-2196.51360349,-134635.5058677
35,17.5,182,9.536403304397e-13,8.096943267038e-12,-3.067933655187e-12,-671746.7864509,-2185.825973385,-135762.2454109
35,17.5,183,9.478507778396e-13,8.100592138063e-12,-3.15777057819e-12,-682650.6709936,-3044.600031571,-136279.0377704
35,17.5,184,9.50671045875e-13,8.041288177377e-12,-3.301242523444e-12,-694102.3180059,-1065.175653475,-134628.2987629
35,17.5,185,9.906445737429e-13,8.188455119448e-12,-3.086274263543e-12,-691193.5434265,-2229.142483093,-136811.0628221
35,17.5,186,1.023635835619e-12,8.198559485519e-12,-2.548248643718e-12,-662798.0829807,786.3338191499,-137234.9471386
35,17.5,187,9.108870962015e-13,7.815149484589e-12,-3.226530650649e-12,-694275.0487842,-2812.17601301,-131115.2651204
35,17.5,188,9.428373642055e-13,8.044777887787e-12,-3.249182957152e-12,-687709.0427903,-1769.190846651,-134321.2885327
35,17.5,189,1.001623031804e-12,8.214125580553e-12,-3.202986170718e-12,-676573.4317745,957.0752231894,-136953.3207859
35,17.5,190,9.229102603937e-13,7.943268303703e-12,-2.649685920468e-12,-663310.9294963,231.3127955725,-132260.3898575
35,17.5,191,9.733391877875e-13,8.114446074408e-12,-3.446316703813e-12,-697511.5788884,-3257.676060699,-135859.5271303
35,17.5,192,1.003627224528e-12,8.240485157429e-12,-2.50008901553e-12,-702662.6487713,6875.868176615,-137383.0330463
35,17.5,193,9.654292313514e-13,8.015269177527e-12,-2.664085398314e-12,-676640.4709535,2453.143648724,-134053.0264106
35,17.5,194,9.892107799033e-13,8.202729443851e-12,-2.762368374035e-12,-667881.5908386,2817.324340506,-136959.2226514
35,17.5,195,9.694062829027e-13,8.155448316097e-12,-3.192015773162e-12,-659650.2260312,-5414.04075367,-135910.2493841
35,17.5,196,9.998784415186e-13,8.193956424263e-12,-3.118405090316e-12,-666337.8398939,-1743.819845325,-137157.0899704
35,17.5,197,9.853605189653e-13,8.263754272523e-12,-2.718322598888e-12,-682726.4187503,-58.09586205307,-138146.6378595
35,17.5,198,9.749583954449e-13,8.132543604383e-12,-2.844092816662e-12,-663153.1025475,194.7913804616,-136080.5946703
35,17.5,199,9.618265151374e-13,8.101604747003e-12,-2.872921673864e-12,-677069.8585222,3503.889535235,-135391.6332431
35,17.5,200,9.828217689456e-13,8.141073519198e-12,-2.885840663758e-12,-668968.6977118,4129.581998006,-135773.5142088
35,17.5,201,9.890820025015e-13,8.161058565043e-12,-3.124101180985e-12,-687810.7642408,1564.277738373,-135978.1731808
35,17.5,202,9.857945398224e-13,8.190082181871e-12,-2.861187322235e-12,-678145.3845053,4326.784350512,-136627.7777511
35,17.5,203,9.390192039079e-13,7.965935620841e-12,-2.968489440566e-12,-684608.9093225,2979.86574942,-133134.4987416
35,17.5,204,9.903250248136e-13,8.212598884183e-12,-2.834509788304e-12,-688431.0211231,-1287.946084427,-137354.5109123
35,17.5,205,9.887287422195e-13,8.162992311088e-12,-2.670810481952e-12,-668310.0899681,1596.544408307,-135526.387559
35,17.5,206,1.055025380061e-12,8.355223054002e-12,-3.388175814018e-12,-701040.827081,-1306.82920136,-139664.5461533
35,17.5,207,9.966370696034e-13,8.222986129688e-12,-3.078790771238e-12,-680881.4403803,5196.767513014,-136840.0501032
35,17.5,208,9.492955674198e-13,8.078434112705e-12,-3.345735781172e-12,-678694.0307488,-1697.746450405,-134956.7609976
35,17.5,209,1.037209800645e-12,8.409662229118e-12,-3.40493955309e-12,-689104.4265706,-1711.702097597,-139757.6114787
35,17.5,210,9.085266390191e-13,7.983890002573e-12,-2.928978076051e-12,-675226.9800479,-1175.360414583,-133885.2210573
35,17.5,211,9.287877303273e-13,7.951875467043e-12,-3.254549150597e-12,-678571.8719634,-3730.602839327,-133098.3478734
35,17.5,212,9.347848570497e-13,8.103345287079e-12,-3.184601282163e-12,-662622.9287522,-5167.176599604,-134935.0012647
35,17.5,213,9.384225662674e-13,8.036692821386e-12,-2.662765971009e-12,-647616.337636,-3333.254400803,-134653.9790497
35,17.5,214,9.997165902393e-13,8.227084815349e-12,-3.264467159919e-12,-671933.7893985,-1785.403351488,-137193.4912986
35,17.5,215,9.595083412006e-13,8.074976566573e-12,-2.728343912306e-12,-677383.247106,2133.561210043,-135388.7393413
35,17.5,216,9.731968495584e-13,8.118623455634e-12,-3.430118308944e-12,-682697.9611472,-3762.86525616,-135163.3360484
35,17.5,217,9.402723788331e-13,8.053940815446e-12,-2.929373194871e-12,-676389.8936271,1545.57905177,-134621.4388694
35,17.5,218,9.586973431422e-13,7.956033312176e-12,-2.946156287435e-12,-682968.7182549,-1938.190172977,-132233.1889027
35,17.5,219,9.608493369867e-13,8.034927587327e-12,-2.652546847274e-12,-685484.5950921,4315.241924855,-134067.6874354
35,17.5,220,9.336408878474e-13,7.984023528061e-12,-3.244338950681e-12,-696121.5120148,2661.123315532,-133982.6164549
35,17.5,221,9.613293696021e-13,8.114040577116e-12,-3.390109517006e-12,-680392.4848161,-2494.453010795,-135373.6502427
35,17.5,222,9.819271304854e-13,8.237771784617e-12,-2.703026395104e-12,-689662.435536,4550.688054892,-137246.3888775
35,17.5,223,9.523932447716e-13,8.009113004123e-12,-3.275165441851e-12,-692478.3930289,2034.680799196,-133989.4113412
35,17.5,224,9.496283078051e-13,8.046739198486e-12,-3.38875678734e-12,-665569.4440176,-3938.334787095,-134289.4266157
35,17.5,225,9.402786567037e-13,7.90689146992e-12,-2.906787619529e-12,-648191.878914,-2431.86951217,-132149.9880459
35,17.5,226,9.653337163132e-13,8.182962352819e-12,-2.853823319056e-12,-688305.6720894,4512.426745031,-136435.8923196
35,17.5,227,1.008619549864e-12,8.268378131616e-12,-2.996305302259e-12,-693250.7715868,-1.009961013424,-137665.1454434
35,17.5,228,1.002772392416e-12,8.227247924205e-12,-3.202962430927e-12,-687267.2389823,-923.6751067113,-137707.5179794
35,17.5,229,9.420245963828e-13,8.098960905099e-12,-3.121143599765e-12,-690275.6097871,-3039.380497055,-135411.6945224
35,17.5,230,9.567794409763e-13,8.134726108092e-12,-2.929764089686e-12,-692186.3532014,1824.162971474,-135785.2856666
35,17.5,231,9.827385287896e-13,8.098704786468e-12,-3.347341469764e-12,-686807.117224,298.3306991552,-135810.3164139
35,17.5,232,9.67655147575e-13,8.103834285283e-12,-3.025535083052e-12,-681189.1337676,3515.045629513,-135696.4948373
35,17.5,233,9.554485288271e-13,8.077206356191e-12,-3.19485464325e-12,-682925.7911319,-2240.638622437,-134858.8547584
35,17.5,234,9.347401323122e-13,8.136851784005e-12,-2.498201583556e-12,-672406.5687577,3798.899046123,-135591.0001589
35,17.5,235,9.817698821885e-13,8.140246486263e-12,-2.311376805158e-12,-683674.8370177,6764.343983985,-136160.0920935
35,17.5,236,9.778221144317e-13,8.129329606588e-12,-3.467134003035e-12,-665350.1999451,-5341.126187745,-136259.8176252
35,17.5,237,9.807649472367e-13,8.057525289615e-12,-3.229015121992e-12,-698017.356984,25.37755554903,-134874.5963927
35,17.5,238,9.873090735928e-13,8.276199021902e-12,-3.054037648171e-12,-697487.1904665,-665.5866292793,-138306.7368713
35,17.5,239,9.600778957245e-13,8.043302315747e-12,-3.212043126149e-12,-673348.6279899,-5252.778101493,-134465.6181311
35,17.5,240,9.683807003103e-13,8.049156467369e-12,-2.852292737456e-12,-675928.4479843,444.5362684978,-134491.6901873
35,17.5,241,1.016371260996e-12,8.127448067876e-12,-3.470008587286e-12,-687934.269268,-1752.48815877,-136200.725951
35,17.5,242,1.023316137258e-12,8.292056865278e-12,-3.726815922879e-12,-687368.6344698,-3836.197193729,-138731.9181673
35,17.5,243,9.817948978072e-13,8.184142020745e-12,-2.684709495109e-12,-652844.2783345,2183.762120051,-136704.6444489
35,17.5,244,9.823894012229e-13,8.11351257009e-12,-3.468382879659e-12,-681453.6228917,-445.2317450391,-134986.6079734
35,17.5,245,9.849930823752e-13,8.196736976852e-12,-2.864771348329e-12,-675745.9505865,778.0387013185,-136146.0767399
35,17.5,246,9.440353003723e-13,7.898481631359e-12,-2.846831106574e-12,-694171.2218984,4727.633718302,-132167.2119415
35,17.5,247,1.073949912315e-12,8.339255565632e-12,-3.328125798134e-12,-687984.6517995,2329.340151225,-139254.6104237
35,17.5,248,1.004853773934e-12,8.232604055e-12,-3.31589406446e-12,-674584.0273476,-4266.446253785,-137065.4040152
35,17.5,249,9.466141774782e-13,8.037573896296e-12,-2.833981440278e-12,-691009.9137062,2346.360389345,-134800.0163348
35,17.5,250,9.516839330597e-13,8.144244161475e-12,-3.209006922667e-12,-688654.2744909,-3032.218467294,-136010.9366314
35,17.5,251,9.410770934245e-13,7.919194204037e-12,-3.069692028846e-12,-661566.3431957,-3752.484310102,-132242.535539
35,17.5,252,9.587530060295e-13,8.041795345214e-12,-2.63060387781e-12,-674825.7743049,15.33028764981,-134668.6373135
35,17.5,253,9.713443872925e-13,8.147382420227e-12,-3.521224975812e-12,-686620.965093,-5532.40965696,-136113.2354099
35,17.5,254,9.796360633307e-13,8.183226084577e-12,-3.154414583203e-12,-702202.7795677,5868.146703444,-136697.4176937
35,17.5,255,9.191829675111e-13,7.879459907894e-12,-3.314804821265e-12,-691368.1894038,-815.3856268144,-131479.2425847
35,17.5,256,9.454219769747e-13,7.965485955672e-12,-3.052907868295e-12,-690762.9596461,-287.3971837325,-133696.095773
35,17.5,257,9.664439613288e-13,8.157271255081e-12,-2.752617105081e-12,-679022.9184096,3857.037468189,-136032.972553
35,17.5,258,9.688234703929e-13,8.11829075452e-12,-2.915613690679e-12,-672156.716671,3169.444096764,-135188.6170599
35,17.5,259,9.827544059551e-13,8.255754169206e-12,-3.22431632818e-12,-682062.6352796,-1919.858111923,-137885.1106298
35,17.5,260,9.652993366508e-13,8.085508188949e-12,-2.724352631786e-12,-682312.0304794,4197.303060981,-134658.3951697
35,17.5,261,1.014415220096e-12,8.216423526582e-12,-3.420377504189e-12,-695910.3708685,-58.86147706611,-136551.5307852
35,17.5,262,9.331134066415e-13,8.060367232856e-12,-3.19573114271e-12,-686592.203625,-1479.216843542,-134276.5237858
35,17.5,263,9.645986402475e-13,8.034181930635e-12,-3.213129474442e-12,-672614.7159105,-3985.841355859,-133968.7851695
35,17.5,264,8.96401050304e-13,7.892316441176e-12,-2.837022973728e-12,-666337.3285264,3086.185298387,-131848.6130915
35,17.5,265,9.355052873172e-13,7.937456914509e-12,-2.810795646979e-12,-676075.0514264,-2873.564270351,-133180.3055548
35,17.5,266,1.00063028037e-12,8.307986483153e-12,-2.83111884497e-12,-685057.3805784,4349.245407776,-137827.4175922
35,17.5,267,9.377841995785e-13,7.970063015582e-12,-2.855803446369e-12,-674832.9711986,-26.46071144551,-132439.1193947
35,17.5,268,8.893392525133e-13,7.883540679729e-12,-2.688705067523e-12,-668125.0876101,961.0604436059,-132294.2029908
35,17.5,269,9.119208694709e-13,8.016686303577e-12,-2.986008954426e-12,-695492.9529554,310.0189203807,-133626.8079136
35,17.5,270,9.865180198993e-13,8.169938775242e-12,-2.945254002279e-12,-659050.306721,-5505.315741742,-136539.6060721
35,17.5,271,9.9201957016e-13,8.210492111506e-12,-3.4688222865e-12,-684589.432919,-3322.821676851,-137456.7866086
35,17.5,272,9.387928359411e-13,8.026944756832e-12,-3.644743107304e-12,-679841.9464516,-7902.030624929,-134229.3644018
35,17.5,273,9.244550225085e-13,8.101856578498e-12,-2.820158300204e-12,-667635.04171,-2625.208880835,-134875.0102985
35,17.5,274,9.666918073451e-13,8.024103917204e-12,-3.355927861326e-12,-691190.3237832,2173.097139122,-134109.2870801
35,17.5,275,9.863276924856e-13,8.112168361815e-12,-3.017523599233e-12,-668885.1007339,-283.825992139,-135553.8269601
35,17.5,276,9.36378953011e-13,8.024429404388e-12,-2.636076546002e-12,-690966.5709296,4743.354248316,-134101.871738
35,17.5,277,9.619183353367e-13,7.996748417904e-12,-3.202305923116e-12,-697382.7868941,-1566.402594373,-134736.3400609
35,17.5,278,9.821479458045e-13,8.190228050964e-12,-3.363552229666e-12,-675584.8274609,-8512.649180547,-136832.896403
35,17.5,279,9.695223821851e-13,8.155454460834e-12,-3.147747953009e-12,-681902.4913545,-3515.416372774,-135725.8707425
35,17.5,280,9.593638091953e-13,8.051480303914e-12,-3.301342988779e-12,-694967.1618382,1095.666002837,-134002.0447238
35,17.5,281,9.712321271867e-13,8.136476828543e-12,-2.977119306044e-12,-680568.373378,-265.8262123492,-136401.4050535
35,17.5,282,9.861358083214e-13,8.158704763102e-12,-2.481228135923e-12,-663487.8140159,2136.53280358,-136504.7571233
35,17.5,283,9.723006165621e-13,8.077320213239e-12,-3.19936883772e-12,-690738.0867307,1148.638073033,-134778.1009553
35,17.5,284,9.406727978807e-13,8.005653309507e-12,-2.888631710067e-12,-683645.1699302,1416.298028377,-133824.3682826
35,17.5,285,9.487949724058e-13,8.013605304872e-12,-2.768446052976e-12,-674407.1168489,1912.395555433,-134217.9021863
35,17.5,286,9.599214485915e-13,8.059758717297e-12,-2.593940135501e-12,-681690.453724,6546.409421868,-134764.2825248
35,17.5,287,9.272710676459e-13,7.942976522836e-12,-3.676193367829e-12,-691003.4128634,-5479.383706413,-132630.3087726
35,17.5,288,9.189463074847e-13,7.970657404427e-12,-2.81241634929e-12,-676840.8515887,2444.117368797,-132906.5343423
35,17.5,289,9.774470083628e-13,8.138788148359e-12,-2.999934624e-12,-660482.4693915,-1055.874955135,-135440.7507359
35,17.5,290,9.198170916826e-13,8.027403138973e-12,-2.80125686559e-12,-665541.5083242,1520.128286339,-133677.1480271
35,17.5,291,1.008826293405e-12,8.163405391038e-12,-2.798915726646e-12,-678308.9339557,-2026.831051809,-137077.0915101
35,17.5,292,9.832535119245e-13,8.200397647551e-12,-2.918559650806e-12,-681072.629355,3487.099292048,-136504.1279927
35,17.5,293,9.669101136628e-13,8.063944379084e-12,-2.977096115001e-12,-663854.179495,-893.210847475,-134536.1854911
35,17.5,294,9.535430031961e-13,8.061914440632e-12,-2.979985448294e-12,-666711.3145273,1112.578239308,-134292.3934301
35,17.5,295,9.704513988447e-13,8.16827044923e-12,-2.924907649495e-12,-684847.0371196,4360.829612531,-135875.2781851
35,17.5,296,9.260899494908e-13,8.098142251216e-12,-2.784794388247e-12,-659599.69775,3166.881569283,-134543.6269756
35,17.5,297,9.796054104415e-13,8.165384297928e-12,-3.574337026421e-12,-691174.9330134,-2735.513705899,-136642.6988745
35,17.5,298,9.321411622821e-13,7.989562863952e-12,-2.730344559695e-12,-686067.839819,-3.611748306446,-134114.2463136
35,17.5,299,1.002096189928e-12,8.205899548239e-12,-3.267166965906e-12,-704872.4416195,-1969.129663588,-137568.2449115
35,17.5,300,1.003935458154e-12,8.198152763813e-12,-2.691553057541e-12,-671427.7495298,2737.812999752,-136556.75677
35,17.5,301,9.094020827835e-13,8.055931133112e-12,-2.303933475565e-12,-661603.3802135,4454.722158282,-134251.4715526
35,17.5,302,9.345874403287e-13,8.004878416976e-12,-2.849790841967e-12,-682465.2448168,2323.822454452,-133463.9576017
35,17.5,303,9.862244387761e-13,8.059802625657e-12,-2.853459796901e-12,-669355.8868071,509.8725678581,-135280.4256155
35,17.5,304,9.213171273914e-13,8.043739453667e-12,-3.198318859734e-12,-673990.7328213,-301.0650836357,-134463.3061663
35,17.5,305,9.477395696547e-13,7.997524958291e-12,-3.346382031006e-12,-675745.0137683,-4313.401798232,-133934.9722467
35,17.5,306,9.772607267716e-13,8.173395082905e-12,-3.028761128285e-12,-673058.6081449,-1997.470812786,-136528.0338633
35,17.5,307,9.69864083823e-13,8.046449801972e-12,-2.801009734684e-12,-650426.135935,-2777.6254315,-134710.488493
35,17.5,308,9.076757114009e-13,7.95452250323e-12,-3.531705930993e-12,-683944.1578347,762.2288582072,-132101.6737812
35,17.5,309,9.569840756807e-13,8.136949391041e-12,-3.304784176677e-12,-672003.895079,-2097.661252722,-136236.4975035
35,17.5,310,9.562743748262e-13,8.070575553219e-12,-2.777570742523e-12,-690011.8436015,5334.953339178,-134384.2404199
35,17.5,311,1.032799551296e-12,8.345551431896e-12,-2.721685120859e-12,-681557.0711686,4736.503273926,-139618.87594
35,17.5,312,9.610187059738e-13,8.152201869656e-12,-3.079226518652e-12,-687910.601118,1848.751381892,-136095.5083083
35,17.5,313,9.784209479726e-13,8.195262761653e-12,-2.70575639461e-12,-649038.676504,-1690.35340373,-136414.9821622
35,17.5,314,1.001848210657e-12,8.099893938145e-12,-3.037629992206e-12,-678435.4150651,99.13297544297,-135072.9954469
35,17.5,315,9.173665556464e-13,7.993839539817e-12,-3.110313883447e-12,-700444.2596374,-737.8659176209,-133725.0821757
35,17.5,316,9.132215160169e-13,7.9276390173e-12,-3.185764397431e-12,-689770.4055397,-349.9346050951,-132602.4470377
35,17.5,317,9.256492164404e-13,7.990203509362e-12,-3.222350206184e-12,-678916.6411813,1237.467995037,-133367.6921225
35,17.5,318,9.293446913815e-13,7.978119280019e-12,-2.784771596408e-12,-671665.6437298,-3657.981818358,-133902.8427461
35,17.5,319,9.432483148877e-13,7.858138736524e-12,-3.119287300435e-12,-666710.5991949,-4262.112777163,-131486.8652755
35,17.5,320,9.79913604978e-13,8.109267047371e-12,-3.049604031495e-12,-669856.4790842,-753.8952446343,-135803.6377842
35,17.5,321,9.418626572349e-13,8.078640341845e-12,-3.013930866482e-12,-680240.6690997,-453.332705907,-134269.7834955
35,17.5,322,9.827811962818e-13,8.159174437492e-12,-3.279864070179e-12,-694245.1242947,-1453.790076824,-136629.7928993
35,17.5,323,9.402748390957e-13,8.090378713071e-12,-2.943455412893e-12,-675416.0460794,861.1317595149,-135667.8480526
35,17.5,324,9.845703622686e-13,8.227541000844e-12,-2.961842678975e-12,-679835.4943434,-990.5138280537,-137628.3101077
35,17.5,325,1.001693018186e-12,8.295500480774e-12,-2.632320643608e-12,-669763.8582771,-44.32541365451,-138488.4342159
35,17.5,326,1.053230426741e-12,8.326638839549e-12,-3.69223518939e-12,-692421.485419,-4263.773512603,-139491.5911272
35,17.5,327,9.395032938467e-13,8.104421615253e-12,-3.476798079749e-12,-684381.317098,-3553.40858932,-134976.5005512
35,17.5,328,9.549945095215e-13,8.007396287822e-12,-2.839364084985e-12,-671461.2016436,653.3775589712,-133336.0769663
35,17.5,329,9.828245430673e-13,8.120693434157e-12,-2.472889337538e-12,-669762.7529656,5210.906394783,-135603.1906735
35,17.5,330,9.721539153224e-13,8.043769235698e-12,-3.211633340579e-12,-685528.7026419,-3131.346633331,-134616.3846939
35,17.5,331,1.006605535212e-12,8.25114966032e-12,-3.042724184994e-12,-681910.7744746,944.8364187262,-137979.6795308
35,17.5,332,1.016797128437e-12,8.284882166754e-12,-3.228111647208e-12,-671574.9948469,-4100.852946741,-138490.6060116
35,17.5,333,9.796581316897e-13,8.193061822364e-12,-3.467006416404e-12,-684604.8322796,-460.8411300188,-136642.455997
35,17.5,334,8.916811324757e-13,7.871298237627e-12,-2.990104803332e-12,-678306.1770805,800.2225329662,-131101.7788071
35,17.5,335,1.021606307209e-12,8.186187375473e-12,-3.127518354772e-12,-708396.3270753,3322.609568549,-136825.1915864
35,17.5,336,9.548991306741e-13,7.962443038233e-12,-3.332567622579e-12,-697058.7598004,1098.268797156,-132774.9548297
35,17.5,337,9.30339817805e-13,8.03689514526e-12,-3.154344913419e-12,-698281.9081304,2134.780189261,-133972.1272068
35,17.5,338,9.684232415892e-13,8.092905519934e-12,-2.789126105863e-12,-672724.5809614,-2427.159936576,-135231.9394399
35,17.5,339,9.25150795622e-13,7.912094397878e-12,-2.984026290846e-12,-686457.8404093,1613.580953678,-132547.4504748
35,17.5,340,9.945781295502e-13,8.120718194698e-12,-2.939383428882e-12,-691662.4917374,6109.233058317,-136173.0942054
35,17.5,341,9.826253726011e-13,8.2184507789e-12,-3.150967517001e-12,-681279.3224285,-708.6549825599,-137284.934441
35,17.5,342,9.638179025295e-13,8.14332212644e-12,-3.001017902044e-12,-679347.3381021,2852.809913704,-135950.6738842
35,17.5,343,9.536398834699e-13,8.101121998366e-12,-3.050452131746e-12,-672775.5043954,2803.290037828,-135541.4699717
35,17.5,344,9.653067389501e-13,8.122900602584e-12,-3.233596780406e-12,-674831.1567843,-2645.713266622,-135490.2636116
35,17.5,345,8.867352910993e-13,7.752035603342e-12,-3.118768247349e-12,-687296.7771834,1798.629642226,-130046.2397912
35,17.5,346,9.88974159823e-13,8.205778501778e-12,-3.135338941615e-12,-693085.8880488,1463.434748744,-137293.1184699
35,17.5,347,9.393966480975e-13,8.104896156118e-12,-3.131385419234e-12,-691618.6054361,-3008.91265998,-135957.3992805
35,17.5,348,9.789681294387e-13,8.129969274353e-12,-3.10992927432e-12,-697265.5047231,-1718.808021105,-135584.0094814
35,17.5,349,1.017324798734e-12,8.213800478251e-12,-3.522838814761e-12,-681479.2414092,-4168.547584148,-137312.5164395
35,17.5,350,9.954765740254e-13,8.212554510563e-12,-2.856728142398e-12,-675057.9070492,1793.966835544,-137117.9407333
35,17.5,351,9.410921219601e-13,8.037884553601e-12,-3.286267823297e-12,-681304.7794119,-1594.323065539,-134131.75214
35,17.5,352,9.595346876328e-13,8.057253888597e-12,-3.035952872059e-12,-685096.4372185,2441.677605476,-134745.261043
35,17.5,353,9.944154066625e-13,8.247073297752e-12,-3.336718330108e-12,-709132.4272481,1881.144331192,-138035.1100221
35,17.5,354,9.74634738596e-13,8.03051537492e-12,-2.731639100433e-12,-703088.2033223,8261.012710173,-133735.6647788
35,17.5,355,9.59963542482e-13,8.073293931938e-12,-3.883604765006e-12,-700523.0997543,-4241.910914954,-134582.7937545
35,17.5,356,9.291329830412e-13,8.038940933895e-12,-3.348755754946e-12,-700641.9150765,-2243.622134405,-133164.3083029
35,17.5,357,9.671444225343e-13,8.062911659557e-12,-2.574493302348e-12,-669749.2242326,1280.331483378,-135725.2060672
35,17.5,358,9.534996836873e-13,8.04340481289e-12,-3.075085330507e-12,-670259.8814752,585.6875301745,-134341.0412686
35,17.5,359,9.659715862238e-13,8.040863640668e-12,-2.872026534115e-12,-688585.7710367,1609.727825388,-134294.9477183
35,17.5,360,9.610925594522e-13,7.986605527387e-12,-2.581236638317e-12,-655638.6358459,-1430.199780985,-133941.4880145
35,17.5,361,9.38203969982e-13,7.984824790762e-12,-3.222629368591e-12,-693516.7958279,-1626.169857508,-133141.5249046
35,17.5,362,9.573474763889e-13,8.073980075334e-12,-3.507723093014e-12,-671769.0109166,-2888.551805882,-135150.6070663
35,17.5,363,9.383930977356e-13,7.96339399203e-12,-3.024544988846e-12,-683355.3709697,3137.919981034,-133326.8519942
35,17.5,364,9.411169934831e-13,7.970165369056e-12,-3.359959764662e-12,-694607.976256,471.1102424504,-133513.8736555
35,17.5,365,9.372851387109e-13,7.958724907996e-12,-2.246691838076e-12,-676103.4116367,4119.847363823,-132626.9564089
35,17.5,366,9.525502998735e-13,8.125447487436e-12,-2.376259731353e-12,-662368.4326232,3553.736289474,-135533.1574378
35,17.5,367,9.471711989473e-13,8.113848650787e-12,-2.876493963935e-12,-676131.6766821,3146.25162759,-135200.4350005
35,17.5,368,9.496735960462e-13,8.101283939516e-12,-3.653362214634e-12,-700060.108068,-4391.172028769,-135966.0748702
35,17.5,369,9.991961317225e-13,8.248195691389e-12,-3.01639782998e-12,-659176.4147649,3394.958353105,-137352.4210352
35,17.5,370,9.816176858683e-13,8.173846246919e-12,-2.550028300985e-12,-657717.4448817,2597.681074323,-135938.0246822
35,17.5,371,1.025186375077e-12,8.181197613711e-12,-3.62736775718e-12,-687453.2167014,-3051.770075124,-136793.3996523
35,17.5,372,9.790289671392e-13,8.162813357534e-12,-2.88037251051e-12,-677696.6316301,835.5635990065,-136265.5493028
35,17.5,373,9.206627757979e-13,7.963066861686e-12,-2.982254215849e-12,-688482.4042258,1564.355612934,-132908.5420648
35,17.5,374,1.033793409698e-12,8.353996957958e-12,-3.026472321745e-12,-693370.6651057,2347.776452894,-139204.0574475
35,17.5,375,9.633879388191e-13,8.16386732769e-12,-3.140139259491e-12,-688128.3351609,1371.353086792,-135975.4617331
35,17.5,376,9.461434278578e-13,7.99281428038e-12,-3.066498973428e-12,-681151.2230101,-1534.471292,-133598.463985
35,17.5,377,9.501944667222e-13,7.988621930042e-12,-3.246987489957e-12,-683265.2177784,-3709.451009152,-133498.7687075
35,17.5,378,9.202947029458e-13,8.039069043803e-12,-3.349028775757e-12,-715161.1527911,-592.9026933487,-133975.425017
35,17.5,379,1.002196661732e-12,8.18441232149e-12,-2.778591484771e-12,-675140.9973393,1698.279931582,-136780.1020914
35,17.5,380,9.419967980242e-13,8.032140924188e-12,-3.104293552083e-12,-683897.6840286,764.7811417477,-133984.6087043
35,17.5,381,9.766738435685e-13,8.125714333612e-12,-3.275674817736e-12,-693300.1808604,-1907.631778482,-135698.1892407
35,17.5,382,9.788890588476e-13,8.107136322185e-12,-3.096788421749e-12,-685051.1491457,-2095.532050154,-135513.833728
35,17.5,383,9.857942758496e-13,8.069211872406e-12,-3.357451995792e-12,-704506.6406832,-2577.15578693,-134946.5823689
35,17.5,384,9.783475538615e-13,8.161316146459e-12,-3.072770716139e-12,-674366.7485091,126.5745291008,-135484.7524692
35,17.5,385,9.4417440325e-13,7.995133546569e-12,-3.001802553899e-12,-678319.8849274,323.1389675046,-134298.5460159
35,17.5,386,9.168050408593e-13,7.8686469956e-12,-3.009680027366e-12,-657601.6749753,-2095.414441002,-131363.0918971
35,17.5,387,9.719952612818e-13,8.100157523414e-12,-2.993306087891e-12,-681988.452204,-555.0924593274,-135848.5170274
35,17.5,388,9.678934921739e-13,8.082913687765e-12,-2.939144781321e-12,-670691.5118075,-2509.607500725,-135245.9950472
35,17.5,389,9.484249328049e-13,8.025581825838e-12,-2.751112159409e-12,-684803.2586338,5025.51454756,-134268.0952393
35,17.5,390,9.460576467124e-13,8.082253310328e-12,-3.255038010336e-12,-688869.501772,2470.941248773,-135403.9869489
35,17.5,391,9.672049287937e-13,8.024647374559e-12,-3.447838918549e-12,-688836.0159127,-8061.575337515,-134121.1212253
35,17.5,392,1.002721150289e-12,8.240417445607e-12,-3.34169603594e-12,-685307.6462844,-2380.147477846,-137245.4000358
35,17.5,393,9.701474739254e-13,8.108329717247e-12,-2.609454335975e-12,-667095.6921078,3889.967072561,-135438.5732202
35,17.5,394,9.488956669307e-13,7.96776539037e-12,-3.172275103465e-12,-677942.8841738,105.3572880797,-133226.510948
35,17.5,395,9.74441266333e-13,8.137087136609e-12,-2.91423255237e-12,-671614.4750834,1780.247211994,-135564.2878964
35,17.5,396,1.05075059811e-12,8.290116361638e-12,-3.01496783547e-12,-662935.0272818,-1063.909329634,-138540.9372957
35,17.5,397,9.744373540917e-13,8.056956513865e-12,-2.966344290899e-12,-667687.7934766,264.9230646507,-134293.3721896
35,17.5,398,1.020043142301e-12,8.224654502794e-12,-3.339083645155e-12,-691232.1322634,-2951.184397272,-137205.5253613
35,17.5,399,9.868531439182e-13,8.195429518766e-12,-2.307314756799e-12,-658022.2661049,3040.471679615,-136768.8848945
35,17.5,400,9.745575056196e-13,8.092818290534e-12,-3.114749269232e-12,-692522.6975853,1992.893121726,-135001.2044001
35,17.5,401,9.7548689485e-13,8.223763326837e-12,-3.210468878663e-12,-672644.3189457,-4827.181115068,-137597.3898896
35,17.5,402,9.863616161237e-13,8.111249323074e-12,-3.982314932637e-12,-684296.313959,-9537.660538651,-135802.1106394
35,17.5,403,9.869284662566e-13,8.21571069336e-12,-3.241097301923e-12,-689198.2493745,942.942388149,-137426.5616614
35,17.5,404,9.256094917482e-13,7.943680943634e-12,-2.948808478719e-12,-674903.7961791,3014.601206407,-133199.4525655
35,17.5,405,1.002866117824e-12,8.178774328653e-12,-3.369195100128e-12,-679135.7691759,-1615.420783275,-137027.6608957
35,17.5,406,9.456780132951e-13,7.991114622487e-12,-3.479203072553e-12,-681452.0589765,-4010.318153901,-133880.9691026
35,17.5,407,1.043001683503e-12,8.349933313504e-12,-2.931952467312e-12,-676280.4220716,-692.5570517747,-139220.3600915
35,17.5,408,1.021912846973e-12,8.267535656102e-12,-3.038568864199e-12,-689326.3853049,3532.469418518,-138385.7732066
35,17.5,409,9.519576294588e-13,8.021474008163e-12,-3.083057456394e-12,-680563.4268179,-1771.261250507,-134451.113505
35,17.5,410,1.004314715573e-12,8.16454181499e-12,-2.710381146142e-12,-669796.9041216,2140.599151595,-136157.0802579
35,17.5,411,1.017870993272e-12,8.306618092937e-12,-2.967824485116e-12,-669072.7271176,-555.8637195529,-138181.9444076
35,17.5,412,9.657949481488e-13,7.972107573672e-12,-3.236409337224e-12,-698778.1780436,3077.600884716,-133638.1465743
35,17.5,413,9.627266541689e-13,7.970416139487e-12,-2.808990947161e-12,-646123.7029428,-7365.87193444,-134102.3601088
35,17.5,414,9.259500462615e-13,7.930829208775e-12,-2.92039823509e-12,-676067.558701,1218.290509294,-133065.5840749
35,17.5,415,9.50108621485e-13,7.976159945136e-12,-2.976257648867e-12,-676996.979002,1754.43025055,-133666.5781877
35,17.5,416,9.951173234452e-13,8.18472110398e-12,-3.105531801482e-12,-679012.4473453,-780.8481427931,-136999.6521209
35,17.5,417,9.446222383586e-13,8.040061333076e-12,-2.976662885474e-12,-694296.4470505,-14.35788657061,-134195.5499934
35,17.5,418,1.000105264179e-12,8.240238161286e-12,-2.673429680902e-12,-665970.3911181,1647.634556279,-137389.1290893
35,17.5,419,9.272556212894e-13,7.966605276008e-12,-2.217212307956e-12,-652777.5329764,3360.445667259,-133083.4803548
35,17.5,420,9.881566762317e-13,8.184696702665e-12,-3.227224140545e-12,-692202.5130357,-6396.226533746,-137408.7761358
35,17.5,421,9.63455860756e-13,8.155259452672e-12,-2.898037191089e-12,-687509.2036574,6012.730453903,-135877.2149017
35,17.5,422,9.662118180368e-13,8.055399613161e-12,-3.343769780423e-12,-678274.9982488,-2627.480288112,-135137.9802896
35,17.5,423,9.485271404017e-13,8.022011622257e-12,-3.392076574589e-12,-683826.8562518,-2001.822899817,-133556.0830597
35,17.5,424,1.017095851213e-12,8.197707586781e-12,-3.334771147606e-12,-679421.7951311,-1923.096334239,-136712.052466
35,17.5,425,9.752996189968e-13,8.138157686916e-12,-3.552969699213e-12,-686864.1574247,-4468.579516073,-135804.8097306
35,17.5,426,9.736883684511e-13,8.225930895839e-12,-2.996829205466e-12,-670660.3698246,-3302.995731411,-137114.1145005
35,17.5,427,9.594549627593e-13,8.098595622624e-12,-3.296158949826e-12,-663749.0893153,-2176.340300519,-134696.5080935
35,17.5,428,9.214038429004e-13,7.862447576716e-12,-2.751413185381e-12,-666954.1221893,528.4208722656,-131704.518051
35,17.5,429,1.034471736103e-12,8.309209462656e-12,-3.018490756907e-12,-682226.1097662,-843.2085429565,-138950.934046
35,17.5,430,9.376425975253e-13,8.003772407544e-12,-2.965973179745e-12,-671058.9832851,-1868.233376782,-134180.4052128
35,17.5,431,1.037974360936e-12,8.326338210759e-12,-3.014586941377e-12,-689237.2263302,6396.164171163,-138890.5985091
35,17.5,432,9.610036108716e-13,8.063629281308e-12,-2.393107679268e-12,-658307.5497233,5382.747644413,-134533.2054261
35,17.5,433,9.409682889822e-13,8.029555378436e-12,-3.008415623255e-12,-678556.1018503,2111.619030686,-134243.3255647
35,17.5,434,9.851329653729e-13,8.104948350722e-12,-3.082143590493e-12,-693697.2196368,3023.740608658,-135848.9794959
35,17.5,435,9.841970867149e-13,8.057770295003e-12,-2.796057927493e-12,-688526.1316814,5416.78768027,-135027.7747472
35,17.5,436,9.739918803379e-13,8.157762307071e-12,-2.384944445628e-12,-652079.1490399,2241.060778992,-136394.6866907
35,17.5,437,1.028106796871e-12,8.344645555472e-12,-2.967652237669e-12,-671856.8601083,348.26475996,-138800.2167032
35,17.5,438,9.584535996036e-13,8.113006426724e-12,-3.338691677726e-12,-688984.2613405,-4003.42308935,-135574.0424631
35,17.5,439,9.034023053477e-13,7.896885535286e-12,-3.185742589777e-12,-666624.4690807,-4321.456781341,-131784.1057044
35,17.5,440,9.923668787397e-13,8.100893268697e-12,-2.675736487462e-12,-673531.9637902,1958.158333483,-135735.5372644
35,17.5,441,9.543740958456e-13,8.110345326491e-12,-3.012830691568e-12,-694540.6438248,956.7029284,-135428.881653
35,17.5,442,1.031070629269e-12,8.23030344728e-12,-2.989066418935e-12,-668443.5593469,-952.7322928338,-137899.8289344
35,17.5,443,9.93124961876e-13,8.20005631904e-12,-3.161695280755e-12,-698227.5249734,882.0669629933,-136692.2194636
35,17.5,444,9.587809195267e-13,8.09327653419e-12,-3.328554336647e-12,-683445.7075813,-2488.568422616,-134698.9969957
35,17.5,445,8.967499059917e-13,7.84616643458e-12,-2.859410996092e-12,-695584.1173168,2940.389933443,-130879.7184257
35,17.5,446,9.787424207484e-13,8.065080825473e-12,-3.502186688155e-12,-682371.012828,-3601.137510602,-135147.2421493
35,17.5,447,1.0103618939e-12,8.141245787264e-12,-3.268980285911e-12,-681276.7561941,-1604.361651167,-136533.6551252
35,17.5,448,9.824122327028e-13,8.132198805197e-12,-3.535037889105e-12,-682555.0495306,-4407.778744135,-135386.4231527
35,17.5,449,9.479002046712e-13,8.112610214749e-12,-3.003728689876e-12,-683735.9500547,-3004.327921924,-135273.3445673
35,17.5,450,9.126202599923e-13,8.0768034565e-12,-3.194024196614e-12,-695252.666078,2230.949642199,-134447.4777691
35,17.5,451,1.00458099474e-12,8.218235763248e-12,-3.181821559921e-12,-678420.0288443,-1927.381190673,-137576.9165637
35,17.5,452,9.652702304468e-13,7.983625665296e-12,-3.035482523275e-12,-682183.1420746,-1067.211208335,-132896.0972559
35,17.5,453,9.253561449632e-13,7.975242285227e-12,-3.100177889715e-12,-668332.8064051,-3507.960890289,-133248.0116882
35,17.5,454,9.861034263085e-13,8.188670376201e-12,-3.416840100442e-12,-695659.8188668,-3859.434851927,-136151.3253794
35,17.5,455,9.79370043692e-13,8.105031050001e-12,-3.352331112868e-12,-699607.7842546,-529.7602912867,-135630.6842744
35,17.5,456,9.435124289627e-13,8.125999163114e-12,-3.114709396105e-12,-682303.7469793,4217.80287065,-135535.4443399
35,17.5,457,9.51227793942e-13,8.106605367716e-12,-3.033175697283e-12,-682092.9637324,2545.366173968,-135829.188033
35,17.5,458,9.903112884702e-13,8.155125663488e-12,-3.226284405158e-12,-707251.6658384,989.3951787603,-136423.2780125
35,17.5,459,9.452550211473e-13,7.981179060435e-12,-3.417879174242e-12,-702518.4061725,467.4155149085,-133524.8557293
35,17.5,460,9.979943523401e-13,8.152369799038e-12,-2.792806717575e-12,-666962.8377182,1251.833449538,-136442.2221362
35,17.5,461,9.615928857491e-13,8.063140279021e-12,-3.215632525824e-12,-669068.0295981,-4725.389869546,-134732.5545963
35,17.5,462,1.006188833278e-12,8.249728617394e-12,-3.190022317388e-12,-696300.5429526,1085.313608894,-137664.5321957
35,17.5,463,8.979885158365e-13,7.945072207023e-12,-3.024636726675e-12,-687159.0328779,2163.647961913,-133454.6322968
35,17.5,464,9.541573841902e-13,8.112476374632e-12,-3.080145420389e-12,-682509.5544596,2660.183831644,-135921.0109271
35,17.5,465,9.609529411375e-13,8.18621396569e-12,-3.277053920034e-12,-681986.893788,-4449.74885894,-136499.9164553
35,17.5,466,9.612338826735e-13,8.056314512436e-12,-3.679790974657e-12,-661987.0287787,-6237.972170009,-134984.849186
35,17.5,467,9.622546443322e-13,8.161486482137e-12,-2.998395405171e-12,-694189.9514638,3403.804648093,-136701.3703072
35,17.5,468,9.683399539645e-13,8.032683174153e-12,-2.903210618462e-12,-685944.8507589,4336.964971543,-133865.0070917
35,17.5,469,9.926760028099e-13,8.179357583871e-12,-3.371923748685e-12,-723712.7778102,3150.173159373,-136240.0903987
35,17.5,470,8.792534036243e-13,7.889191829089e-12,-2.894425669759e-12,-671609.8187541,3025.271414254,-132423.7996714
35,17.5,471,9.869144415597e-13,8.289656006133e-12,-2.795920624453e-12,-680850.8981045,3172.435286223,-138584.0131977
35,17.5,472,9.41660625786e-13,8.083960909832e-12,-2.979860124561e-12,-641607.199123,-3643.535083113,-134839.5816993
35,17.5,473,9.694664524838e-13,8.112438414908e-12,-3.073065499595e-12,-674791.5052702,895.7406117176,-135952.2557884
35,17.5,474,9.655182410158e-13,8.207162111958e-12,-3.148316060244e-12,-671758.4046608,-52.45805260374,-137161.775064
35,17.5,475,9.668455322734e-13,8.080400205888e-12,-3.04519170462e-12,-683429.1308742,3539.020640172,-135453.5078814
35,17.5,476,9.890694695162e-13,8.066029155514e-12,-2.589496666375e-12,-684710.7872292,4283.515890899,-135155.1778596
35,17.5,477,9.467385273172e-13,8.131918014866e-12,-3.529332593978e-12,-688837.9095357,-2526.329147992,-135570.0274156
35,17.5,478,9.709238339372e-13,8.14256511157e-12,-2.902868947603e-12,-680744.2222933,3721.341198294,-135327.8755892
35,17.5,479,9.825680738163e-13,8.179021505979e-12,-3.366756681982e-12,-686458.7823059,852.3151357469,-137005.8411836
35,17.5,480,9.644124617585e-13,8.077239950068e-12,-2.906246883359e-12,-681026.6450698,1313.187616205,-135682.1566572
35,17.5,481,9.92560654543e-13,8.229148809653e-12,-3.021835065283e-12,-682294.0467877,1178.709001177,-137360.2186142
35,17.5,482,9.903244334419e-13,8.137388866048e-12,-3.248696691541e-12,-694371.1495041,112.2878191059,-136443.0643118
35,17.5,483,9.231312276213e-13,8.119556517062e-12,-2.458188439109e-12,-676806.0648148,4698.134284782,-135091.8753298
35,17.5,484,1.028312836567e-12,8.241889741911e-12,-3.037279885086e-12,-680150.7842056,1787.435438241,-137487.773513
35,17.5,485,9.806999449638e-13,8.23289095709e-12,-3.532182049193e-12,-691870.2952037,-7398.311776172,-138150.171343
35,17.5,486,9.12496031225e-13,7.968916421262e-12,-2.552149720821e-12,-651894.059008,2019.958216278,-132837.1374727
35,17.5,487,9.930092661934e-13,8.157631568766e-12,-2.86820840578e-12,-675055.9814775,-1040.897259814,-136078.2175148
35,17.5,488,9.042585146959e-13,7.799645985241e-12,-3.097437176813e-12,-689821.2233186,2701.932035171,-130227.4473543
35,17.5,489,9.648748667911e-13,8.063242137424e-12,-2.715397061685e-12,-672064.5769564,2897.806914722,-135181.5856135
35,17.5,490,9.504010827202e-13,8.034708656657e-12,-2.855681048875e-12,-676324.1865804,3343.024353083,-135059.1178543
35,17.5,491,9.480302959811e-13,8.08502908257e-12,-3.207135894629e-12,-691882.632407,-3283.872272275,-135231.6247565
35,17.5,492,9.68548863688e-13,8.137639302104e-12,-3.013995344723e-12,-678181.3524211,-1906.389994083,-136083.2253819
35,17.5,493,9.225236315138e-13,7.974449920788e-12,-3.115573561263e-12,-693610.8162684,1874.628679214,-133528.6191853
35,17.5,494,9.515815663095e-13,8.10250513461e-12,-3.254796488914e-12,-692242.3285197,-2761.269071038,-135324.7657232
35,17.5,495,9.577342305159e-13,8.093791859214e-12,-3.260248284438e-12,-674440.0136399,-2673.598093802,-135287.1402577
35,17.5,496,8.915532999502e-13,7.980048860146e-12,-2.853182015958e-12,-675889.7353747,1094.202082517,-133437.2555461
35,17.5,497,9.789897706654e-13,8.168956326782e-12,-3.36404693227e-12,-694596.1419924,-495.3725626482,-136592.2311718
35,17.5,498,9.548172331459e-13,8.040481926948e-12,-3.246980485311e-12,-666872.1133928,-3930.327387406,-134051.2165474
35,17.5,499,1.028728635926e-12,8.304556931841e-12,-3.284890885138e-12,-694789.6912117,2989.455831072,-138598.2793851
35,17.5,500,9.647816969669e-13,8.045716633483e-12,-2.945891221763e-12,-682548.473699,-961.1563998054,-134359.7235131
35,17.5,501,9.898661985825e-13,8.18793769843e-12,-3.28312801348e-12,-691914.6093671,279.6151244308,-136967.4842087
35,17.5,502,1.02644395519e-12,8.294532573171e-12,-3.144492815761e-12,-683911.9853219,2042.887095716,-138581.9171876
35,17.5,503,9.6268916224e-13,8.161627317575e-12,-3.141407899585e-12,-691190.0009608,1035.176790437,-135798.7849152
35,17.5,504,9.634300252556e-13,8.050132532082e-12,-3.532953864615e-12,-686190.8366524,-4651.251887585,-134396.1005177
35,17.5,505,9.002481903398e-13,7.912059700216e-12,-3.166125511146e-12,-664925.2595052,-6351.592598213,-132486.376747
35,17.5,506,9.331319521746e-13,7.987643037748e-12,-3.034918432773e-12,-685220.6564842,1668.304067858,-133261.3403905
35,17.5,507,1.00391698368e-12,8.217685449886e-12,-3.257624544381e-12,-695703.1350607,350.1636006074,-137154.8637847
35,17.5,508,9.514361916089e-13,8.129287030474e-12,-2.510064119665e-12,-664635.7378679,2730.70124067,-135685.6805511
35,17.5,509,9.758982344109e-13,8.125929768695e-12,-3.223236657986e-12,-687246.5196423,685.6393621112,-135230.6829143
35,17.5,510,1.016593088349e-12,8.14784758108e-12,-3.057050573846e-12,-687700.8351507,2439.51218255,-136214.9542891
35,17.5,511,9.630376310358e-13,8.04251816138e-12,-3.176508494858e-12,-675446.4241774,-1274.752862105,-134401.7040618
35,17.5,512,9.675393288106e-13,8.075898727677e-12,-3.054758470962e-12,-675624.4252213,-997.7560973114,-134692.8716842
35,17.5,513,9.71230345872e-13,8.208346376293e-12,-2.660938255385e-12,-681862.025115,742.9675602295,-137287.9268413
35,17.5,514,9.725643019175e-13,8.104303009369e-12,-3.458186370962e-12,-678732.7940528,-4880.189905743,-135073.1371637
35,17.5,515,9.976039405281e-13,8.233024426917e-12,-3.266676009245e-12,-685449.5044007,-2232.681652449,-137052.6887911
35,17.5,516,9.97580524138e-13,8.167047270021e-12,-3.20650286004e-12,-679308.0048481,-3598.12986607,-136597.2765028
35,17.5,517,9.781026265963e-13,8.186079079677e-12,-2.658513182509e-12,-664792.2405572,217.359456055,-136793.8992781
35,17.5,518,1.009327273432e-12,8.207632979456e-12,-3.187286364338e-12,-675889.3647796,390.3684380108,-137451.8330383
35,17.5,519,9.945234310903e-13,8.156485288561e-12,-3.377218328058e-12,-685135.4455946,-4089.852489948,-136352.2833148
35,17.5,520,9.635077935038e-13,8.155222429325e-12,-2.82842331346e-12,-673137.3591265,3539.856307186,-136163.0847353
35,17.5,521,9.26206572429e-13,7.904023225463e-12,-2.999012164566e-12,-686893.6873654,-2200.356446956,-132120.1035996
35,17.5,522,9.430019209113e-13,8.108908195376e-12,-2.844590651559e-12,-683396.402119,4461.813218037,-134809.3196925
35,17.5,523,9.626537890451e-13,8.118929260479e-12,-3.152522781173e-12,-697433.4782503,-1295.169310446,-135903.7145263
35,17.5,524,9.80911805432e-13,8.128516038135e-12,-2.473819442362e-12,-663765.6638608,3421.776122316,-135216.3021136
35,17.5,525,1.008220559649e-12,8.195839282862e-12,-3.267224667033e-12,-686821.6127037,2608.135932868,-137109.5461194
35,17.5,526,9.893168307837e-13,8.329576946775e-12,-3.112803245469e-12,-667767.7034053,-2458.765792222,-138908.090235
35,17.5,527,9.619395032925e-13,8.05306231697e-12,-3.254246295676e-12,-681316.9062068,835.7927396848,-134507.4987551
35,17.5,528,9.223633241137e-13,7.896710638286e-12,-2.816215113946e-12,-681447.9584647,2694.572784045,-132366.9099806
35,17.5,529,9.261955408233e-13,7.928810965361e-12,-3.562717827796e-12,-688397.9537095,-3848.703216999,-131957.6426966
35,17.5,530,9.73304825075e-13,8.095171534715e-12,-2.834893784916e-12,-687901.8159947,3588.554005428,-135993.1379637
35,17.5,531,9.472120856904e-13,7.955917162684e-12,-3.202348240526e-12,-689234.8271099,686.7775584686,-132732.1668599
35,17.5,532,9.808306128225e-13,8.105070885066e-12,-3.160917144751e-12,-659217.9036627,-2841.22004458,-134699.0848751
35,17.5,533,9.738599146653e-13,8.116680888536e-12,-3.035956438862e-12,-700666.5228674,-282.01147906,-135940.111746
35,17.5,534,9.911178801932e-13,8.261050607067e-12,-3.494642755103e-12,-687608.4192908,-3013.05017648,-137894.4686289
35,17.5,535,9.548420573479e-13,8.044461012276e-12,-3.05934035293e-12,-686412.779843,3193.429332483,-133815.7428814
35,17.5,536,9.821357807668e-13,8.132178541309e-12,-3.347961818477e-12,-690490.0612277,-1612.305437205,-135789.4916985
35,17.5,537,9.541384977087e-13,8.088943126735e-12,-2.872384992814e-12,-684810.6923942,-1864.084941501,-135030.9018948
35,17.5,538,9.978889990007e-13,8.215010721266e-12,-3.198348082834e-12,-675197.6370961,-4117.100656939,-137514.3941439
35,17.5,539,1.038075941735e-12,8.413213079513e-12,-3.186384530189e-12,-692176.0709782,2040.522712167,-139978.9875674
35,17.5,540,9.744427416564e-13,8.133685073693e-12,-2.853536939334e-12,-672914.0106867,1153.161210053,-135750.1381016
35,17.5,541,9.08387251481e-13,7.927550206224e-12,-2.624991052199e-12,-680554.4796569,3360.399293795,-132383.1708676
35,17.5,542,9.094076092569e-13,7.93507592817e-12,-3.187082920077e-12,-691549.6424206,-3544.724600866,-132432.4620343
35,17.5,543,9.814211704643e-13,8.113085069252e-12,-2.966815226591e-12,-665061.5116184,-332.83649222,-135751.1135989
35,17.5,544,9.434231700838e-13,8.050381229902e-12,-2.809675105943e-12,-668935.4221772,166.2534840419,-134462.2486606
35,17.5,545,9.786682225845e-13,8.120561583471e-12,-2.916746788989e-12,-677488.7070154,980.594206167,-135450.8475313
35,17.5,546,9.32305906106e-13,7.871875095041e-12,-2.773259618397e-12,-663152.6961295,-6578.421291723,-131427.1380045
35,17.5,547,1.003553024708e-12,8.111904188157e-12,-2.51347068238e-12,-673037.0897005,2927.008923786,-135882.1109454
35,17.5,548,1.004043143185e-12,8.12105823502e-12,-3.16400925031e-12,-672423.3986198,-771.1886690262,-135528.8422282
35,17.5,549,9.719098600291e-13,8.037759686957e-12,-3.131578473619e-12,-670070.5522273,-945.8188231125,-134214.8537591
35,17.5,550,9.235340003668e-13,7.942649212388e-12,-3.278924398292e-12,-675067.3825561,-5073.606243739,-132715.3332175
35,17.5,551,9.945138645938e-13,8.136420020089e-12,-2.802487685223e-12,-675123.2590959,3870.403650286,-136254.4331908
35,17.5,552,9.558509447721e-13,7.990758661595e-12,-2.754927234978e-12,-694710.2936746,798.8057456896,-133740.0626404
35,17.5,553,9.840713270204e-13,8.194413722095e-12,-2.849575075082e-12,-689598.0515054,3980.730914422,-136252.4677527
35,17.5,554,9.714029807531e-13,8.070890081224e-12,-3.021673592375e-12,-691631.3784905,1860.886093212,-135326.0649219
35,17.5,555,9.605182074689e-13,8.091095195706e-12,-3.031300898797e-12,-693481.6577727,354.9187342688,-135021.5358166
35,17.5,556,9.543006930942e-13,8.085943377885e-12,-2.589322646756e-12,-665574.2234197,-228.2995116049,-134877.7347788
35,17.5,557,9.861536424795e-13,8.125944336816e-12,-3.421289450328e-12,-697004.5169335,-635.2579877133,-135944.5506988
35,17.5,558,9.833254573805e-13,8.161319742871e-12,-3.251514461095e-12,-704616.5850081,1554.311256501,-136312.2341813
35,17.5,559,9.37858931615e-13,8.058501829063e-12,-3.428711176957e-12,-693057.9428846,-3460.800487965,-134490.1965443
35,17.5,560,9.047745596403e-13,7.99851391425e-12,-3.050339773466e-12,-671940.4950602,-5233.910469767,-133286.0409192
35,17.5,561,9.051607621509e-13,7.997326331039e-12,-2.863754800326e-12,-688671.3630374,3646.867207207,-132802.7729191
35,17.5,562,1.008979373495e-12,8.145933540931e-12,-2.606191878506e-12,-670788.4582362,3566.224726061,-136486.0077056
35,17.5,563,9.697871845782e-13,8.116664854919e-12,-3.243190870578e-12,-683131.6648875,-358.0074843224,-135275.9432933
35,17.5,564,9.742318354831e-13,8.065923781732e-12,-3.049134832291e-12,-691910.1152684,3642.865167308,-135124.6414337
35,17.5,565,9.846637444572e-13,8.200655549861e-12,-3.074209442749e-12,-678947.087274,4473.786332254,-137356.4377522
35,17.5,566,9.788671687019e-13,8.267465214569e-12,-3.038924975253e-12,-670677.5026141,-1163.454082714,-137725.8645809
35,17.5,567,9.732704326836e-13,8.050122610147e-12,-3.131024136023e-12,-679351.9673905,1318.449538189,-134931.2521571
35,17.5,568,9.251579031527e-13,7.974510072815e-12,-2.491186623475e-12,-664293.2116827,1319.97282862,-132840.3316893
35,17.5,569,9.742458605797e-13,8.156627540781e-12,-2.992916805097e-12,-667219.4779194,-1429.277146192,-135548.3112985
35,17.5,570,9.277827472894e-13,7.98380502316e-12,-2.67133945559e-12,-684323.1666541,4861.065453146,-132975.3360373
35,17.5,571,9.399631657187e-13,7.979047735908e-12,-3.171763588835e-12,-681237.9385271,-70.56191899079,-133305.7227387
35,17.5,572,9.793494159446e-13,8.073891963169e-12,-3.039206084722e-12,-680378.6440046,-781.3759812284,-134753.6237749
35,17.5,573,9.366910232157e-13,8.039071566819e-12,-2.756216978349e-12,-670741.9196578,-3290.386130822,-134659.6189928
35,17.5,574,9.686813093624e-13,8.119610008685e-12,-3.017774856568e-12,-669533.7905509,4205.966300655,-135390.3078836
35,17.5,575,9.750186240958e-13,8.112915650411e-12,-3.092761743147e-12,-670186.677237,-5266.043403444,-135435.9257319
35,17.5,576,9.211501211211e-13,7.902643570483e-12,-3.200895155588e-12,-680109.4004575,-1538.166998433,-132021.8280011
35,17.5,577,8.981163843436e-13,7.932394012898e-12,-3.113247820906e-12,-663265.3846048,-1131.178197288,-132883.9031494
35,17.5,578,1.001717339605e-12,8.11444171898e-12,-3.58873398878e-12,-698643.9820385,-580.4112854575,-135751.8256353
35,17.5,579,9.666602797306e-13,8.041032072429e-12,-2.893362773211e-12,-686992.2846398,-6209.337100542,-134967.2886377
35,17.5,580,9.742935943306e-13,8.126532692984e-12,-3.082287377808e-12,-663007.617858,2192.326068823,-135230.3466036
35,17.5,581,9.50803241578e-13,8.133126807761e-12,-2.690329969274e-12,-662860.6062674,6007.185814536,-135796.4422768
35,17.5,582,9.267088982412e-13,7.943655617281e-12,-2.951642402961e-12,-667605.1313658,-2669.644100973,-132793.3207436
35,17.5,583,9.788799892201e-13,8.12161111336e-12,-3.050634348451e-12,-684334.5460189,-2389.223991209,-135926.9209748
35,17.5,584,9.808363674063e-13,8.108418227164e-12,-3.163425078992e-12,-668906.1484195,-6019.330414557,-135674.494121
35,17.5,585,1.032263905425e-12,8.417046338049e-12,-2.752810404369e-12,-667672.9947584,-2346.817064842,-139997.7871629
35,17.5,586,9.807136116313e-13,8.142338646073e-12,-2.922422227605e-12,-698170.4075893,3009.670587895,-135561.733522
35,17.5,587,1.012501664582e-12,8.189806138212e-12,-2.585798782331e-12,-671276.6101754,862.6796905363,-136855.1819915
35,17.5,588,9.016832278349e-13,7.887921955983e-12,-2.840016710874e-12,-678019.3623416,-1060.738500885,-131807.4851144
35,17.5,589,9.771216081464e-13,8.146632622725e-12,-3.752172046052e-12,-692953.6119485,-1450.121322374,-136414.5320243
35,17.5,590,1.03370881056e-12,8.2965001385e-12,-3.07708741934e-12,-683339.0080942,945.7064868963,-138036.4398874
35,17.5,591,9.442344500872e-13,8.008626786778e-12,-3.137148715315e-12,-685525.4791749,-1375.942482959,-133712.0312686
35,17.5,592,9.397610464036e-13,8.043378163831e-12,-2.793025308317e-12,-665292.462164,-1890.390958103,-134399.6153777
35,17.5,593,9.531515805791e-13,8.060838199944e-12,-2.959274689954e-12,-684965.5442005,-1170.373929057,-135222.3911102
35,17.5,594,9.950988395706e-13,8.235387035922e-12,-2.91445661098e-12,-694249.7644643,4042.416351771,-137671.8314986
35,17.5,595,9.558777548776e-13,8.1347501145e-12,-2.944382772486e-12,-680232.216539,2855.161430029,-135493.7056108
35,17.5,596,9.473567480834e-13,8.077492834555e-12,-3.226604015492e-12,-671849.6786674,-6927.201785555,-134118.9933978
35,17.5,597,9.288397645639e-13,8.033725631889e-12,-2.823073132018e-12,-669657.1034285,3128.575287781,-133964.6801126
35,17.5,598,9.256789825831e-13,7.997648447145e-12,-3.321065850184e-12,-707585.7532247,-1148.057862193,-133858.7530667
35,17.5,599,9.541442663279e-13,8.045889883667e-12,-2.98146450765e-12,-673839.4860628,2793.236252526,-134571.8927217
35,17.5,600,9.263969374837e-13,7.998036766322e-12,-2.859166902449e-12,-662255.9801861,660.8464750658,-133410.573755
35,17.5,601,9.927577574192e-13,8.199339531764e-12,-3.10407930533e-12,-682248.29537,-1451.976199326,-136483.7260223
35,17.5,602,1.045816399279e-12,8.321952103076e-12,-2.913614299239e-12,-675591.8207865,3068.819523573,-138471.8685753
35,17.5,603,9.991294991636e-13,8.281974455265e-12,-2.921453956341e-12,-685421.8534916,4375.269780572,-137988.3097415
35,17.5,604,1.02441329584e-12,8.279889480913e-12,-3.366100146502e-12,-682543.0014115,-3194.896868958,-138318.8670131
35,17.5,605,1.026244437568e-12,8.257859414587e-12,-3.472830360381e-12,-685153.5423966,-2379.116870572,-138414.6302075
35,17.5,606,9.396084836108e-13,8.015270103051e-12,-3.054407772564e-12,-677227.9113145,463.8269205529,-133790.5443671
35,17.5,607,9.068460912905e-13,7.961105951107e-12,-3.044165260847e-12,-678289.0569978,6524.5539698,-132882.4065629
35,17.5,608,9.277185802058e-13,8.09777924896e-12,-3.043507616763e-12,-680790.5629274,1100.122792964,-135703.6874398
35,17.5,609,9.844738851814e-13,8.182678290656e-12,-2.980982702075e-12,-691590.7750767,5242.513959725,-136823.1370946
35,17.5,610,9.500238529327e-13,8.068004363685e-12,-2.486356612821e-12,-681858.2131044,5763.716482062,-134926.4345384
35,17.5,611,9.513571064156e-13,8.005397027529e-12,-3.225622647852e-12,-670126.5598092,-7303.186183993,-134073.0709725
35,17.5,612,9.135514342493e-13,7.921589641955e-12,-2.893943742399e-12,-685002.1467064,-608.8377255184,-132484.519067
35,17.5,613,1.007335407856e-12,8.184420675669e-12,-3.356942739786e-12,-683584.0875119,-2629.721750748,-136705.1755492
35,17.5,614,9.624752126194e-13,8.130719377397e-12,-3.212477396611e-12,-682682.9639282,-344.8004205157,-135758.1028525
35,17.5,615,9.738656616841e-13,8.067611594237e-12,-3.070288996239e-12,-680669.6802214,-1893.311413322,-135005.0100942
35,17.5,616,9.645820231024e-13,8.071922324054e-12,-3.16014960287e-12,-689772.4923445,-944.9838479246,-134631.1313313
35,17.5,617,9.759867932692e-13,8.122213534695e-12,-2.891056200051e-12,-687498.8948974,2730.702026703,-136303.696791
35,17.5,618,1.017895017248e-12,8.134505961238e-12,-3.777943014226e-12,-696370.5533042,-1789.517164767,-135462.8279186
35,17.5,619,9.89753560611e-13,8.067302904081e-12,-2.719055771328e-12,-674550.7068547,2203.145033048,-135406.8282475
35,17.5,620,9.526726304676e-13,8.073126295457e-12,-3.079249104213e-12,-682718.9461022,-1975.161660051,-135405.2620265
35,17.5,621,1.004676888801e-12,8.227671011619e-12,-3.067245857658e-12,-680519.7973817,218.2753990954,-137355.342233
35,17.5,622,9.825468978211e-13,8.093215048759e-12,-3.164567582835e-12,-667325.1471331,-2334.195603777,-135191.502509
35,17.5,623,1.022974100103e-12,8.251528970088e-12,-3.06669972656e-12,-688263.7055971,3222.176415583,-138081.7641309
35,17.5,624,9.538671624052e-13,8.103775498867e-12,-2.925551614851e-12,-686543.4932686,-297.0371129535,-135406.5768716
35,17.5,625,9.323379006593e-13,8.023300233529e-12,-3.052399417199e-12,-697665.0745407,833.2669284891,-133560.7237589
35,17.5,626,9.255310531624e-13,7.970758966698e-12,-2.692110225312e-12,-683949.7405052,4591.431307995,-133507.4442323
35,17.5,627,9.375439953748e-13,8.080256102239e-12,-3.021195510272e-12,-691132.1951013,-92.68847367596,-135123.0683714
35,17.5,628,9.831626895937e-13,8.123188945422e-12,-2.987534587632e-12,-679313.1290909,-1866.522818447,-135660.4057175
35,17.5,629,9.502450960738e-13,8.002123696096e-12,-2.360960974009e-12,-683087.8500952,4528.19406706,-134125.0445959
35,17.5,630,9.627988971704e-13,8.029731887847e-12,-2.882173619473e-12,-675019.2154237,2051.537008948,-133812.204906
35,17.5,631,9.738846857641e-13,8.044464495895e-12,-3.246016304689e-12,-675961.2213596,-4011.593018863,-134091.5328944
35,17.5,632,1.001656610074e-12,8.221219175628e-12,-3.260459755998e-12,-695821.1466119,-1746.631169135,-136804.4613293
35,17.5,633,9.724784975252e-13,8.162797828289e-12,-2.806582964314e-12,-672648.6048439,1208.514553714,-136259.8691391
35,17.5,634,8.845094190538e-13,7.795745250901e-12,-3.182364924395e-12,-688695.0974523,130.6279578482,-130233.9416627
35,17.5,635,9.503945655191e-13,8.146514413877e-12,-2.441676705942e-12,-673323.9414206,8660.729645245,-135533.9658231
35,17.5,636,9.335822774167e-13,8.00977499118e-12,-3.214910753335e-12,-681429.8964229,-4865.680809977,-134092.7014648
35,17.5,637,9.539957684367e-13,8.162195187073e-12,-2.841010840819e-12,-667073.4055067,-1949.011822814,-136045.5302681
35,17.5,638,9.936636196554e-13,8.198600957885e-12,-3.067357963157e-12,-682898.5344312,-263.4427686362,-136635.1477909
35,17.5,639,9.842491565855e-13,8.062738501043e-12,-3.296573464511e-12,-672438.6858388,-5784.589824465,-134192.0094018
35,17.5,640,9.58692774134e-13,8.099719785317e-12,-3.153954498596e-12,-701650.2658822,3004.80116214,-135386.4221744
35,17.5,641,9.625322647618e-13,7.965248269869e-12,-3.090809777905e-12,-677106.6756009,1065.420586872,-133034.0920149
35,17.5,642,9.742059383248e-13,8.06960432279e-12,-2.831831385565e-12,-669840.1799835,1685.215910209,-134421.6328976
35,17.5,643,8.69601123407e-13,7.992566879821e-12,-2.478208497667e-12,-668421.8311448,2055.647252834,-133333.7590586
35,17.5,644,9.641498137748e-13,8.077848108392e-12,-3.578607201242e-12,-693923.0263459,186.995080035,-135349.6953573
35,17.5,645,9.507699899123e-13,7.991051539602e-12,-3.296303819307e-12,-676613.035897,1271.461309467,-133838.2261895
35,17.5,646,9.642032097558e-13,8.080264902421e-12,-2.820179005955e-12,-682210.4665734,-341.3889735806,-134897.0183763
35,17.5,647,9.523183498098e-13,8.004763379117e-12,-2.873756778933e-12,-674401.4127559,311.4493323292,-133331.4485139
35,17.5,648,9.549802160456e-13,8.125886993443e-12,-3.280489814478e-12,-705147.4647417,-531.3746062233,-135319.3519864
35,17.5,649,9.702168962556e-13,8.075864953082e-12,-3.039358263843e-12,-679556.3869504,-256.8741386651,-135500.4087103
35,17.5,650,9.439211824872e-13,8.00241074688e-12,-3.472205387195e-12,-693497.2080877,-3546.107118436,-133669.1203602
35,17.5,651,9.36760863819e-13,7.987538150808e-12,-3.765389691115e-12,-709744.9011932,-3301.825914068,-134034.2680313
35,17.5,652,9.671703515701e-13,8.076731397407e-12,-3.16839739177e-12,-682113.4900107,-954.7623988471,-134617.386226
35,17.5,653,9.662588581943e-13,8.116465469226e-12,-3.108164973014e-12,-683140.1575,3010.338069001,-135578.6539637
35,17.5,654,9.547267301091e-13,8.036741549613e-12,-3.20831522784e-12,-685592.1724619,-1437.936098179,-134823.1234405
35,17.5,655,9.816533849156e-13,8.137580497816e-12,-3.319531721293e-12,-680963.2748574,-5516.815812557,-136181.5053842
35,17.5,656,9.296926663933e-13,8.036096198404e-12,-2.55385264725e-12,-673935.8399646,3150.573472392,-134059.2338077
35,17.5,657,9.981210079801e-13,8.151755210734e-12,-3.31404156115e-12,-678551.5123175,-3817.387317851,-136285.038544
35,17.5,658,9.02934609036e-13,7.845054174395e-12,-2.767757896741e-12,-639584.6146925,-1050.300503662,-131675.4396569
35,17.5,659,1.005771299099e-12,8.260352360524e-12,-3.020469275537e-12,-692589.867271,2993.615789823,-138187.7980966
35,17.5,660,9.863778606441e-13,8.23806051843e-12,-2.706902702436e-12,-689205.6126066,367.8817439811,-138065.9401726
35,17.5,661,9.690310318803e-13,8.066833555216e-12,-2.758079363378e-12,-678789.1735099,2595.610217874,-134848.7583156
35,17.5,662,9.201477672261e-13,8.028419020212e-12,-3.107582052759e-12,-684373.2185184,-507.2912870753,-133458.1096014
35,17.5,663,9.525731737545e-13,8.081374975277e-12,-2.37595258025e-12,-665658.383875,3232.708764781,-134780.4112099
35,17.5,664,9.345939736803e-13,8.013604844695e-12,-3.000645257042e-12,-700202.4187482,2579.109293583,-133607.7842696
35,17.5,665,1.015290604249e-12,8.22459886422e-12,-3.646426533669e-12,-687082.3093411,-1997.54297142,-137786.0716051
35,17.5,666,9.347699808176e-13,7.972259333819e-12,-3.236381597232e-12,-674153.642233,-5360.291441077,-133921.2637214
35,17.5,667,9.558756646638e-13,8.027804368712e-12,-3.184902415052e-12,-662595.4529883,-6229.374161409,-134695.2584437
35,17.5,668,1.017953287653e-12,8.155519216572e-12,-3.408873914513e-12,-689324.6187188,-1628.008271954,-136401.2151392
35,17.5,669,9.792761090856e-13,8.299716280119e-12,-3.410150827878e-12,-678918.1765644,-1769.854737779,-138066.8234807
35,17.5,670,8.872917867493e-13,7.851021737416e-12,-3.010674865048e-12,-670191.0658974,3822.535034092,-131002.1895418
35,17.5,671,9.837874617939e-13,8.213985890992e-12,-3.39321169369e-12,-682471.8033712,-4751.053068538,-137040.8937587
35,17.5,672,9.286485194071e-13,8.075462333487e-12,-2.970257233267e-12,-682713.6716599,623.0119462213,-134564.9895199
35,17.5,673,9.645117392621e-13,8.07667837455e-12,-3.339424499754e-12,-679019.9660445,-1727.069371823,-135221.6041699
35,17.5,674,9.448222724949e-13,7.943491813915e-12,-3.369443271703e-12,-686155.1491953,-2834.498087134,-132394.1181656
35,17.5,675,9.497527507265e-13,8.131858514881e-12,-2.684226735428e-12,-651856.0318816,-1350.386214887,-136186.7817717
35,17.5,676,9.546999488666e-13,8.030046429753e-12,-3.450272041525e-12,-707456.4563363,646.1384832682,-134204.9429102
35,17.5,677,9.436051033156e-13,8.015073078815e-12,-3.053422044762e-12,-688372.1365982,384.2867724652,-134033.4135857
35,17.5,678,9.905939850429e-13,8.123122668289e-12,-2.757114665976e-12,-683929.0498063,876.4949128552,-135720.3996223
35,17.5,679,9.50616852283e-13,8.095169882372e-12,-2.589405076794e-12,-654845.2556047,-134.288531753,-135067.3249237
35,17.5,680,8.941716403864e-13,7.883963112542e-12,-3.306937278692e-12,-662586.6517927,-5612.758698475,-131006.579288
35,17.5,681,9.365631873928e-13,8.016680570105e-12,-2.926943848995e-12,-669655.3426716,-1358.902890837,-134277.9665953
35,17.5,682,9.761680101933e-13,8.09704683914e-12,-3.303272164288e-12,-675728.0030314,-673.510157162,-134716.962679
35,17.5,683,1.021155521156e-12,8.258768686981e-12,-2.780829683294e-12,-674230.2029424,1724.415618742,-138045.9076336
35,17.5,684,9.410786558589e-13,7.958178398423e-12,-3.080218496444e-12,-673072.2957495,-1433.14639038,-133589.147181
35,17.5,685,9.504068797133e-13,8.107852959789e-12,-2.946024049614e-12,-674619.8019019,-1401.838053119,-134831.0534868
35,17.5,686,8.978214025157e-13,7.890470550505e-12,-3.400728896201e-12,-683555.0536202,-3321.380360909,-132123.2671289
35,17.5,687,9.720510288035e-13,8.095587121152e-12,-3.147370449913e-12,-707054.830418,1740.765675751,-135296.1692101
35,17.5,688,9.218161625631e-13,8.035855110614e-12,-3.280060043068e-12,-696358.2816661,1214.462140291,-133971.1779201
35,17.5,689,1.002523477599e-12,8.075620198502e-12,-3.210757031436e-12,-677671.3974417,-3611.764431373,-135342.9181241
35,17.5,690,1.014866469724e-12,8.351490028307e-12,-2.886179105062e-12,-683429.5296224,3988.338974002,-139425.7551679
35,17.5,691,9.789290307944e-13,8.118160516763e-12,-3.146926290724e-12,-676798.0566311,1320.494181905,-136070.6063062
35,17.5,692,9.602241434431e-13,8.102637502563e-12,-3.299632762478e-12,-696366.733291,-925.6055534184,-134803.130784
35,17.5,693,9.70121653527e-13,8.070443513596e-12,-2.775411379472e-12,-662679.8292563,1418.269469092,-134629.2090286
35,17.5,694,9.198430705148e-13,7.961299079943e-12,-3.343001269736e-12,-687465.3036213,-3112.774538142,-132512.4810724
35,17.5,695,9.049353745047e-13,7.926207006633e-12,-3.208662717462e-12,-682443.85604,-4881.901568805,-133201.9802428
35,17.5,696,9.838816885143e-13,8.172940805242e-12,-3.335400233967e-12,-672011.4989927,-5673.445446414,-137688.2552363
35,17.5,697,9.648998239871e-13,8.154126105296e-12,-2.947628851715e-12,-677438.9544987,444.4122570574,-136583.8377308
35,17.5,698,9.65474519014e-13,8.155538829561e-12,-3.098905585385e-12,-666507.2091792,423.3052885709,-136496.6217057
35,17.5,699,9.342452874107e-13,8.057499511658e-12,-2.629213683054e-12,-667929.4048771,5924.952984499,-135061.722922
35,17.5,700,9.608836887089e-13,8.100179938583e-12,-3.959257028674e-12,-695422.2410437,-7142.296719941,-134956.2165406
35,17.5,701,9.738514285361e-13,8.10025613047e-12,-3.343446925541e-12,-680322.8341711,-4326.59338743,-134688.9919205
35,17.5,702,9.627516859827e-13,8.051391460464e-12,-3.260153313849e-12,-707220.9512161,1482.815183143,-133903.4849588
35,17.5,703,9.527835595016e-13,8.066888953951e-12,-3.184984071959e-12,-691484.8807786,-516.6090760431,-134449.1985316
35,17.5,704,8.798226806918e-13,8.00673613385e-12,-2.82434333689e-12,-681072.9411437,4143.835117875,-133454.4051474
35,17.5,705,9.708568086762e-13,8.103768160198e-12,-3.247414379202e-12,-698654.1992799,-586.1485235203,-135250.6468541
35,17.5,706,9.553944961567e-13,8.091053881299e-12,-2.919038346054e-12,-679217.844234,4580.091022184,-135085.6586689
35,17.5,707,9.387180983762e-13,8.111491399993e-12,-3.305779819845e-12,-690297.0386439,365.1653997842,-135553.1987003
35,17.5,708,9.843061854699e-13,8.085771329768e-12,-3.301957418552e-12,-678833.3490263,-913.668982804,-135195.1721111
35,17.5,709,9.880159365698e-13,8.21466433301e-12,-3.399533431012e-12,-691500.7940784,1721.266325188,-136589.4912702
35,17.5,710,9.536611837847e-13,8.025368614299e-12,-3.141539349639e-12,-684431.8366452,-3040.653761889,-133859.0478385
35,17.5,711,9.228725326762e-13,7.950574010193e-12,-3.050795948206e-12,-696860.5453754,1020.720770848,-133177.2406497
35,17.5,712,9.67293057428e-13,8.061561988941e-12,-2.734878290933e-12,-661505.695734,3241.95656015,-134932.8625232
35,17.5,713,1.003034718291e-12,8.208407374077e-12,-3.052284159069e-12,-677885.4149807,302.1622392454,-136620.0646528
35,17.5,714,9.902974847791e-13,8.161111058582e-12,-2.918688664453e-12,-665086.4568483,2250.807296909,-136507.8600605
35,17.5,715,9.129198359386e-13,8.017027449449e-12,-3.148618982985e-12,-674502.9814236,-3058.520507867,-134141.5459039
35,17.5,716,1.016942754998e-12,8.235497437876e-12,-2.98079242065e-12,-667442.4105241,-502.1573200891,-137554.175883
35,17.5,717,9.5652684217e-13,8.08938808227e-12,-3.268576337349e-12,-671848.2059376,-4927.412336457,-134736.9875752
35,17.5,718,8.96042951829e-13,7.730402678481e-12,-2.651584198973e-12,-646436.5505578,1546.11517489,-129285.3041931
35,17.5,719,9.912392246828e-13,8.070394020884e-12,-3.050716653611e-12,-672147.1089337,-2408.773531578,-135793.8541983
35,17.5,720,1.019614871417e-12,8.277734392202e-12,-2.744829154771e-12,-684707.0263163,3756.722299724,-138358.274087
35,17.5,721,9.658576117189e-13,8.200817360795e-12,-3.104954246357e-12,-677646.0300348,-1840.809996347,-136906.5419485
35,17.5,722,9.931483317264e-13,8.129064599825e-12,-2.522673094679e-12,-677382.5875771,1601.451972986,-135557.3552037
35,17.5,723,1.011784198608e-12,8.210862027426e-12,-3.464404723774e-12,-684012.8593506,-5197.695502341,-137225.9824275
35,17.5,724,9.489172327042e-13,7.99005203754e-12,-2.825259404144e-12,-680544.6061812,2015.437505028,-133583.2990376
35,17.5,725,9.944247636274e-13,8.093224490383e-12,-2.990506937736e-12,-678707.8643594,4236.526789681,-135321.7288259
35,17.5,726,9.977301875617e-13,8.213694370718e-12,-3.373641578585e-12,-678855.3410946,-3893.974034107,-137193.7204449
35,17.5,727,1.029090068559e-12,8.353779920057e-12,-2.672910666694e-12,-680119.5769623,5248.694283659,-138990.7954134
35,17.5,728,9.308619048583e-13,7.960225588949e-12,-2.733474579913e-12,-672183.4327552,1711.685726201,-133225.6423211
35,17.5,729,9.512858008684e-13,8.079690789033e-12,-2.820390367074e-12,-652474.0793007,2792.463081714,-134522.938789
35,17.5,730,9.92764707818e-13,8.185686783586e-12,-3.211711999574e-12,-674873.1126293,-22.01504011793,-136362.9266611
35,17.5,731,9.948760537146e-13,8.27118958879e-12,-3.102251639619e-12,-693985.1786396,480.5339977044,-138133.8886788
35,17.5,732,9.637612421183e-13,8.114048844719e-12,-3.190738802145e-12,-671915.1964547,-2545.202464495,-135837.2252437
35,17.5,733,9.407307558468e-13,8.043092607166e-12,-3.149005641417e-12,-677987.5337576,2082.302241333,-134817.059923
35,17.5,734,1.009029642305e-12,8.22154424308e-12,-3.596277589068e-12,-683353.7118624,-1421.797250631,-137019.6251529
35,17.5,735,1.000228273787e-12,8.142251937044e-12,-2.926087386015e-12,-660802.1767073,-1305.376712157,-135955.0150485
35,17.5,736,9.479042184708e-13,8.101547564272e-12,-3.172512687919e-12,-671261.7564084,-3416.498062772,-135265.7516592
35,17.5,737,9.631164023335e-13,8.100352426401e-12,-2.654065336062e-12,-675769.8129712,1816.994848919,-135054.1350759
35,17.5,738,9.303350293705e-13,7.949989558011e-12,-2.768344137261e-12,-676631.5204762,3294.979347821,-132932.4951861
35,17.5,739,9.683418107714e-13,8.115445502827e-12,-3.197915995523e-12,-679926.6497526,-3005.002503074,-135705.9882439
35,17.5,740,9.429104222537e-13,8.046180162271e-12,-3.355892128745e-12,-687442.7410589,-633.0460774179,-134539.7114111
35,17.5,741,9.70336984429e-13,8.007551159205e-12,-3.238855458699e-12,-686108.746808,-3047.165724433,-134443.1043451
35,17.5,742,9.729559412443e-13,8.144809875527e-12,-3.442236467114e-12,-705235.8368916,-2932.291904282,-135726.1168706
35,17.5,743,9.989863966244e-13,8.182173842979e-12,-3.312746208694e-12,-680569.0364867,-3910.57513792,-137317.8538065
35,17.5,744,1.010493576267e-12,8.27806788493e-12,-2.70934783837e-12,-669899.2090466,5419.943829586,-137343.2509093
35,17.5,745,9.729133318486e-13,8.08393566028e-12,-3.447284619843e-12,-673701.2475794,-4681.625606065,-135693.4947078
35,17.5,746,9.665922705025e-13,8.129450985698e-12,-3.154940465945e-12,-671334.6090488,-5885.012841174,-136316.0474132
35,17.5,747,9.911227591586e-13,8.215432646186e-12,-3.171126474325e-12,-668674.5347792,252.9756003612,-137734.6145836
35,17.5,748,9.206074833178e-13,7.956150952438e-12,-2.83646450528e-12,-676395.4784114,2616.54446294,-132708.6876175
35,17.5,749,1.004300680966e-12,8.164103596012e-12,-3.149629971814e-12,-677106.8462827,-104.9016051246,-135980.7384816
35,17.5,750,9.714444193273e-13,8.176308772217e-12,-2.984151186312e-12,-685661.0502698,2380.8050631,-136258.1347944
35,17.5,751,9.612447240754e-13,8.037236562127e-12,-3.461087460022e-12,-690116.7369199,-1838.046688995,-134236.0600435
35,17.5,752,9.867790179248e-13,8.127978528508e-12,-3.287631942287e-12,-694899.5304551,-269.9062326608,-135520.9464515
35,17.5,753,1.003346493169e-12,8.128629108261e-12,-3.204610163902e-12,-686065.4508985,-3430.726156773,-136410.6648963
35,17.5,754,9.577367327762e-13,8.056307901086e-12,-3.117494013247e-12,-673113.8253381,-3636.473609884,-134347.0437267
35,17.5,755,9.869226904898e-13,8.188297673977e-12,-2.992981377336e-12,-672327.716433,418.0524268253,-137442.2017076
35,17.5,756,9.55719473195e-13,8.039398362738e-12,-3.120888246698e-12,-687435.364386,1679.301284871,-134798.5798766
35,17.5,757,9.929435438472e-13,8.264422227112e-12,-3.084979406646e-12,-692122.6736507,2984.335531273,-137466.1503802
35,17.5,758,9.543654257938e-13,8.096783124504e-12,-3.501263366706e-12,-690092.4484762,-2743.417443017,-135415.0613356
35,17.5,759,9.373356835836e-13,8.004270754718e-12,-3.181266490584e-12,-681655.479053,-2162.475735706,-133525.6077073
35,17.5,760,1.035468048043e-12,8.23379753392e-12,-3.202739079562e-12,-701234.2141891,3331.841831678,-138074.6881159
35,17.5,761,9.295471529565e-13,7.939126107116e-12,-3.424739576074e-12,-704340.5783719,-2006.56877877,-133144.3778874
35,17.5,762,1.028461895147e-12,8.284012173518e-12,-3.119660896844e-12,-686527.1120587,-465.6490327015,-137746.1145067
35,17.5,763,9.765149082271e-13,8.134320179003e-12,-3.211796294116e-12,-686900.1529443,-2253.963525103,-135545.7261671
35,17.5,764,9.587405002016e-13,8.028323634493e-12,-3.128702859482e-12,-710964.9926291,3135.343248897,-133861.7683827
35,17.5,765,1.016660609604e-12,8.260738364191e-12,-3.263905354947e-12,-687234.7684301,-4204.400387009,-137319.9036782
35,17.5,766,9.373522618744e-13,8.090164530285e-12,-3.602958193647e-12,-688257.2282366,-6549.138730688,-135260.1698607
35,17.5,767,1.037832069168e-12,8.337798179796e-12,-3.006623407693e-12,-683995.9617293,2389.461119096,-138949.0275144
35,17.5,768,9.346030145864e-13,7.915064077405e-12,-2.677852505319e-12,-685601.3342751,1860.841746663,-132409.8684426
35,17.5,769,1.004880429929e-12,8.205373670562e-12,-3.528011115021e-12,-662656.9542984,-7539.109025952,-136859.5391076
35,17.5,770,9.596399966838e-13,8.030395117511e-12,-2.915004370202e-12,-675845.0805368,1726.468224747,-134462.0314683
35,17.5,771,9.345347390203e-13,8.117867229153e-12,-2.719595123028e-12,-681774.7335525,-1793.680997347,-135288.3152547
35,17.5,772,9.39416900892e-13,8.010351178351e-12,-3.107911750826e-12,-679262.1215914,-2274.740569542,-134051.8515264
35,17.5,773,9.431153337151e-13,8.186233323501e-12,-3.197695935149e-12,-692385.4887901,213.3138467139,-136263.5967798
35,17.5,774,9.854154929322e-13,8.216319439708e-12,-3.047244660333e-12,-702375.6457336,4170.741874608,-137285.6493913
35,17.5,775,9.751881124978e-13,8.076993671108e-12,-3.135123877938e-12,-673775.2183062,-2846.387328849,-135142.3378641
35,17.5,776,9.990271959789e-13,8.095880923722e-12,-2.954910290794e-12,-672502.5416837,-551.9706088521,-135085.2611792
35,17.5,777,9.74337985961e-13,8.111368905774e-12,-3.10734243812e-12,-684544.8717053,-467.1983586205,-136073.7554092
35,17.5,778,8.870216896326e-13,7.946431713714e-12,-3.033782579785e-12,-680439.592347,1427.58250571,-132558.5215818
35,17.5,779,9.395599410727e-13,8.021199785224e-12,-3.063076701727e-12,-693713.6741743,-51.01427548429,-134365.4557142
35,17.5,780,9.95138443385e-13,8.188716170791e-12,-2.988081696459e-12,-665478.2194308,1133.687556075,-136660.0259202
35,17.5,781,9.649698357841e-13,8.177182747261e-12,-3.101954255353e-12,-689682.1159949,-3497.906994545,-137062.2310757
35,17.5,782,9.718143020685e-13,8.185587139192e-12,-3.502845309108e-12,-685454.0916333,-2666.305734621,-137366.1195001
35,17.5,783,8.903078292353e-13,7.868323470506e-12,-2.900221042563e-12,-679647.0514386,5961.264835093,-131636.2530425
35,17.5,784,9.672163927415e-13,8.113580812582e-12,-3.233314987362e-12,-686108.1281394,-2255.751939644,-135054.628836
35,17.5,785,9.524342159724e-13,8.152408213965e-12,-3.114753446944e-12,-690830.4995119,445.095549435,-136169.412363
35,17.5,786,9.558836038973e-13,8.055593084869e-12,-2.97433980875e-12,-680260.8243533,1888.585808072,-134658.6185249
35,17.5,787,9.318477164397e-13,7.920913982482e-12,-3.013751242185e-12,-686792.4871727,1690.785681475,-132965.7378174
35,17.5,788,9.562008155335e-13,8.025950847776e-12,-3.102441065443e-12,-668833.5294192,792.9452313974,-133792.7628718
35,17.5,789,9.65450564123e-13,8.043220037344e-12,-2.749077710143e-12,-674478.5377031,3154.347645596,-134550.1982094
35,17.5,790,9.810976391302e-13,8.188297262587e-12,-3.125808565266e-12,-688972.9440421,-2531.297383886,-136858.0339299
35,17.5,791,9.513917352272e-13,8.025571518157e-12,-3.4326630107e-12,-679564.2337491,-4709.409512405,-134340.0190233
35,17.5,792,9.676570942822e-13,7.957239929468e-12,-2.966945109029e-12,-683566.0582834,4137.934439049,-133281.6451924
35,17.5,793,9.295982563555e-13,8.011508480755e-12,-3.304528517237e-12,-679886.4355547,-3530.970006346,-133662.6312949
35,17.5,794,9.943240758983e-13,8.198776435251e-12,-3.016165683105e-12,-684248.1457468,-978.1153298745,-136690.2972138
35,17.5,795,9.661088589958e-13,8.173570852345e-12,-3.576026278845e-12,-695252.6036904,-2321.639600882,-136901.8703891
35,17.5,796,9.813536035905e-13,8.262550212465e-12,-2.933668710811e-12,-674440.3823959,-1023.035128262,-137400.2448886
35,17.5,797,9.818327276312e-13,8.154341529097e-12,-2.903468696363e-12,-666511.7000048,2316.135557214,-135700.4436554
35,17.5,798,9.649566962158e-13,8.060591109286e-12,-3.564987600392e-12,-689684.887118,-4775.031179507,-134956.1986072
35,17.5,799,9.86549746423e-13,8.233216726717e-12,-2.876781914249e-12,-681066.0259662,4936.538069774,-136886.8088871
35,17.5,800,9.606173841404e-13,8.174668106533e-12,-2.985045135858e-12,-679180.5283251,-6038.104611928,-136896.7972491
35,17.5,801,9.737532169686e-13,8.181087107658e-12,-2.806961142215e-12,-695444.6932373,2193.703845688,-136422.4106384
35,17.5,802,1.025011176431e-12,8.091860573457e-12,-2.792849240623e-12,-660476.3308087,274.3364182055,-135350.7171313
35,17.5,803,9.711508784931e-13,8.088114612678e-12,-3.026553711508e-12,-684818.8214939,4804.395010088,-135416.8193392
35,17.5,804,9.825140572028e-13,8.125087605026e-12,-2.971861628213e-12,-662572.449229,5541.700761467,-135382.6530576
35,17.5,805,9.327383638445e-13,8.079875091213e-12,-2.992729262493e-12,-654260.9383217,-728.8034945767,-134506.1968159
35,17.5,806,9.951762997958e-13,8.216429793437e-12,-3.238165496029e-12,-672064.496762,-2861.167766212,-136710.7888847
35,17.5,807,1.020759162581e-12,8.279620158137e-12,-2.762540461331e-12,-676082.9647336,8911.128586732,-137595.0446485
35,17.5,808,1.049509947123e-12,8.291343325989e-12,-3.156846429248e-12,-682758.537148,698.5066262587,-138449.7847888
35,17.5,809,9.62322294409e-13,8.152415574964e-12,-3.208995966018e-12,-696548.8747248,910.1279103424,-136609.9813393
35,17.5,810,9.846413181562e-13,8.086145660269e-12,-3.185751783949e-12,-676391.2147695,501.5624806824,-135025.9952745
35,17.5,811,9.169227799239e-13,7.944501556263e-12,-3.244476718993e-12,-683215.0374328,-889.572855809,-132790.8000376
35,17.5,812,9.732577314851e-13,8.094470190909e-12,-3.078121333719e-12,-687382.5077806,3808.399734089,-135278.152242
35,17.5,813,9.885421017211e-13,8.146066656001e-12,-3.234770596293e-12,-656516.6502498,-6011.21119866,-135919.5618592
35,17.5,814,9.664341050325e-13,8.139733822731e-12,-3.166639239834e-12,-703823.7036826,-67.12466418592,-135668.1721078
35,17.5,815,9.366677758423e-13,8.065146056966e-12,-3.363335924717e-12,-684612.3734016,-502.8967075125,-134787.7384552
35,17.5,816,9.862906490549e-13,8.095430729857e-12,-3.131061031584e-12,-684001.3253738,-1281.035906957,-135795.565081
35,17.5,817,1.004533149204e-12,8.233066487551e-12,-3.110194041767e-12,-684757.9034496,-1443.696270612,-137999.051872
35,17.5,818,1.000573289742e-12,8.101605708012e-12,-3.614101514826e-12,-709563.9394329,482.8525753618,-135059.3515655
35,17.5,819,9.972427963662e-13,8.161872192611e-12,-3.147913981325e-12,-675666.5304019,-2730.015079416,-136269.4504145
35,17.5,820,9.55684585766e-13,8.011457733426e-12,-3.218777907081e-12,-682741.8434762,-3385.389581511,-134772.975163
35,17.5,821,9.68945809784e-13,8.105921806866e-12,-2.598615016397e-12,-653134.4770357,-780.6682562541,-135465.1109013
35,17.5,822,9.70866297191e-13,8.170554976085e-12,-2.921139639954e-12,-694504.1681565,2284.07073212,-136382.1108273
35,17.5,823,9.976177380485e-13,8.161512986648e-12,-3.050576658248e-12,-658611.9486363,503.7958198572,-135825.4708315
35,17.5,824,1.007219709153e-12,8.169647734155e-12,-2.427364056739e-12,-667397.0732008,5381.839982073,-136795.4945434
35,17.5,825,9.859782264561e-13,8.183436348847e-12,-3.186302499831e-12,-676300.9761691,-2084.142172265,-136472.9322642
35,17.5,826,9.514083635251e-13,8.055458943467e-12,-2.681420848063e-12,-655239.9610776,-450.9272460981,-134045.5386511
35,17.5,827,9.136331243891e-13,8.028095159373e-12,-2.854320131548e-12,-668224.7220109,-629.5706636473,-134173.9600552
35,17.5,828,9.922225838371e-13,8.209078809375e-12,-3.081745442689e-12,-696342.961412,-1056.630166289,-136771.8077742
35,17.5,829,9.337531822609e-13,7.954985269317e-12,-2.767288697161e-12,-667739.3095294,5269.686062189,-132885.7586266
35,17.5,830,9.237412243523e-13,8.032304963432e-12,-2.678071936733e-12,-685131.2240483,1016.115266424,-133323.3226787
35,17.5,831,8.927206796736e-13,7.884843659027e-12,-3.066301049144e-12,-666096.060439,-7079.723795015,-131579.4861602
35,17.5,832,1.027362539652e-12,8.18907604867e-12,-3.551294276711e-12,-685646.1523057,-1967.006274603,-137032.9862365
35,17.5,833,1.006043771816e-12,8.179398281407e-12,-3.078453995308e-12,-660264.7794637,-5178.077009688,-136732.395908
35,17.5,834,1.013627935569e-12,8.276200259197e-12,-3.25418402758e-12,-677280.3225529,-2280.388215516,-138201.9576595
35,17.5,835,9.456253632785e-13,7.975579207196e-12,-3.302887977278e-12,-680790.7168404,-3273.457972739,-132932.8506686
35,17.5,836,1.002308487042e-12,8.064424427922e-12,-3.009128711711e-12,-671517.7000025,-1746.930987464,-135365.2622254
35,17.5,837,9.874683961234e-13,8.181650094721e-12,-3.43856796222e-12,-679804.0443887,-4743.891212754,-136857.4302699
35,17.5,838,9.665605316565e-13,8.132553115879e-12,-3.257152719792e-12,-683379.6415323,-333.5531256597,-134722.3354021
35,17.5,839,9.177697422838e-13,8.033785936444e-12,-3.170902906995e-12,-671966.3938672,-2287.756506386,-133473.5579549
35,17.5,840,9.451733077205e-13,8.054219210583e-12,-2.838750109521e-12,-705692.0785774,9547.235634435,-134232.7052621
35,17.5,841,1.013959649319e-12,8.203207697756e-12,-3.336779444158e-12,-687257.4208409,-1856.096317005,-137122.9872448
35,17.5,842,9.405183599296e-13,8.023979739864e-12,-3.457563185073e-12,-697028.3231027,18.09020547165,-134349.0619938
35,17.5,843,9.11793539204e-13,8.00205509291e-12,-3.05123292684e-12,-678445.6438637,-834.5395367385,-133670.2952522
35,17.5,844,9.779651407856e-13,8.051645510633e-12,-2.943467476453e-12,-675775.8621014,337.4909550619,-134217.2174836
35,17.5,845,9.388281616135e-13,8.197529609062e-12,-2.553519264278e-12,-656227.1106705,-3666.23855169,-136470.3972203
35,17.5,846,9.78706700522e-13,8.290746272235e-12,-3.21232298979e-12,-703604.0415134,460.2168861618,-137705.6228294
35,17.5,847,9.507274873428e-13,8.119501671484e-12,-3.07034856829e-12,-679835.9015389,-4133.430746671,-135776.0362608
35,17.5,848,9.460251886445e-13,8.054474896008e-12,-3.03247916236e-12,-685347.3150443,1421.47582234,-134454.830445
35,17.5,849,9.189883726525e-13,8.032197111684e-12,-3.603768857864e-12,-682837.5650957,-4065.422322166,-133776.7182416
35,17.5,850,8.944714251121e-13,7.888037046534e-12,-2.974833414833e-12,-682435.7161234,-1052.676947907,-131286.3957628
35,17.5,851,9.675869603977e-13,8.106330393142e-12,-3.085067137296e-12,-679570.6698847,3688.926618105,-135923.0184788
35,17.5,852,9.825154412874e-13,8.109116592105e-12,-2.510900180927e-12,-669701.7398264,2891.629289549,-135168.0789664
35,17.5,853,9.306975119768e-13,7.869065521249e-12,-3.306850958984e-12,-678322.5211002,-2111.818460707,-131557.4655954
35,17.5,854,9.809711407883e-13,8.128929626108e-12,-3.538348383762e-12,-700814.7787507,-3979.938165436,-136124.434579
35,17.5,855,9.701839247062e-13,8.189047792259e-12,-2.892944901324e-12,-687849.1690514,6308.120271956,-136949.4159198
35,17.5,856,9.371141962482e-13,7.962017645785e-12,-2.981769605949e-12,-680585.7580729,3115.373720425,-132824.0085085
35,17.5,857,9.72299922351e-13,8.192082679252e-12,-3.536790069253e-12,-672921.4795302,-7843.111820108,-137190.5251166
35,17.5,858,9.986477323429e-13,8.21215847663e-12,-2.784483087516e-12,-673010.3529569,-1254.001108885,-136620.2619933
35,17.5,859,9.445612634454e-13,8.012427539132e-12,-2.914583541574e-12,-657626.5691534,1173.588213093,-133621.4266313
35,17.5,860,1.000700365888e-12,8.156936156504e-12,-2.935543423312e-12,-680835.6994291,-505.3803474134,-136807.7707391
35,17.5,861,9.073604066134e-13,7.913138444877e-12,-2.502897719391e-12,-673294.2195638,2516.289275315,-132409.7511964
35,17.5,862,9.734015427285e-13,8.040130054575e-12,-3.195137523152e-12,-688433.8357881,1951.948906125,-134836.4422296
35,17.5,863,9.795308552606e-13,8.135958759408e-12,-3.054882251229e-12,-680322.1312469,-2106.967955768,-135772.3002777
35,17.5,864,9.447849854235e-13,8.112722058547e-12,-2.927127216814e-12,-675003.7988975,4509.432320735,-135331.7585198
35,17.5,865,9.175554800265e-13,7.896692343458e-12,-2.622817125929e-12,-678897.2807402,3186.239079014,-132248.1302614
35,17.5,866,9.72819255476e-13,8.112743645528e-12,-2.953306551011e-12,-676910.2195361,557.9054781413,-135696.2678162
35,17.5,867,9.061957426637e-13,7.880741578413e-12,-2.804992095269e-12,-679365.8514022,5577.232193465,-131490.6878589
35,17.5,868,9.702975487293e-13,8.213373844906e-12,-3.045815901545e-12,-672047.7747636,-2135.037158281,-137087.6575715
35,17.5,869,1.017800874432e-12,8.254828036545e-12,-3.30550510443e-12,-689208.5921637,-120.9634087139,-138196.2973457
35,17.5,870,9.744856365591e-13,8.098633319663e-12,-3.103432346348e-12,-680294.8729297,-2178.596782754,-134854.4385665
35,17.5,871,1.034212640325e-12,8.34895862382e-12,-3.441856156619e-12,-695683.0742527,-3253.871440481,-138915.8583839
35,17.5,872,9.374575618345e-13,8.057067987352e-12,-3.334930789101e-12,-684894.4727559,-2128.925362665,-134221.3481962
35,17.5,873,9.837400914502e-13,8.185414884599e-12,-3.661693954537e-12,-673483.5647698,-6073.39949903,-136332.4742406
35,17.5,874,9.504612459816e-13,7.976143808282e-12,-3.420328583859e-12,-688894.8055496,-3033.984212745,-133919.1439464
35,17.5,875,1.043467535875e-12,8.268377141113e-12,-2.928885049893e-12,-692364.5749867,4104.159217635,-137945.2505959
35,17.5,876,9.642628250343e-13,8.036198763677e-12,-2.859463154554e-12,-675766.8980879,4.886607845015,-134736.441641
35,17.5,877,9.286286403635e-13,8.059109817241e-12,-3.115475659281e-12,-675488.5183018,-2333.178631812,-134280.7302528
35,17.5,878,9.335546940575e-13,7.963211721165e-12,-2.599357229388e-12,-692339.8986922,5124.118664535,-133636.6611096
35,17.5,879,9.473497912043e-13,8.022633802425e-12,-3.498537838921e-12,-690190.5195335,-2179.769910242,-134308.099138
35,17.5,880,9.100229967357e-13,7.953859723018e-12,-2.772018952236e-12,-656010.9309357,1326.641317343,-132788.4566628
35,17.5,881,9.969275443161e-13,8.084611863279e-12,-3.150156077396e-12,-693862.1864486,1100.679576192,-135613.550367
35,17.5,882,1.005157880866e-12,8.171502878927e-12,-3.287620871794e-12,-681543.9158238,-3087.729471592,-135962.1115855
35,17.5,883,9.851700547788e-13,8.276820161556e-12,-2.569800113345e-12,-664478.2300189,1353.060081136,-137045.8572855
35,17.5,884,1.035263328722e-12,8.258333536509e-12,-3.564398561111e-12,-694742.0041865,-282.965900442,-137538.3471563
35,17.5,885,9.808311970516e-13,8.139501543583e-12,-3.016565278803e-12,-680749.0157932,2921.76567579,-135755.0825375
35,17.5,886,9.595030208787e-13,8.051906364381e-12,-3.28376800992e-12,-695985.3267356,-479.9947103752,-135072.5312845
35,17.5,887,1.003561560731e-12,8.160385514343e-12,-3.361134302768e-12,-675057.8917045,-800.0796528212,-136040.6698574
35,17.5,888,9.364958050764e-13,8.019377356184e-12,-3.455523622683e-12,-692896.4530904,-2907.424329511,-133579.1724185
35,17.5,889,9.451520093789e-13,8.034481668336e-12,-2.518378478282e-12,-675303.1706378,2723.737654674,-134421.8699241
35,17.5,890,9.231059560362e-13,7.842055798598e-12,-2.371561028266e-12,-663095.0199206,4806.237155886,-131256.0767372
35,17.5,891,9.696822416462e-13,8.181407889959e-12,-3.118782878675e-12,-682370.2467216,-1194.335114093,-136907.353456
35,17.5,892,9.462050758538e-13,7.991293065654e-12,-3.608907491528e-12,-682828.9763428,-5651.989936753,-134075.3533086
35,17.5,893,9.750115734678e-13,8.043069726086e-12,-3.078398728684e-12,-664440.9588555,-5460.862672922,-134437.9892175
35,17.5,894,9.942681680941e-13,8.105442075614e-12,-2.645779900395e-12,-671241.8790717,4170.613112165,-134595.7435904
35,17.5,895,9.584870126592e-13,8.153934689968e-12,-3.225164845083e-12,-687292.3730963,-1302.020884356,-135670.1730891
35,17.5,896,1.004857927539e-12,8.189890626474e-12,-3.422729197794e-12,-681517.8281734,-3305.849102944,-136981.3662589
35,17.5,897,9.217374576825e-13,8.001199070973e-12,-2.771393957812e-12,-683332.7852173,4988.109151433,-133802.2322774
35,17.5,898,9.79725826488e-13,8.192794769119e-12,-3.595727775115e-12,-697939.8982955,-6171.895282453,-137122.9486769
35,17.5,899,1.035728288043e-12,8.256545156085e-12,-3.145726577975e-12,-676755.8311136,-2973.043707217,-138107.8797294
35,17.5,900,9.772908922606e-13,8.109525365088e-12,-2.853905548681e-12,-667729.5220479,-150.4348838056,-135674.476802
35,17.5,901,1.033204580911e-12,8.214421372581e-12,-3.052032066143e-12,-673539.2565316,-2980.393320861,-137610.5394753
35,17.5,902,9.948372549962e-13,8.226922512931e-12,-2.540168518406e-12,-669694.5892734,5424.776821852,-137047.4767883
35,17.5,903,9.662585312844e-13,8.025788545728e-12,-2.919616490491e-12,-673034.8964034,-1350.950765396,-134586.1801015
35,17.5,904,1.00669585219e-12,8.147224131538e-12,-2.858579134542e-12,-680006.7846772,49.75645586293,-135929.2309893
35,17.5,905,9.782442742037e-13,8.12738378035e-12,-3.160507764885e-12,-677864.122139,302.3211368123,-135933.5077586
35,17.5,906,9.304531831402e-13,8.091090194151e-12,-3.381970863361e-12,-687027.9218486,-1475.436224063,-134640.2054246
35,17.5,907,9.905164628638e-13,8.073806818625e-12,-3.270663503852e-12,-669797.7806676,-3789.852160959,-134762.1603248
35,17.5,908,9.919093394827e-13,8.144664860462e-12,-3.007123007384e-12,-670500.7292859,-552.8331534551,-136316.4332206
35,17.5,909,9.637149513703e-13,8.220956713647e-12,-3.504290767046e-12,-683278.6785892,-7509.994326854,-136727.703252
35,17.5,910,9.648635963093e-13,8.153034055832e-12,-3.251567715125e-12,-702176.7079807,2220.604227935,-136151.0578902
35,17.5,911,9.758769614562e-13,8.204061990662e-12,-3.465781067728e-12,-691203.3832464,-2218.147958522,-136961.4321105
35,17.5,912,9.587370398659e-13,8.156871959714e-12,-2.995042241967e-12,-665989.5775206,18.87558181603,-136271.2882353
35,17.5,913,9.433885416774e-13,7.944199169853e-12,-2.550339103628e-12,-659517.2265127,2860.133155241,-132769.503452
35,17.5,914,1.03135664573e-12,8.299139313759e-12,-2.818545279401e-12,-674112.7270857,1887.459339321,-138919.8566978
35,17.5,915,9.662981880491e-13,8.108539763958e-12,-3.037193739815e-12,-687507.3458043,-1867.985755898,-134657.1749085
35,17.5,916,9.68240774792e-13,8.104974315611e-12,-3.176239391572e-12,-696706.7510468,-1591.127388235,-135822.7814704
35,17.5,917,9.713963204942e-13,8.050939237954e-12,-3.540011314867e-12,-701139.5431088,-2459.980331457,-134547.8804635
35,17.5,918,9.749939399384e-13,8.168138647569e-12,-3.282497142113e-12,-676792.5237734,222.1995871295,-136645.7695153
35,17.5,919,9.199837507709e-13,7.854497589397e-12,-4.198408815904e-12,-692380.7081649,-10056.05991345,-131162.526945
35,17.5,920,1.003579321292e-12,8.092148959767e-12,-3.049402948044e-12,-674240.6626243,2251.71537349,-135593.2735597
35,17.5,921,9.852048293677e-13,8.187754517617e-12,-3.077953520265e-12,-718674.2352652,2956.260204237,-136923.6793586
35,17.5,922,9.588055752871e-13,8.096163341426e-12,-2.920778270964e-12,-669392.461075,-1607.514320207,-135146.4161704
35,17.5,923,9.214489587889e-13,7.951816656517e-12,-2.809694255115e-12,-676354.2287837,3148.54042103,-133652.30907
35,17.5,924,9.549007856183e-13,8.00871086598e-12,-3.395362089346e-12,-687395.7429719,-5007.112828438,-133646.0465571
35,17.5,925,9.583437462936e-13,8.091682839131e-12,-3.048331654874e-12,-667966.5995126,-691.555546138,-134964.1236275
35,17.5,926,9.906642453879e-13,8.111661585139e-12,-3.084427163888e-12,-673747.5369331,-290.3969929378,-136034.8036474
35,17.5,927,9.740066241746e-13,8.216840265886e-12,-3.096128080874e-12,-689790.3363917,-2365.305962439,-137010.5716071
35,17.5,928,9.308241657098e-13,7.946181722796e-12,-3.32892563203e-12,-689233.4779708,-2935.791345038,-133138.3696005
35,17.5,929,9.898231441728e-13,8.063129761572e-12,-2.801145838123e-12,-683917.6640893,1106.400004556,-134497.0523841
35,17.5,930,9.625850881289e-13,7.967520870646e-12,-3.367624217189e-12,-689938.4750939,-1450.625302713,-133602.1955869
35,17.5,931,8.967193635528e-13,7.848040571293e-12,-3.414175484553e-12,-677168.6715679,-4283.597451207,-131057.0684755
35,17.5,932,9.899863701234e-13,8.190173727363e-12,-2.621877522409e-12,-675083.6606012,2292.119697283,-136443.6331241
35,17.5,933,9.659881345351e-13,8.138887168494e-12,-3.073020235698e-12,-704508.9968632,-675.9704092851,-135475.08236
35,17.5,934,9.554065861474e-13,8.056269610552e-12,-3.141677900941e-12,-677706.1369033,670.5518129856,-134692.900816
35,17.5,935,9.540013986994e-13,8.081045429521e-12,-3.297086353803e-12,-676305.5644702,-1608.07106275,-135088.3379019
35,17.5,936,9.524072727234e-13,7.961883186512e-12,-3.177970027368e-12,-691070.0951182,-1213.863289924,-133268.5022376
35,17.5,937,1.002079004565e-12,8.254967252161e-12,-3.111451788358e-12,-678663.5892628,589.6168500018,-137415.2191383
35,17.5,938,8.986994181888e-13,7.819039969513e-12,-3.298884317025e-12,-687673.7325631,-5818.560920482,-131170.941018
35,17.5,939,9.781487157313e-13,8.155086375053e-12,-3.082261182979e-12,-674579.4914479,858.9976674199,-136397.1049794
35,17.5,940,9.45665400399e-13,8.02434252026e-12,-2.901542752067e-12,-677525.2083999,1378.698479016,-133355.9994814
35,17.5,941,9.130520724504e-13,8.098499442571e-12,-2.939560511582e-12,-679430.4851064,-1748.711217715,-135318.5911224
35,17.5,942,9.517605269018e-13,8.078350775382e-12,-2.681212518132e-12,-666934.726867,2134.438210071,-134445.4992662
35,17.5,943,9.672590043488e-13,8.126114103999e-12,-3.151853489426e-12,-679183.2000637,-1951.87449518,-135823.8440802
35,17.5,944,9.95256400843e-13,8.167313138652e-12,-2.806247764135e-12,-673135.2918866,161.4176455096,-136332.496309
35,17.5,945,1.009100287329e-12,8.171545929315e-12,-2.760480877071e-12,-692827.3630489,6352.207289251,-136490.4169852
35,17.5,946,9.653108311474e-13,8.144011084696e-12,-2.986329533025e-12,-671364.0653839,1968.733518942,-135991.7233027
35,17.5,947,9.742889255658e-13,8.185481207466e-12,-3.434170598754e-12,-677823.2827095,-1567.554380526,-136382.5621124
35,17.5,948,9.374453381418e-13,7.991995717385e-12,-2.709584486142e-12,-687199.2661364,7466.076313278,-133394.1410088
35,17.5,949,9.775211655843e-13,8.155654177294e-12,-2.884609789825e-12,-684132.291848,1966.110785856,-135956.706295
35,17.5,950,9.385789711102e-13,7.925494671259e-12,-3.074521819467e-12,-684587.2154975,-489.9150430856,-132000.8474737
35,17.5,951,9.91823334219e-13,8.234966504283e-12,-3.422771387857e-12,-683174.6915496,473.7190949787,-137448.8252316
35,17.5,952,9.51791004435e-13,8.196914000904e-12,-3.502133699497e-12,-690089.4981957,-3523.849971515,-136149.9723357
35,17.5,953,9.69510023261e-13,8.187543883995e-12,-2.970891395319e-12,-669018.6899486,-1741.894574394,-136463.658405
35,17.5,954,9.630535398497e-13,8.029518678799e-12,-3.49051259368e-12,-685986.454432,-3266.293777658,-134428.1436679
35,17.5,955,1.011186177282e-12,8.154251578261e-12,-3.459452294734e-12,-693647.3935013,1090.585177846,-136532.8371
35,17.5,956,9.737827175458e-13,8.068333022061e-12,-3.382765170038e-12,-707222.514316,-6244.417509453,-135005.0891004
35,17.5,957,9.758377225016e-13,8.136774457929e-12,-2.701706222517e-12,-663395.1709078,322.4416213645,-135667.1218555
35,17.5,958,9.373448487545e-13,7.993832230291e-12,-3.241625427484e-12,-669771.6540759,792.1019155875,-133877.7325542
35,17.5,959,1.010751251009e-12,8.153279128395e-12,-2.794436272435e-12,-676456.6900962,2880.487264669,-136442.0113521
35,17.5,960,9.212015573795e-13,7.981633023302e-12,-3.290564279e-12,-682867.9168333,-1237.067551778,-133156.5614721
35,17.5,961,9.757559922226e-13,8.229703110475e-12,-2.702127738724e-12,-674814.4976122,1084.885337583,-137088.4391105
35,17.5,962,9.975975778522e-13,8.190441874286e-12,-2.285534782566e-12,-673733.4133262,8484.386042197,-136731.1360173
35,17.5,963,9.527606754942e-13,8.000258517485e-12,-3.119231449055e-12,-671614.5671515,-2512.208434137,-133429.5800229
35,17.5,964,1.04759912031e-12,8.38111586267e-12,-3.227667831792e-12,-682609.8175236,-5061.813936613,-139264.0343327
35,17.5,965,9.786592951637e-13,8.152572391976e-12,-2.698298842026e-12,-670442.3638219,151.9657975963,-136626.1729853
35,17.5,966,1.005012298231e-12,8.206058860781e-12,-2.961783643056e-12,-680492.0944753,4097.409753521,-137000.0227252
35,17.5,967,9.775088932637e-13,8.184725378275e-12,-3.238902141716e-12,-691437.5882179,-695.3801331294,-136409.8845144
35,17.5,968,9.635702099317e-13,8.038290015192e-12,-2.915490522867e-12,-671372.1590548,1439.119947507,-134196.2624107
35,17.5,969,9.316214084206e-13,8.104339246366e-12,-2.972304146156e-12,-682206.1117437,-616.60174435,-135342.7858744
35,17.5,970,1.028341179204e-12,8.312192235044e-12,-3.076167606775e-12,-681142.0923703,-309.9688769832,-138661.1996363
35,17.5,971,9.34489884341e-13,8.006716222776e-12,-3.134683907316e-12,-661704.8039583,-2824.262062489,-133830.3810935
35,17.5,972,9.311520967983e-13,8.006727018781e-12,-2.782104071255e-12,-671585.3622284,3276.222337378,-133674.8765203
35,17.5,973,1.010116610286e-12,8.269188625582e-12,-3.017355422017e-12,-676914.8123255,-4632.964857016,-137942.0965212
35,17.5,974,9.858996816304e-13,8.163989169627e-12,-2.984932572114e-12,-669149.3379315,-1501.471022116,-136101.4173571
35,17.5,975,9.307123817715e-13,7.995875055677e-12,-2.624121469158e-12,-671919.8129188,3197.821421732,-133204.8448881
35,17.5,976,9.415976910668e-13,8.087714744144e-12,-2.645681301343e-12,-681812.0832879,450.4431610152,-135304.0845117
35,17.5,977,9.601454508521e-13,7.997253289461e-12,-2.98034522448e-12,-683037.0444331,-24.71547535587,-133985.2812318
35,17.5,978,9.81757637363e-13,8.156398107055e-12,-2.909287216454e-12,-684434.7983772,505.9926260925,-136506.3531773
35,17.5,979,9.694138159697e-13,8.129972403284e-12,-2.837069265643e-12,-669099.9936935,-552.0070844615,-136211.7609655
35,17.5,980,9.805405358584e-13,8.101596791443e-12,-2.970413354856e-12,-661077.2967158,-462.2192862162,-134659.8751036
35,17.5,981,9.823921367301e-13,8.106089512061e-12,-2.908470864904e-12,-679266.1472256,-2185.199705249,-135636.2815592
35,17.5,982,9.544167283379e-13,7.926678190292e-12,-2.864539537496e-12,-666524.1958042,-1150.225119074,-132766.5978487
35,17.5,983,1.01459331503e-12,8.212338107903e-12,-2.974548191193e-12,-683056.2691917,-916.0716569491,-137279.9099212
35,17.5,984,1.00633576773e-12,8.220558166874e-12,-3.206283712352e-12,-687969.7233153,2410.001983891,-137198.1649341
35,17.5,985,1.019401063827e-12,8.292422394366e-12,-3.115483923493e-12,-686380.9622386,-616.7882414067,-137788.0195247
35,17.5,986,9.877814629705e-13,8.17188377087e-12,-2.454876619213e-12,-664023.6195559,6724.38604617,-136397.0422132
35,17.5,987,9.307558543871e-13,7.954481107609e-12,-2.794006697836e-12,-685388.8296402,1719.742188178,-132600.459757
35,17.5,988,9.919683247107e-13,8.229476292361e-12,-3.154150745228e-12,-687950.4905004,857.3816504345,-137458.3029491
35,17.5,989,9.918626757652e-13,8.186103393139e-12,-3.435442461816e-12,-706255.9516596,-605.7146492975,-136598.9589963
35,17.5,990,9.500515342332e-13,8.099538213982e-12,-3.229004215705e-12,-683580.967106,-2082.319904117,-134973.1728119
35,17.5,991,9.967675148277e-13,8.154042278304e-12,-2.984056639999e-12,-677219.4993793,-2574.354417916,-136015.6451547
35,17.5,992,1.044031430552e-12,8.245659881871e-12,-3.193667374663e-12,-688127.0179456,-2286.887665512,-137769.5670265
35,17.5,993,9.37927448493e-13,8.120309619306e-12,-2.540799852115e-12,-642218.3988383,3752.080715956,-135231.7417461
35,17.5,994,9.431908542798e-13,8.019151255723e-12,-3.006070690923e-12,-684644.8230393,3202.529237105,-133505.5980874
35,17.5,995,9.680890497945e-13,8.128348510162e-12,-2.965871021479e-12,-678376.5849447,-784.8405727284,-135696.4673336
35,17.5,996,9.778512708013e-13,8.127577220727e-12,-3.22726799639e-12,-682882.8864262,133.5216709744,-136087.2686881
35,17.5,997,9.786354750029e-13,8.161449466461e-12,-2.907018499081e-12,-681646.0673292,6632.425277634,-136348.1482583
35,17.5,998,8.987763475244e-13,7.79390444457e-12,-2.55180013544e-12,-648632.4203948,4138.110456302,-129746.5412203
35,17.5,999,9.301890897585e-13,7.988946964434e-12,-3.419569925938e-12,-697423.8892367,-126.6697951944,-133803.5253539
35,17.5,1000,9.165100080113e-13,8.133074553126e-12,-3.493767579489e-12,-697060.6292184,-1145.133206076,-135318.7107593
40,20,1,-2.721008240877e-12,1.722446241289e-11,-9.202874051195e-12,1515036.083376,-3572.512748273,-286608.44701
40,20,2,-2.771029133009e-12,1.73361250353e-11,-1.14136172458e-11,1578531.910645,-32175.41017118,-288870.3460339
40,20,3,-2.931837439798e-12,1.775589107e-11,-8.929553412671e-12,1565008.399161,3871.233271917,-297677.7295722
40,20,4,-2.760668893914e-12,1.739734972515e-11,-8.910034483829e-12,1551976.094554,11411.74987523,-288974.4710321
40,20,5,-2.908193091639e-12,1.805268207924e-11,-9.0673858021e-12,1586206.26302,5237.116390766,-300561.0634943
40,20,6,-2.796830768176e-12,1.699114450708e-11,-1.069993730148e-11,1560279.849645,-21482.03277451,-284755.2284123
40,20,7,-2.894204073141e-12,1.753711187617e-11,-1.029901463239e-11,1545631.121454,-11033.20443882,-290968.6108041
40,20,8,-2.922425033614e-12,1.789451019452e-11,-9.330640252709e-12,1580161.269929,12081.09970187,-297956.4268021
40,20,9,-2.917796597342e-12,1.781018788465e-11,-1.136900528302e-11,1594036.531126,-32149.3119084,-298025.4219184
40,20,10,-2.927281678118e-12,1.759857208321e-11,-9.246640285184e-12,1582730.031114,14869.6975904,-293666.5504789
40,20,11,-2.714331560571e-12,1.717956804901e-11,-8.188373715722e-12,1564769.366368,22666.95168729,-285517.2937355
40,20,12,-2.856060927296e-12,1.722268052139e-11,-8.870674323546e-12,1549772.03906,20790.86542716,-287351.5568295
40,20,13,-2.954764236347e-12,1.79731475433e-11,-9.185124339508e-12,1559731.838171,3380.902996343,-299492.3668446
40,20,14,-3.177032189082e-12,1.834063984244e-11,-9.385150135865e-12,1530861.85009,-9228.829793045,-307947.9357249
40,20,15,-2.769580833831e-12,1.722754254118e-11,-1.004834245685e-11,1559226.154731,-7720.0206308,-287531.653491
40,20,16,-2.677411086327e-12,1.717079567932e-11,-9.215453224558e-12,1563306.329043,-800.0203699382,-286758.6253871
40,20,17,-2.777139790878e-12,1.754133410064e-11,-1.036642935311e-11,1581267.414738,-8077.621632574,-290620.7226055
40,20,18,-2.881524940145e-12,1.765274431764e-11,-1.000577709655e-11,1558086.165136,-13216.35233191,-294340.607635
40,20,19,-2.924948514632e-12,1.788037232179e-11,-8.757804877566e-12,1550339.536228,9425.005757999,-297151.8999173
40,20,20,-2.932098256208e-12,1.751104527958e-11,-8.712068035526e-12,1538634.995692,13501.25215498,-293152.129666
40,20,21,-2.970651619422e-12,1.775211284282e-11,-1.037143160172e-11,1598254.659894,6422.330421112,-297512.3722148
40,20,22,-2.879481468481e-12,1.777431376852e-11,-1.019086870671e-11,1614479.047159,370.5959823286,-297332.2617826
40,20,23,-3.154269822848e-12,1.824696690985e-11,-1.035038492708e-11,1551764.866777,-10765.74020557,-303929.8676828
40,20,24,-2.640443150401e-12,1.693285125642e-11,-8.563220277617e-12,1510457.77652,4007.835601461,-280952.7686436
40,20,25,-2.730143298732e-12,1.700588944626e-11,-1.05735186927e-11,1614296.108399,7414.959201611,-283742.8988701
40,20,26,-2.808339408527e-12,1.737051819472e-11,-9.286640945958e-12,1565381.053503,5675.878450618,-290865.9623869
40,20,27,-2.649679357149e-12,1.708728893593e-11,-8.485994532304e-12,1506052.819132,7101.371713425,-284361.3186448
40,20,28,-3.053083138664e-12,1.787160933599e-11,-1.103839869212e-11,1552082.914004,-30345.20604572,-301199.9848117
40,20,29,-2.890810753973e-12,1.776956351185e-11,-8.785699575888e-12,1555464.913418,14276.59332892,-295390.0967821
40,20,30,-2.626478244217e-12,1.696055852167e-11,-1.069997301751e-11,1557207.411395,-24596.56655277,-281672.0527712
40,20,31,-2.616101646891e-12,1.695442125416e-11,-9.039790042042e-12,1526631.367585,-4350.573167152,-283243.339855
40,20,32,-2.812315944045e-12,1.734112594797e-11,-7.654307326109e-12,1541683.264979,23748.75345048,-290176.7669327
40,20,33,-2.711716803188e-12,1.741351669423e-11,-9.163678348386e-12,1528386.0241,1073.762593217,-291206.8758002
40,20,34,-2.873566623186e-12,1.755428941322e-11,-1.008238857518e-11,1556417.361583,-4255.878012895,-294558.5092474
40,20,35,-2.885417512692e-12,1.747477990761e-11,-9.766984857408e-12,1580495.508507,2477.817978686,-291642.2010543
40,20,36,-2.734720354936e-12,1.709261014043e-11,-8.99562521414e-12,1513861.676697,1311.463446901,-284921.5009255
40,20,37,-2.906779581893e-12,1.766597198555e-11,-1.117132562576e-11,1581907.340388,-18149.72172097,-295484.510545
40,20,38,-2.994118721171e-12,1.789135373262e-11,-9.20824149304e-12,1565129.820492,6415.715708744,-299548.6827712
40,20,39,-2.80695191197e-12,1.76122728775e-11,-9.907033512125e-12,1602021.045385,1375.927348276,-293765.8032439
40,20,40,-3.052267600531e-12,1.803497190446e-11,-9.644241014715e-12,1536892.287513,-6615.003445948,-303924.8890289
40,20,41,-2.727988117115e-12,1.701710137456e-11,-9.699324579708e-12,1541216.030792,-6246.558146671,-283117.6973704
40,20,42,-3.121890796915e-12,1.842617304645e-11,-8.799464809162e-12,1591502.999216,12095.96452655,-305833.1127073
40,20,43,-2.843098268089e-12,1.770954693368e-11,-1.058190491104e-11,1583108.373268,-9432.961414448,-295245.4295107
40,20,44,-2.929653936194e-12,1.75511443277e-11,-1.021285865772e-11,1593294.993732,-4832.476089618,-293826.7648176
40,20,45,-2.940250550474e-12,1.801741086252e-11,-9.467078517093e-12,1557407.596939,-3270.18587735,-300670.8051355
40,20,46,-2.731767488344e-12,1.695025661194e-11,-8.799073311288e-12,1528883.624255,2562.631566209,-283420.7809287
40,20,47,-2.904213407164e-12,1.775138878176e-11,-9.514531705697e-12,1564779.940854,2772.89486357,-295314.1514352
40,20,48,-3.095803956885e-12,1.826350060829e-11,-8.983345126676e-12,1600106.567244,10816.74027013,-305992.1893922
40,20,49,-2.920042807498e-12,1.773415783958e-11,-1.009811310079e-11,1530552.384753,-6585.784455788,-295675.762067
40,20,50,-2.80317380786e-12,1.766439238634e-11,-9.536835061467e-12,1661314.69552,28255.75202166,-292543.1751077
40,20,51,-2.583225172945e-12,1.671301038793e-11,-9.436990305981e-12,1568134.2627,5195.764948335,-278038.3667532
40,20,52,-2.453500615387e-12,1.61070637689e-11,-9.209884293881e-12,1566891.419815,15264.18006111,-271167.129717
40,20,53,-2.869618340779e-12,1.735825780443e-11,-1.088219714297e-11,1611467.099187,-1111.446624814,-291268.0659312
40,20,54,-2.921351820445e-12,1.763963116181e-11,-8.990971596553e-12,1536008.661933,4211.027346611,-294135.1948772
40,20,55,-2.815187390139e-12,1.740964064799e-11,-8.51903537539e-12,1501149.124173,7573.86716955,-290987.2872089
40,20,56,-3.055641153973e-12,1.815127075887e-11,-9.724856202777e-12,1531382.229826,-2093.922175909,-303255.683275
40,20,57,-2.988692885409e-12,1.776173615499e-11,-1.085738295644e-11,1609207.55048,-9643.160897784,-296900.6754543
40,20,58,-2.766405582534e-12,1.732245131591e-11,-8.558947378629e-12,1545867.215297,15806.54329321,-289247.8414631
40,20,59,-2.847636876212e-12,1.767870171418e-11,-8.186183135573e-12,1552684.057815,15814.3371054,-294187.3517671
40,20,60,-2.611244173541e-12,1.683149271006e-11,-9.915445827849e-12,1549140.555438,-3603.618990838,-279577.8074031
40,20,61,-2.587024921993e-12,1.657655823506e-11,-8.861437489849e-12,1531673.27154,2593.808669646,-275398.4998792
40,20,62,-2.708940598112e-12,1.703580744503e-11,-9.461432526439e-12,1550236.199533,-3861.003115031,-285262.6699224
40,20,63,-2.704020223914e-12,1.70011319863e-11,-9.280589756766e-12,1535798.273066,3494.621943324,-284123.8961921
40,20,64,-2.684927991479e-12,1.706360514784e-11,-1.01061480118e-11,1590867.122639,-12896.43672272,-287501.3529615
40,20,65,-2.701020699397e-12,1.673739058185e-11,-1.083701901199e-11,1574175.606575,-15265.95845499,-281810.9213666
40,20,66,-2.556713302661e-12,1.654947168961e-11,-9.36409443516e-12,1573152.293901,7371.975187943,-275072.4918479
40,20,67,-2.6245189685e-12,1.667937981632e-11,-9.608906001034e-12,1570773.657169,5057.575764228,-278362.5380811
40,20,68,-2.840378622279e-12,1.74270633247e-11,-8.810814725707e-12,1579422.128848,7146.621372535,-291010.5392547
40,20,69,-2.686433078693e-12,1.72047899254e-11,-9.261388807624e-12,1540241.338796,2512.688306562,-286777.32062
40,20,70,-2.84850875031e-12,1.74713290819e-11,-8.64505393983e-12,1524444.488537,6695.747654001,-292051.5849371
40,20,71,-2.555324528758e-12,1.683432411479e-11,-1.194158300777e-11,1608068.760054,-16945.57655235,-280917.9532507
40,20,72,-2.757033996435e-12,1.73164265719e-11,-1.028343324568e-11,1581511.721993,-4043.847692242,-290918.7055478
40,20,73,-2.84196741075e-12,1.753128947597e-11,-1.012803030211e-11,1576133.478508,-10874.48000418,-292247.1037376
40,20,74,-2.849123823037e-12,1.727947233002e-11,-9.369473032601e-12,1546737.933431,-7760.810200085,-287264.0353634
40,20,75,-2.892351865847e-12,1.754883155878e-11,-9.606382857181e-12,1569437.677117,3230.471738872,-291503.5085838
40,20,76,-2.572830261991e-12,1.655034679921e-11,-8.566390457952e-12,1491887.286319,-2393.601864105,-276980.4366398
40,20,77,-2.964836005756e-12,1.762775139585e-11,-1.017775771967e-11,1560006.809885,851.42937511,-294982.5288417
40,20,78,-2.658293644209e-12,1.66513203283e-11,-7.963988633238e-12,1536054.785892,15332.22563011,-278376.6916543
40,20,79,-2.752741044311e-12,1.74745848034e-11,-1.035049345507e-11,1558228.653558,-15303.7938996,-292353.3823015
40,20,80,-2.941601738296e-12,1.793176054895e-11,-1.087050938919e-11,1596109.164072,-5251.13693085,-299168.0714294
40,20,81,-2.590491865306e-12,1.667026424575e-11,-8.779301226395e-12,1558450.217494,15412.57532643,-278126.392008
40,20,82,-2.886347403253e-12,1.763321134034e-11,-8.354333126198e-12,1556017.273323,14588.12074787,-293607.0994622
40,20,83,-2.750259866931e-12,1.724598408041e-11,-8.516152609018e-12,1534813.966928,9324.852576128,-288710.3228995
40,20,84,-2.78272411131e-12,1.734534829034e-11,-7.628627747369e-12,1537401.687506,23123.8046119,-288265.6712764
40,20,85,-2.824768537468e-12,1.727458456833e-11,-9.434309254385e-12,1532767.205256,2324.710689995,-288914.6928567
40,20,86,-2.868317498331e-12,1.77634408215e-11,-9.600824216771e-12,1577649.537214,6599.160344889,-296311.06223
40,20,87,-2.792434778712e-12,1.74419171208e-11,-9.633876024498e-12,1590434.908151,2617.610352964,-291944.05644
40,20,88,-3.03754670865e-12,1.821604853674e-11,-9.046827827646e-12,1518826.555403,2364.34054261,-304160.6765138
40,20,89,-2.823463763553e-12,1.738050250817e-11,-9.892936638161e-12,1531305.905975,-15328.76478859,-289672.3648312
40,20,90,-3.102998324833e-12,1.812882943924e-11,-9.390105761828e-12,1570926.093615,3876.04010457,-302537.6412339
40,20,91,-2.744958380367e-12,1.741063513641e-11,-1.011329991191e-11,1558510.645617,-15933.36794903,-291223.6518241
40,20,92,-2.896355589028e-12,1.729235145922e-11,-8.317930987572e-12,1501775.373854,-602.2202670072,-289243.5742283
40,20,93,-2.661459201243e-12,1.690948660758e-11,-8.290707527539e-12,1519315.804431,7312.74015067,-281213.8731998
40,20,94,-2.734760313277e-12,1.734330902092e-11,-9.04093430001e-12,1553931.220695,6679.557775383,-289605.0696669
40,20,95,-2.771656656703e-12,1.721943549202e-11,-7.876158876422e-12,1515651.191727,9744.85103625,-288557.6412115
40,20,96,-2.969465436119e-12,1.788853520637e-11,-8.08585679216e-12,1565594.795649,23859.53630934,-297948.4415657
40,20,97,-2.709552909005e-12,1.713730533479e-11,-9.703382459228e-12,1588383.828521,13843.05518648,-286255.7666297
40,20,98,-2.696804444609e-12,1.699958640509e-11,-8.572875678033e-12,1475354.122988,-7600.849933646,-285268.640793
40,20,99,-2.641241863943e-12,1.677677277168e-11,-9.633370427144e-12,1509936.5633,-9593.738842235,-280672.3355297
40,20,100,-2.942809854907e-12,1.783759728766e-11,-1.086329847149e-11,1617252.661014,-10343.32533895,-298059.7163282
40,20,101,-2.756711782037e-12,1.733166057133e-11,-1.076689270558e-11,1566183.634314,-18819.69656268,-290284.1678465
40,20,102,-2.897654233987e-12,1.777086946998e-11,-8.503626693279e-12,1547868.896493,12003.10062021,-297141.1074237
40,20,103,-2.666239137314e-12,1.696124991326e-11,-9.014487671587e-12,1530691.710198,825.4881798508,-282560.3536123
40,20,104,-2.934802641085e-12,1.800044946393e-11,-8.079433210216e-12,1544517.166384,8417.589192404,-299934.5655051
40,20,105,-2.67449243773e-12,1.700913499004e-11,-8.883956727894e-12,1487427.992586,-5536.38856434,-282872.1825931
40,20,106,-2.749717880286e-12,1.712781188494e-11,-8.639273766518e-12,1542227.473274,13750.32330526,-285494.8982064
40,20,107,-2.723524822219e-12,1.70482526687e-11,-1.004549106736e-11,1591825.437096,-2288.638086452,-284396.2693975
40,20,108,-2.65232569115e-12,1.697757170368e-11,-9.134541282356e-12,1550124.03665,10266.39248798,-283019.1813356
40,20,109,-2.737453471396e-12,1.705979099661e-11,-9.738271323301e-12,1541021.725016,-11984.33531251,-286907.3778017
40,20,110,-2.738083469269e-12,1.687500807766e-11,-9.609355225385e-12,1576147.183268,449.9403759288,-281635.8401001
40,20,111,-2.690552139083e-12,1.701898226449e-11,-9.92204696677e-12,1593416.90776,7517.499101355,-284097.2964167
40,20,112,-2.909375577711e-12,1.779599285396e-11,-1.10391044098e-11,1595665.988318,-24409.81944348,-298358.7251636
40,20,113,-2.699935617481e-12,1.685817653467e-11,-8.115919214242e-12,1511429.15261,14516.32669769,-282757.8533331
40,20,114,-2.913125915406e-12,1.791596353188e-11,-9.991867653459e-12,1593343.689233,-1896.494700752,-299053.212754
40,20,115,-2.892858700221e-12,1.75668934577e-11,-9.043213916625e-12,1542683.35441,-6604.755096553,-294496.6019122
40,20,116,-2.81701718751e-12,1.759121692405e-11,-9.428385213321e-12,1551890.553994,-11120.58509213,-293261.2184275
40,20,117,-2.608446544256e-12,1.691190524047e-11,-8.758276206934e-12,1544795.910227,-792.3213449621,-281551.7471961
40,20,118,-2.93535969222e-12,1.766651136324e-11,-1.068019668695e-11,1600512.582947,-3385.395431285,-294950.1872776
40,20,119,-2.668967243334e-12,1.706460768047e-11,-8.748675329096e-12,1527421.69245,6265.544737282,-284631.8663637
40,20,120,-2.840296488231e-12,1.711372007335e-11,-9.807231793247e-12,1571729.090285,-11018.02792559,-286212.3909372
40,20,121,-2.676319773008e-12,1.690308408503e-11,-1.000552301333e-11,1568293.214858,-6422.318324532,-282119.9771079
40,20,122,-2.811922287044e-12,1.74830770648e-11,-9.972287605758e-12,1534346.354499,-17478.49264985,-291484.1430266
40,20,123,-2.68375190292e-12,1.693348383745e-11,-9.367878919954e-12,1559021.196281,-6858.834200238,-283334.4329249
40,20,124,-2.760301319666e-12,1.749415778504e-11,-9.01111946365e-12,1588665.102318,16601.07973523,-290497.0030133
40,20,125,-2.854878987142e-12,1.745148978365e-11,-9.34575559415e-12,1574855.825815,6307.017692852,-290239.0289455
40,20,126,-2.777846689633e-12,1.728397607315e-11,-1.070582008239e-11,1526842.028007,-18484.87359297,-288354.2332393
40,20,127,-2.423881283596e-12,1.641558331451e-11,-9.862288096932e-12,1520025.846545,-15316.86990409,-273293.8102162
40,20,128,-3.012480620677e-12,1.779815011669e-11,-9.497973248502e-12,1529582.685118,-8954.441132623,-297529.7212744
40,20,129,-2.697895874144e-12,1.711258189441e-11,-9.615109071592e-12,1556410.748282,-7174.459414338,-286650.9188488
40,20,130,-3.004776082731e-12,1.775318481648e-11,-9.361283417788e-12,1599479.212185,7307.076543315,-296694.1599528
40,20,131,-2.962286896946e-12,1.764428191036e-11,-1.048485700837e-11,1537207.294738,-19360.75246151,-295003.1563955
40,20,132,-2.686279150941e-12,1.705587761311e-11,-8.128249890602e-12,1584198.888946,22116.35145836,-284228.9280188
40,20,133,-2.882855910794e-12,1.76296460058e-11,-1.010311195447e-11,1583187.272128,-5799.964712017,-294122.8264576
40,20,134,-2.568051860996e-12,1.651282150079e-11,-8.870040424787e-12,1529900.315293,-143.020561438,-275456.6336161
40,20,135,-2.766068874877e-12,1.726630300408e-11,-9.867296861372e-12,1572938.575087,-839.5356428944,-287760.3930228
40,20,136,-2.858153100733e-12,1.761786855278e-11,-9.499016081827e-12,1588927.705537,1547.092250091,-294479.7204671
40,20,137,-2.657244482418e-12,1.683140638092e-11,-9.421149456031e-12,1544120.351247,4501.635798657,-281839.653379
40,20,138,-2.770938915041e-12,1.744138865963e-11,-8.701833224106e-12,1540138.82594,5262.934435505,-292416.8007853
40,20,139,-2.923579811969e-12,1.775776534782e-11,-1.033787074819e-11,1603209.912279,-9860.069276674,-297362.3229932
40,20,140,-2.899076856791e-12,1.789403514912e-11,-8.506051724579e-12,1540237.965162,6957.59630986,-298508.4084635
40,20,141,-2.671435424146e-12,1.678141011237e-11,-8.582208355097e-12,1551536.199071,13319.57986633,-282283.3487333
40,20,142,-2.652561821885e-12,1.720786576512e-11,-9.91651329918e-12,1530190.311773,-4531.326425665,-284184.0916687
40,20,143,-2.854884363076e-12,1.740152673638e-11,-1.098468865666e-11,1595017.247237,-15177.28587249,-290913.192268
40,20,144,-2.65876406035e-12,1.679426574881e-11,-1.018666793513e-11,1586166.677326,48.21415813887,-280758.1491605
40,20,145,-2.774159088902e-12,1.739281487571e-11,-7.55628712502e-12,1530041.160655,20537.71748959,-292210.416865
40,20,146,-2.549674097334e-12,1.694318592024e-11,-9.595851680904e-12,1563683.139789,423.7225614227,-283269.5173145
40,20,147,-2.702490700697e-12,1.700203496916e-11,-1.032752405113e-11,1542022.990062,-4147.78215376,-285317.4160645
40,20,148,-3.056701948287e-12,1.803411983261e-11,-1.014781788042e-11,1616742.527104,-8326.527933043,-301319.9748455
40,20,149,-2.98937038077e-12,1.795297369903e-11,-9.920196408009e-12,1548206.766048,-4896.653327245,-299776.0352848
40,20,150,-2.889162038237e-12,1.75667735932e-11,-9.819626975885e-12,1544876.916033,-2942.917693055,-294019.7443367
40,20,151,-2.815757815883e-12,1.739035941744e-11,-7.977724850843e-12,1536446.886126,19697.10596188,-291332.2466636
40,20,152,-2.775534512762e-12,1.741639543003e-11,-1.031788304864e-11,1558352.028587,-16967.3634837,-290977.8140878
40,20,153,-2.853491713359e-12,1.749307282761e-11,-9.354861316618e-12,1575507.858803,-470.9892410164,-292067.6000702
40,20,154,-2.686413275292e-12,1.715044441741e-11,-1.005550644039e-11,1537967.540265,-18259.38101572,-286011.1041139
40,20,155,-2.752060813394e-12,1.701430945424e-11,-8.166806690604e-12,1487468.74315,908.6276605502,-285547.2423017
40,20,156,-2.670448282333e-12,1.71889492864e-11,-1.012834358163e-11,1526110.451887,-11522.02703352,-285042.4656109
40,20,157,-3.061528506472e-12,1.81513812327e-11,-1.012012846873e-11,1630879.247331,4302.610856486,-304204.3720686
40,20,158,-2.923551882286e-12,1.781256253238e-11,-9.651466528092e-12,1572565.970057,-1257.655563054,-297813.6992373
40,20,159,-2.900944481279e-12,1.767202062946e-11,-8.565468326321e-12,1566415.732138,17905.12002436,-294295.1374149
40,20,160,-2.54048953377e-12,1.64229451889e-11,-7.801871043072e-12,1503591.073754,15948.5638469,-274123.026113
40,20,161,-2.840327608771e-12,1.733302740819e-11,-8.452331795582e-12,1517120.291461,6177.754407729,-288950.9754755
40,20,162,-2.778468501091e-12,1.711128136145e-11,-1.012351252221e-11,1545376.517971,-18819.32273262,-287791.2288888
40,20,163,-2.796212836926e-12,1.738843325572e-11,-8.265692329517e-12,1574332.67661,19260.610245,-290784.9771367
40,20,164,-2.816057836851e-12,1.747142320575e-11,-8.645438553387e-12,1530407.509812,4756.927544402,-291832.7517646
40,20,165,-2.696457683458e-12,1.701312544503e-11,-9.279533495996e-12,1595209.390406,16764.67547397,-283975.8448776
40,20,166,-2.585311602585e-12,1.63176970383e-11,-8.520686464729e-12,1572265.7738,15300.69204193,-277499.2996027
40,20,167,-2.652939261323e-12,1.682088170369e-11,-8.789772751149e-12,1548005.376923,2644.382076082,-281400.4213902
40,20,168,-2.924916641569e-12,1.765350886058e-11,-9.149226614744e-12,1528761.682903,3250.6625927,-295493.6534586
40,20,169,-2.757330411956e-12,1.730932016727e-11,-1.060957221913e-11,1607222.030279,-6687.372037173,-288246.1935198
40,20,170,-2.912977607279e-12,1.761946173111e-11,-1.047578204419e-11,1577320.763357,-14475.9212659,-296047.5760503
40,20,171,-2.834380411826e-12,1.760003102062e-11,-9.307276768987e-12,1558501.072121,9551.612893229,-292918.6670004
40,20,172,-2.70062039579e-12,1.703229177092e-11,-9.292048904866e-12,1537585.811291,-3727.239695296,-285738.1217293
40,20,173,-2.817901003618e-12,1.747635278685e-11,-8.618823911363e-12,1524559.217899,10846.51798732,-292077.7099497
40,20,174,-2.842670698649e-12,1.763136488447e-11,-8.89242859396e-12,1553601.118511,6473.661854564,-294023.3638458
40,20,175,-2.907310056399e-12,1.752083050753e-11,-9.200320273005e-12,1529721.309002,874.8444320556,-293117.2215638
40,20,176,-2.775427379492e-12,1.755708656112e-11,-9.438630984279e-12,1574822.49422,6013.634617082,-292252.455872
40,20,177,-2.836862707598e-12,1.739833869013e-11,-9.936878939244e-12,1585408.01772,-9328.515224652,-291092.2395807
40,20,178,-2.887232912952e-12,1.760311479709e-11,-8.759971812811e-12,1564263.38164,10304.10621518,-294771.8804214
40,20,179,-3.181740851566e-12,1.817265670839e-11,-1.06663448276e-11,1611692.861016,-2534.26551387,-304315.6772407
40,20,180,-2.811551795529e-12,1.738432518487e-11,-9.676449340693e-12,1541653.275049,-9229.311007405,-291221.4635538
40,20,181,-2.862105587561e-12,1.748641238717e-11,-9.778169347624e-12,1542897.425936,1188.796726208,-291402.5887721
40,20,182,-2.699241659796e-12,1.735242598044e-11,-1.093998272782e-11,1571940.518803,-21436.47771369,-289190.4286458
40,20,183,-2.91965437473e-12,1.808944283677e-11,-8.031212517676e-12,1556010.602488,16411.44557809,-299414.3577298
40,20,184,-2.881694593143e-12,1.74071237349e-11,-1.113148545777e-11,1570903.733815,-25142.36195356,-291080.8403676
40,20,185,-2.838136519895e-12,1.764392507356e-11,-9.483292024353e-12,1598721.056817,4378.126613069,-295514.5531531
40,20,186,-2.945063639538e-12,1.781850226559e-11,-7.183885227982e-12,1511246.101144,16485.29731104,-297990.9186428
40,20,187,-2.682546929542e-12,1.685976671747e-11,-9.533248646301e-12,1583250.325264,-2836.122667373,-280985.2223637
40,20,188,-2.711111741734e-12,1.692336550215e-11,-9.56902813762e-12,1547557.741259,-4552.459873498,-283976.9039328
40,20,189,-2.861717443165e-12,1.760404396312e-11,-1.033211206497e-11,1542317.003244,-13688.31408886,-292769.8301667
40,20,190,-2.607441563999e-12,1.663337484007e-11,-7.215205832984e-12,1529549.075144,28494.67157068,-277505.839842
40,20,191,-2.826998836015e-12,1.763876610863e-11,-1.168028112983e-11,1655784.589228,-6852.993700566,-293971.6773684
40,20,192,-2.803877625107e-12,1.744565291154e-11,-9.295593454382e-12,1596171.465874,94.57930280395,-291748.1842219
40,20,193,-2.923601497247e-12,1.748647233067e-11,-7.884386114522e-12,1538821.40638,14473.2433408,-291183.405449
40,20,194,-2.827236821913e-12,1.731931143094e-11,-9.197842528697e-12,1522098.450747,-6027.666206827,-290189.6192266
40,20,195,-2.801390526649e-12,1.735244094606e-11,-9.174301219553e-12,1532575.51154,4169.396012308,-290859.4891374
40,20,196,-2.648158736429e-12,1.689499664634e-11,-8.474699278683e-12,1519085.736207,10164.40762926,-283506.9296834
40,20,197,-2.984367510728e-12,1.80486585104e-11,-8.102631488432e-12,1602821.338405,27860.72045844,-301478.9169965
40,20,198,-2.802929581773e-12,1.736742014772e-11,-8.381576205391e-12,1512557.449337,7627.248763523,-289309.60684
40,20,199,-2.712783796654e-12,1.704618343833e-11,-9.493814834609e-12,1515216.421986,-14397.59797035,-284725.820358
40,20,200,-2.650033784229e-12,1.687073672911e-11,-8.629176820258e-12,1506885.247636,6793.618413219,-282444.6890606
40,20,201,-2.830509570317e-12,1.742574094075e-11,-9.090604609952e-12,1537229.680604,-4355.114919474,-291575.6718958
40,20,202,-2.751718049199e-12,1.749140864233e-11,-9.656666375599e-12,1551775.561556,-2378.213479195,-289558.0397948
40,20,203,-2.776758112076e-12,1.720545851065e-11,-9.608497293892e-12,1568853.962922,-3035.503749233,-286369.1101905
40,20,204,-2.863387767142e-12,1.762668663881e-11,-9.282845657832e-12,1593361.749986,2108.503635274,-292891.4297867
40,20,205,-2.856196040804e-12,1.740425436069e-11,-8.911859301033e-12,1550810.280992,7454.284153088,-291946.0396911
40,20,206,-3.134616904725e-12,1.843805937727e-11,-1.013491587922e-11,1597807.347025,-3845.158703545,-308765.5270736
40,20,207,-3.000846850996e-12,1.7788579408e-11,-9.638049676957e-12,1509134.539892,-18166.46205855,-299852.2952813
40,20,208,-2.729887076028e-12,1.716877143756e-11,-1.030031302426e-11,1533207.185166,-16513.51858901,-286964.1692679
40,20,209,-2.785807465465e-12,1.738346376852e-11,-9.515776411997e-12,1566730.341795,-4694.721465113,-291926.4272504
40,20,210,-2.786010236047e-12,1.767140601733e-11,-8.640288594059e-12,1559940.271813,10763.43598032,-291721.7648426
40,20,211,-2.888908044952e-12,1.762319260764e-11,-9.709478854655e-12,1560085.15969,-2703.763946311,-292852.6871203
40,20,212,-2.938040724378e-12,1.783628481401e-11,-9.753660065867e-12,1537313.784638,-5607.358692862,-298046.0127209
40,20,213,-2.920404118117e-12,1.771189132557e-11,-8.983531642548e-12,1558597.237091,14032.28348405,-296558.2198816
40,20,214,-2.947881683443e-12,1.786288274576e-11,-9.427364424048e-12,1550896.994977,5221.541386933,-298712.8625376
40,20,215,-2.807668412114e-12,1.745116977907e-11,-9.78787224308e-12,1562104.522881,-3790.366266328,-289118.6399546
40,20,216,-2.754435652366e-12,1.724390777863e-11,-9.571443571401e-12,1557058.578088,161.0119875801,-287393.7979297
40,20,217,-2.732941655522e-12,1.724385082903e-11,-9.538331869962e-12,1516988.416397,-16634.32051319,-288472.7687622
40,20,218,-2.669765712696e-12,1.629202999915e-11,-1.023488792436e-11,1568415.574766,-15082.37415729,-276149.9584674
40,20,219,-2.87760401122e-12,1.746869299197e-11,-8.409807559605e-12,1560008.616732,10993.54975262,-291965.4625783
40,20,220,-2.929430862894e-12,1.782535538467e-11,-8.619698018871e-12,1565557.58698,13502.42001291,-296424.3127405
40,20,221,-2.677260774701e-12,1.701004511281e-11,-9.974779043987e-12,1558096.968903,-7130.147225361,-283493.1929796
40,20,222,-2.901075389373e-12,1.770827475522e-11,-9.766094134088e-12,1570988.09247,-3975.660426136,-295289.3802289
40,20,223,-2.981344398596e-12,1.771884340945e-11,-1.072244912819e-11,1552843.272069,-22788.01263273,-296000.4783411
40,20,224,-2.897369302022e-12,1.755122196686e-11,-1.029171991706e-11,1531862.547669,-11879.03683108,-294615.1751009
40,20,225,-2.71623506175e-12,1.702013845964e-11,-8.700360267843e-12,1508605.094577,5039.27372257,-282256.1841765
40,20,226,-2.783232492938e-12,1.737197819377e-11,-1.053633586131e-11,1605164.911561,-9236.020214471,-291131.0415847
40,20,227,-2.821412242938e-12,1.744475221687e-11,-8.95609670891e-12,1584004.280424,3366.718351962,-291439.0285968
40,20,228,-3.013257648192e-12,1.789768062955e-11,-1.020156533662e-11,1559081.146645,-17886.08095803,-299981.3239634
40,20,229,-3.037839897349e-12,1.824099278498e-11,-1.076145525476e-11,1645332.924558,3507.522099075,-304434.9526478
40,20,230,-2.777241911139e-12,1.72757910718e-11,-9.36397150386e-12,1604210.856972,5355.783091983,-288631.2588558
40,20,231,-2.892787420428e-12,1.763809183504e-11,-9.776238560621e-12,1560788.713727,-1131.26024296,-294375.4108459
40,20,232,-2.748764696592e-12,1.721112038633e-11,-1.071955603312e-11,1554076.437552,-14968.83557752,-286983.9863309
40,20,233,-2.834233036305e-12,1.743604917149e-11,-9.9756484773e-12,1576850.373548,-7099.501894895,-292720.1004973
40,20,234,-2.847624485544e-12,1.77010510082e-11,-7.504712767599e-12,1536030.192584,20993.54038455,-296188.5209276
40,20,235,-2.901650744161e-12,1.775815347263e-11,-8.653298043617e-12,1584006.950301,16344.65401481,-296911.4045646
40,20,236,-2.904864593138e-12,1.771655119362e-11,-8.915311824659e-12,1564815.03695,22839.0990006,-295462.5479304
40,20,237,-2.653455322079e-12,1.66793147986e-11,-9.995391065e-12,1586852.392598,-3985.123004004,-279224.9453953
40,20,238,-3.038496147885e-12,1.835570659413e-11,-9.430867954353e-12,1614566.790637,10301.82186209,-306847.3392815
40,20,239,-2.833886379395e-12,1.728040328768e-11,-9.705418744838e-12,1560584.435742,-2625.849234731,-288947.2271444
40,20,240,-3.027179697394e-12,1.780162934523e-11,-9.043523049078e-12,1576695.545334,11588.34468632,-297934.2194537
40,20,241,-3.03358564614e-12,1.774675984662e-11,-1.033823371103e-11,1538808.113983,-21745.98627062,-297360.8780787
40,20,242,-2.881341153431e-12,1.7647425737e-11,-1.065100205879e-11,1568045.315556,-13806.16648819,-294901.9387065
40,20,243,-2.790199648133e-12,1.742135968141e-11,-8.373804596733e-12,1521525.902987,14112.80180166,-290333.9301707
40,20,244,-2.700948038934e-12,1.685446553541e-11,-1.052899909973e-11,1556069.097042,-12982.86779215,-283859.563559
40,20,245,-3.066931856522e-12,1.787386789039e-11,-1.031019989512e-11,1605806.439701,2734.711920562,-301240.8464463
40,20,246,-2.65507187243e-12,1.677194040613e-11,-1.031625997666e-11,1563607.515361,-15522.82024777,-279314.2874824
40,20,247,-2.976385669984e-12,1.759021139515e-11,-1.000194933551e-11,1531898.541829,-15541.09768363,-295263.7515647
40,20,248,-2.983508759151e-12,1.792561353895e-11,-1.07784221607e-11,1587947.067188,-11656.87836717,-299821.5110657
40,20,249,-2.793781234016e-12,1.743124661588e-11,-1.003874017096e-11,1582776.744707,-8704.214411182,-290114.7317865
40,20,250,-3.062187757563e-12,1.840332968322e-11,-9.632479065826e-12,1625473.934365,15094.39729212,-307168.4995702
40,20,251,-2.508687111017e-12,1.644821525775e-11,-8.138396959849e-12,1556796.738247,28752.39921273,-273371.4404381
40,20,252,-2.895015004606e-12,1.770365861122e-11,-9.520094130418e-12,1568858.313473,-1922.307707755,-295370.865374
40,20,253,-2.739116215711e-12,1.718734712355e-11,-1.025927741769e-11,1613636.681269,1103.551276251,-287026.2703566
40,20,254,-3.090775179259e-12,1.840251336886e-11,-1.069456309423e-11,1594890.028058,-6876.736016599,-307465.9871879
40,20,255,-2.761043595551e-12,1.711548099719e-11,-1.13414729928e-11,1576937.403834,-26025.63104793,-284949.7028191
40,20,256,-3.045372367693e-12,1.802145412638e-11,-1.145239290713e-11,1624345.773067,-12364.73541279,-300301.5895126
40,20,257,-2.719440729071e-12,1.722475724225e-11,-8.434096667255e-12,1533975.114217,8039.027681514,-288012.9028619
40,20,258,-2.767335012751e-12,1.716042098947e-11,-8.93559448587e-12,1525020.909705,-402.8909775342,-288004.2841468
40,20,259,-2.801598865778e-12,1.765548650424e-11,-1.067090407151e-11,1575372.106901,-14617.15703618,-296234.1210954
40,20,260,-2.526026700758e-12,1.637278976901e-11,-8.59528181848e-12,1529714.533149,2669.528314244,-274071.6134167
40,20,261,-2.706924811952e-12,1.68170488882e-11,-9.472513030675e-12,1548348.344193,-3563.246165795,-282315.3247373
40,20,262,-2.457726471413e-12,1.636053976166e-11,-8.665861512152e-12,1540615.701954,3118.509786084,-272719.109526
40,20,263,-2.803069589494e-12,1.719436447241e-11,-1.019723167252e-11,1549284.292597,-10142.00978723,-288305.0935303
40,20,264,-2.39596599085e-12,1.62842593115e-11,-9.001073241485e-12,1513594.781793,632.9295015144,-271047.6223412
40,20,265,-2.906935140138e-12,1.76109568461e-11,-9.064951465133e-12,1591295.069962,12891.70527005,-293611.7821982
40,20,266,-2.578265537208e-12,1.668439865962e-11,-8.788034074036e-12,1514746.629166,-6251.696451917,-279757.9512981
40,20,267,-2.797479639039e-12,1.709184796216e-11,-9.003089243587e-12,1565511.347172,8314.803405282,-285715.3690849
40,20,268,-2.704233678416e-12,1.713614734674e-11,-1.048598946807e-11,1548831.835691,-14758.56642027,-284246.4574325
40,20,269,-2.798245755622e-12,1.732441695489e-11,-8.201918149e-12,1573046.530681,10967.44609869,-290154.2973976
40,20,270,-2.896021971357e-12,1.767825850439e-11,-9.582550593088e-12,1537947.900118,-3696.439385009,-294417.1166329
40,20,271,-2.928032227132e-12,1.793094134864e-11,-9.179484995926e-12,1562928.595501,2516.047986212,-299162.1941184
40,20,272,-2.571682335939e-12,1.685946442971e-11,-1.001478472649e-11,1576651.045228,-3547.262801067,-280393.9953871
40,20,273,-2.865981013729e-12,1.782922169756e-11,-9.672831272484e-12,1577060.507537,4352.216022926,-296983.4632995
40,20,274,-2.794854239069e-12,1.73055409529e-11,-1.063196449353e-11,1578422.418126,-10371.97915394,-288852.7602765
40,20,275,-2.745514886769e-12,1.715955467105e-11,-9.177581668063e-12,1556381.581606,11444.40867226,-287117.3044159
40,20,276,-2.751637668313e-12,1.722545835099e-11,-8.656419295016e-12,1572412.889747,9155.803948358,-287756.1531081
40,20,277,-2.984393028255e-12,1.788141657601e-11,-8.138339124911e-12,1582431.956009,21085.20052053,-297799.8397538
40,20,278,-2.816583983014e-12,1.76681509014e-11,-9.430683789188e-12,1588687.934442,11042.58233787,-293126.4087355
40,20,279,-2.939806723935e-12,1.766694851105e-11,-8.072070294593e-12,1605595.962419,34609.01895333,-296811.3297772
40,20,280,-2.88012098444e-12,1.726296270248e-11,-9.951019874174e-12,1561842.690363,-5353.257023143,-289825.3970921
40,20,281,-2.678219915245e-12,1.717887311975e-11,-1.00555763021e-11,1528519.183334,-25531.30607503,-286773.0806855
40,20,282,-2.880275713486e-12,1.753151142018e-11,-8.141209928128e-12,1531213.863989,17111.92304329,-292108.9443415
40,20,283,-2.761542822859e-12,1.73061613698e-11,-9.665590804856e-12,1578031.3299,3955.866452597,-288488.9701122
40,20,284,-2.7052267505e-12,1.700746623938e-11,-1.028665137317e-11,1604518.357019,1220.853970849,-284700.082476
40,20,285,-2.688866961216e-12,1.704800965319e-11,-8.353746158123e-12,1554298.65959,15512.07959662,-283255.875363
40,20,286,-2.856765981769e-12,1.765604187458e-11,-9.421863154687e-12,1556031.870933,-2823.498723126,-293788.3000562
40,20,287,-2.789653772526e-12,1.714652393852e-11,-9.827067719055e-12,1555441.68074,-7647.370919868,-287298.2264496
40,20,288,-2.602798764934e-12,1.677758247979e-11,-8.757511151222e-12,1534057.180647,1367.584023354,-279962.5292795
40,20,289,-2.734884499842e-12,1.699345131751e-11,-9.691885999579e-12,1524627.151745,-7298.32768392,-283978.7439941
40,20,290,-2.670594078462e-12,1.714873183894e-11,-9.428992486477e-12,1562831.613377,7160.615939814,-286512.4506824
40,20,291,-2.825760197905e-12,1.739147614664e-11,-9.802873808393e-12,1582403.516249,-7210.506907204,-291082.441492
40,20,292,-2.984521496157e-12,1.798388301854e-11,-8.437976841743e-12,1558506.20347,14535.41366793,-300463.3498445
40,20,293,-2.591231217463e-12,1.664144589953e-11,-8.763726893283e-12,1527195.498793,5786.053038673,-279299.28661
40,20,294,-2.805621343028e-12,1.748242036986e-11,-9.683165873655e-12,1552350.667788,5690.302200672,-290800.9167023
40,20,295,-2.811245171639e-12,1.730043679817e-11,-9.439232335011e-12,1529122.741374,-13354.787914,-289366.6801541
40,20,296,-2.618154530632e-12,1.676918285377e-11,-8.940849896622e-12,1486191.894522,-5941.453261797,-282167.5164545
40,20,297,-3.071906731303e-12,1.810459563397e-11,-9.722955777628e-12,1566450.131762,-1234.993251329,-303069.1884295
40,20,298,-2.599266852497e-12,1.687605464026e-11,-8.569243614957e-12,1552553.556482,1438.735732398,-282001.4322266
40,20,299,-3.016311670827e-12,1.79443916479e-11,-1.079015019052e-11,1583880.522406,-26587.58775008,-300429.7724393
40,20,300,-2.80948913002e-12,1.750120174502e-11,-8.93923682244e-12,1564921.18459,7882.165242426,-292152.2012177
40,20,301,-2.914407434362e-12,1.792847581056e-11,-9.134262075403e-12,1551226.740812,1013.384646589,-298670.9021803
40,20,302,-2.662108829302e-12,1.678721901397e-11,-8.625251596159e-12,1512578.875479,-4910.024445484,-280434.4363334
40,20,303,-2.950762432216e-12,1.761052009106e-11,-7.918368518042e-12,1544014.96609,22863.24437505,-292546.9018871
40,20,304,-2.595575709735e-12,1.687512943545e-11,-8.79169364261e-12,1525011.259041,962.6066407054,-282285.447476
40,20,305,-2.862999070837e-12,1.746359127397e-11,-9.978497715229e-12,1565531.87827,-3111.550941564,-291306.6833134
40,20,306,-2.625397451945e-12,1.692776052753e-11,-1.030949159621e-11,1572103.043452,-3739.275858295,-284043.7662435
40,20,307,-2.651959959631e-12,1.678408416003e-11,-9.024065866698e-12,1513257.445334,1076.451289596,-280769.0341352
40,20,308,-2.570275818532e-12,1.665782390506e-11,-9.539258053676e-12,1558015.357982,10467.9237833,-277895.5284177
40,20,309,-2.988710783534e-12,1.809976242274e-11,-1.043212009546e-11,1560091.544001,-9479.538476989,-302237.7873518
40,20,310,-2.563143316012e-12,1.662859246562e-11,-9.872140638466e-12,1544346.247891,-16113.26243995,-278124.1230111
40,20,311,-3.118922371085e-12,1.838377435635e-11,-7.893459262544e-12,1590065.908903,35755.33288157,-308143.1943007
40,20,312,-2.803744178762e-12,1.747273260148e-11,-1.08079344819e-11,1602552.366877,-7806.965174451,-292500.143175
40,20,313,-2.567808681177e-12,1.680244635493e-11,-8.673442594995e-12,1525523.109071,13996.50788007,-281126.9897091
40,20,314,-2.77714162145e-12,1.732068745427e-11,-8.671216675356e-12,1568463.288748,18972.42523886,-289334.9628655
40,20,315,-2.82905039686e-12,1.759900081982e-11,-1.040210349846e-11,1583786.156134,-21876.41192744,-293648.7048658
40,20,316,-2.581364567773e-12,1.688428682942e-11,-9.337826324588e-12,1567590.429474,-130.9604313922,-281548.5832252
40,20,317,-2.639711887052e-12,1.692165419087e-11,-1.054180760798e-11,1546893.088391,-13468.67365319,-281597.5324249
40,20,318,-2.888174737347e-12,1.772748896e-11,-8.228976674377e-12,1579650.916081,23802.28948446,-293627.6804661
40,20,319,-2.843407504027e-12,1.713063672385e-11,-9.180688552959e-12,1558934.272484,7324.26828197,-286235.4667897
40,20,320,-2.779687717584e-12,1.727781561134e-11,-9.110295779842e-12,1539384.604959,4801.506420626,-287814.2277593
40,20,321,-2.590080464471e-12,1.672163978897e-11,-1.031199430396e-11,1574741.480634,-8664.70116034,-280028.0513288
40,20,322,-2.877925466929e-12,1.773366766113e-11,-1.011461041976e-11,1584713.221907,-6407.423037789,-297027.9452978
40,20,323,-2.909384048439e-12,1.803827205335e-11,-1.007076118486e-11,1576542.332833,273.8028894371,-299743.9175469
40,20,324,-2.814059675822e-12,1.752075438572e-11,-1.063101179602e-11,1577591.016503,-10442.99410846,-292777.6772381
40,20,325,-3.013971983103e-12,1.805798480773e-11,-8.913526406618e-12,1568007.544597,14642.30777511,-302517.5109645
40,20,326,-2.986631844729e-12,1.7957422888e-11,-1.049092445284e-11,1586254.305802,-5515.84966616,-301298.5376237
40,20,327,-2.730177116932e-12,1.711798056343e-11,-1.108845990479e-11,1567910.710802,-23715.91486295,-288168.388266
40,20,328,-2.508522245524e-12,1.634966778383e-11,-8.314124146013e-12,1520175.257122,6650.015462977,-273705.8888995
40,20,329,-2.676111727807e-12,1.705198157871e-11,-8.516588796232e-12,1527210.796552,2581.1413169,-283777.1380506
40,20,330,-2.580780700122e-12,1.653751140079e-11,-9.806124975389e-12,1563863.005821,-10162.88240971,-276479.9830985
40,20,331,-2.581436085729e-12,1.683271884666e-11,-9.088494513499e-12,1586613.348266,14870.46739973,-281385.5570434
40,20,332,-2.97115953943e-12,1.791538374112e-11,-1.002992286215e-11,1557645.111755,-8145.419061576,-300459.6005904
40,20,333,-2.606513501119e-12,1.68137474642e-11,-9.819119050612e-12,1536741.101732,-7654.440390613,-280234.5729961
40,20,334,-2.628185675672e-12,1.681113736557e-11,-9.68453300199e-12,1555981.697235,-5599.456871283,-279433.7163831
40,20,335,-2.749483930291e-12,1.721996073393e-11,-1.095162887514e-11,1601330.711084,-24719.89050883,-287866.3973361
40,20,336,-2.894144072792e-12,1.727403172265e-11,-9.772768504788e-12,1592956.077695,5881.041063144,-290282.6337007
40,20,337,-2.659634050913e-12,1.685478641633e-11,-1.039687638157e-11,1574322.661707,-16295.46386569,-282030.0187849
40,20,338,-2.857208325997e-12,1.748477512244e-11,-8.666831971316e-12,1562378.442446,10154.98106761,-291343.099193
40,20,339,-2.860758462398e-12,1.740555691234e-11,-9.904242100777e-12,1563652.796324,-3059.257079785,-290167.0258407
40,20,340,-3.116248372731e-12,1.832145281991e-11,-8.722098633242e-12,1581687.487946,16755.88904569,-306886.4611307
40,20,341,-3.027815781279e-12,1.822664563844e-11,-8.508823757452e-12,1531768.229522,8816.76722978,-303567.4930564
40,20,342,-2.953276460584e-12,1.785248149644e-11,-9.232136706106e-12,1560696.624656,7026.646914605,-298250.4783702
40,20,343,-2.864487953711e-12,1.766907119596e-11,-8.131000907802e-12,1539849.397869,21925.78347995,-293898.0337396
40,20,344,-2.74447746265e-12,1.715512382849e-11,-9.381412929684e-12,1571162.531144,6669.071673391,-287372.1704643
40,20,345,-2.507952002186e-12,1.629396763709e-11,-1.063303189212e-11,1565682.156287,-16609.39188675,-271861.7635373
40,20,346,-2.616475525313e-12,1.700194275914e-11,-1.130221042715e-11,1582279.03976,-27111.05129993,-283934.9953964
40,20,347,-2.817681990892e-12,1.752095328087e-11,-9.891220279912e-12,1628225.595495,3839.911594572,-294175.0048595
40,20,348,-2.931253123825e-12,1.764278601732e-11,-8.783779627471e-12,1585354.447371,9154.089146305,-294289.4334733
40,20,349,-2.620058752034e-12,1.681883870026e-11,-9.192949653715e-12,1524804.413096,-8818.228387192,-281063.7906534
40,20,350,-2.725063292722e-12,1.701356970622e-11,-9.617602119688e-12,1525281.015865,-12385.53577557,-285662.9257191
40,20,351,-2.786016738763e-12,1.728203336984e-11,-1.094141141471e-11,1575078.875411,-16417.65695659,-290805.2708313
40,20,352,-2.598080969499e-12,1.693581255231e-11,-9.409706461346e-12,1577052.357318,6515.863756914,-281908.1333149
40,20,353,-3.075212640374e-12,1.832526708335e-11,-9.598684153637e-12,1597295.524973,-606.4773648629,-305191.0313881
40,20,354,-2.313593535409e-12,1.57481135575e-11,-8.989572525484e-12,1539056.028805,-7226.315195105,-263026.5048176
40,20,355,-2.843504079636e-12,1.737423191679e-11,-1.069181376501e-11,1596266.368197,-10261.41494598,-290871.3592209
40,20,356,-2.607040123045e-12,1.672609989548e-11,-9.632379316156e-12,1619196.738568,8437.533974663,-279005.3702306
40,20,357,-2.818160552756e-12,1.749024044874e-11,-8.025276945715e-12,1514543.039221,6744.868311835,-292554.1886396
40,20,358,-2.641891766363e-12,1.670529407033e-11,-9.702918869097e-12,1553207.401286,640.8224371311,-279200.7609613
40,20,359,-2.859170375848e-12,1.73612623114e-11,-9.303755906327e-12,1585914.266253,2953.908464202,-289333.7694979
40,20,360,-2.903378489665e-12,1.749883108442e-11,-8.418800334363e-12,1530600.056318,10036.52319932,-291297.7801021
40,20,361,-2.714726698634e-12,1.710882489174e-11,-9.216925004324e-12,1566850.834738,-1791.774417089,-285676.1986703
40,20,362,-2.765380416857e-12,1.728491324456e-11,-1.027469136544e-11,1545286.382809,-9841.241024001,-287358.6041393
40,20,363,-2.700805625074e-12,1.702257653306e-11,-9.651140397685e-12,1550934.008678,-3227.898725962,-284576.620035
40,20,364,-2.734508325004e-12,1.713798102874e-11,-9.886448001164e-12,1560134.924413,-6212.904793551,-284283.0404814
40,20,365,-2.702874617997e-12,1.693072449876e-11,-7.360497961422e-12,1535855.841037,14067.48111803,-282447.7034329
40,20,366,-2.830084639367e-12,1.740982573232e-11,-9.26016448114e-12,1556798.837985,5869.361354525,-293015.5094293
40,20,367,-2.838753367504e-12,1.758508055945e-11,-9.451635541634e-12,1561931.50504,5955.661947731,-293717.3066406
40,20,368,-2.731208178477e-12,1.731302782814e-11,-8.820611710411e-12,1565414.411665,3366.181155602,-289123.2402016
40,20,369,-2.775863244904e-12,1.722985791401e-11,-8.676691781084e-12,1465045.304659,-3847.829787288,-288814.7334755
40,20,370,-3.032677245471e-12,1.801973346398e-11,-9.236327760436e-12,1533294.533867,2524.675708233,-301132.0784265
40,20,371,-2.889091623217e-12,1.731366649397e-11,-1.152383620018e-11,1592174.723393,-15786.53250986,-290154.4050657
40,20,372,-2.775909995752e-12,1.738733674533e-11,-9.838383982032e-12,1564283.246469,-6237.249716452,-290284.2556873
40,20,373,-2.81117798576e-12,1.729623113899e-11,-9.172667895344e-12,1565735.401677,1076.35226598,-287891.1902902
40,20,374,-2.614783930831e-12,1.694467913933e-11,-1.007292530916e-11,1564362.486163,-14104.40107476,-283756.0321692
40,20,375,-2.815833004232e-12,1.747996082706e-11,-9.812245753448e-12,1581890.977063,-1776.868441082,-291241.798274
40,20,376,-2.637656263338e-12,1.672358011282e-11,-1.069245617767e-11,1598744.08601,-7511.923905743,-281021.633603
40,20,377,-2.755938182339e-12,1.71425237033e-11,-1.015751684817e-11,1596189.183449,-6210.382217558,-285410.4822078
40,20,378,-2.720056633128e-12,1.717373294126e-11,-9.673771688823e-12,1615597.697323,-1466.121765389,-288266.6504843
40,20,379,-2.923163650534e-12,1.781610043767e-11,-1.003582462144e-11,1598985.435433,5867.622218689,-297685.8147929
40,20,380,-2.963759350091e-12,1.751939947156e-11,-1.038644401229e-11,1595453.121073,-3345.499655957,-292904.6418394
40,20,381,-2.948339460515e-12,1.787610375066e-11,-1.021537617123e-11,1624627.32479,7318.118265487,-298213.387168
40,20,382,-2.726806962224e-12,1.712608183203e-11,-7.699262205452e-12,1561991.367765,22585.23411317,-284741.4680722
40,20,383,-2.874300355573e-12,1.731073186948e-11,-9.640690597561e-12,1614368.010511,604.2937980279,-287200.1517439
40,20,384,-2.530612178104e-12,1.658562841731e-11,-9.463864840045e-12,1538142.552917,-2753.279755762,-276077.9310556
40,20,385,-2.842575967617e-12,1.749112818649e-11,-7.648593907678e-12,1540877.124434,21584.42838489,-292378.2343318
40,20,386,-2.834396957322e-12,1.720842713369e-11,-9.854956249064e-12,1532669.359611,-5682.847740778,-286008.7054126
40,20,387,-2.767670829702e-12,1.724783696042e-11,-9.338298827869e-12,1570954.271371,-473.7720572693,-287679.4158763
40,20,388,-2.824846737823e-12,1.742364082963e-11,-8.482727710675e-12,1523119.565901,4220.338226155,-292009.0989264
40,20,389,-2.875158806206e-12,1.771221800957e-11,-9.768908685626e-12,1573454.428645,-2821.379873048,-295033.3574363
40,20,390,-3.159208636162e-12,1.850168009388e-11,-9.907314043243e-12,1582242.674503,5109.586959562,-306999.5416501
40,20,391,-2.836840535425e-12,1.729209121161e-11,-9.452086330342e-12,1595073.620626,7531.072689505,-289089.39662
40,20,392,-2.877782365239e-12,1.755424808148e-11,-1.064948261982e-11,1544605.392921,-26442.10163246,-296148.4859165
40,20,393,-2.556711927362e-12,1.663134370317e-11,-9.055378182261e-12,1556743.608252,13662.76114642,-279466.0321482
40,20,394,-2.797878398837e-12,1.717986425509e-11,-9.645677209059e-12,1552143.69835,-354.0545164153,-286446.7387947
40,20,395,-3.027593715218e-12,1.803582467605e-11,-9.264955719576e-12,1542734.825546,4218.349873452,-300985.830657
40,20,396,-3.181450428478e-12,1.840457534286e-11,-9.269118439477e-12,1551111.44982,10290.16162689,-308883.8377076
40,20,397,-2.837476438705e-12,1.733476730777e-11,-1.109780929405e-11,1550416.537385,-24593.38252318,-290719.0207772
40,20,398,-3.103794966147e-12,1.81011557457e-11,-9.99643133136e-12,1622757.024519,10109.55466412,-303146.9838841
40,20,399,-2.971000435667e-12,1.797949186598e-11,-7.968700051448e-12,1497216.896369,2080.99051371,-301089.0831616
40,20,400,-2.885785236988e-12,1.74248675739e-11,-9.912252916281e-12,1612644.073546,13582.03947094,-291839.9375566
40,20,401,-3.2423776934e-12,1.886094515499e-11,-9.873667757617e-12,1565133.844213,-488.5217827215,-315877.2580713
40,20,402,-3.107470791548e-12,1.823002190377e-11,-9.667010524926e-12,1622114.204543,19573.50062013,-304073.3563078
40,20,403,-2.780864389353e-12,1.761386297596e-11,-1.080906492528e-11,1561300.823532,-23129.36381202,-293088.9579804
40,20,404,-2.921991676068e-12,1.770351665801e-11,-8.854947123442e-12,1539843.978463,7094.309469947,-293774.5495271
40,20,405,-2.853705577915e-12,1.750456339586e-11,-7.759332834773e-12,1521400.872673,20146.04200417,-292141.2580805
40,20,406,-2.766381781802e-12,1.712129581577e-11,-1.008495971944e-11,1569374.84657,-165.7225164599,-286179.1827136
40,20,407,-2.78092649842e-12,1.735555744434e-11,-9.325569412819e-12,1570234.797078,3874.370837068,-290771.8125726
40,20,408,-2.957682966421e-12,1.790780318441e-11,-9.47212059984e-12,1558559.224823,-930.848675327,-298589.9428718
40,20,409,-2.951729391553e-12,1.766397278221e-11,-9.358815925424e-12,1537888.79903,-6238.354368304,-295001.4366048
40,20,410,-2.884864101882e-12,1.758580816911e-11,-8.867924540241e-12,1539992.037323,4820.160399654,-292916.4443256
40,20,411,-3.019447961418e-12,1.810128637649e-11,-9.508275349606e-12,1552466.128921,6800.967880564,-302096.0585906
40,20,412,-2.906349298199e-12,1.743249015837e-11,-1.015840034991e-11,1566033.744506,-8425.745148198,-291450.0229957
40,20,413,-2.791997450457e-12,1.724717911739e-11,-7.772900036547e-12,1517321.885129,20121.84956791,-287116.5831599
40,20,414,-2.643136667364e-12,1.671171166628e-11,-9.461645243983e-12,1516732.322568,-11327.27213245,-280597.5783183
40,20,415,-2.637172807597e-12,1.675002458341e-11,-1.005131647892e-11,1549147.855177,-8189.387889051,-279182.0040069
40,20,416,-2.965712936817e-12,1.77822235225e-11,-9.364785891573e-12,1572434.849985,7299.523759122,-297947.1115418
40,20,417,-2.689099673089e-12,1.696416797462e-11,-9.667192966429e-12,1565002.89155,-12663.32820663,-283840.1559791
40,20,418,-3.034682373408e-12,1.798549161898e-11,-9.175584552887e-12,1554743.37217,3075.412774196,-299960.7677854
40,20,419,-2.717904078326e-12,1.692769412597e-11,-7.474077844517e-12,1496722.622728,9147.094198998,-282103.8051716
40,20,420,-2.898186254822e-12,1.761267425456e-11,-9.970662555339e-12,1641002.530107,8904.928970873,-295457.7395395
40,20,421,-2.793822706499e-12,1.742120452927e-11,-9.245022644494e-12,1520862.948544,-7201.505124314,-291114.4852439
40,20,422,-2.993474982974e-12,1.79183250326e-11,-1.024998104982e-11,1593321.435345,3781.771517595,-297452.2107383
40,20,423,-2.719869625349e-12,1.714130673109e-11,-1.010293665144e-11,1559991.608767,-8996.769385446,-287056.0087644
40,20,424,-2.986093413827e-12,1.753737718481e-11,-1.015756725404e-11,1552056.527257,-5573.161960084,-295576.8782931
40,20,425,-2.816867527652e-12,1.738799471737e-11,-9.405863567167e-12,1589419.736616,4345.116506395,-291525.9374204
40,20,426,-2.850314990441e-12,1.773361576649e-11,-1.089518997352e-11,1593081.498173,-10822.37817166,-294277.0372036
40,20,427,-2.767187590774e-12,1.716144083736e-11,-1.14690641387e-11,1556945.236673,-17077.46785904,-286125.9928473
40,20,428,-2.854680915002e-12,1.73103453652e-11,-9.99391673197e-12,1566456.3841,-608.0905630801,-289870.3098135
40,20,429,-3.20616991984e-12,1.853267559668e-11,-9.817565059476e-12,1586883.382463,4609.659228617,-310524.921315
40,20,430,-2.94592320875e-12,1.792970767609e-11,-1.04492881677e-11,1578096.665259,-5434.112023674,-298000.7834476
40,20,431,-2.704453509986e-12,1.701215852265e-11,-9.217800210896e-12,1552964.77245,7045.901486954,-285305.5953399
40,20,432,-2.699569224841e-12,1.698518193223e-11,-8.263036379781e-12,1507219.785837,11775.48071447,-281878.6789636
40,20,433,-2.869691726583e-12,1.744961398948e-11,-1.047321895397e-11,1583107.215892,-5437.609947492,-292341.2402233
40,20,434,-3.12179189808e-12,1.821001544913e-11,-1.079355878973e-11,1601788.308708,-11766.60903533,-304940.322634
40,20,435,-3.015677840389e-12,1.765745937378e-11,-1.014103663039e-11,1580481.940446,-8590.811879899,-295285.511205
40,20,436,-2.80176935542e-12,1.750007629844e-11,-7.970560867649e-12,1541951.75464,26470.42138905,-292128.7823591
40,20,437,-2.900321149492e-12,1.760300688594e-11,-9.539023628714e-12,1551981.648703,-1260.567249415,-295193.518084
40,20,438,-2.930947193477e-12,1.782997149212e-11,-9.682550492464e-12,1599573.692687,7121.214984512,-297547.101766
40,20,439,-2.516649985528e-12,1.647154667794e-11,-9.093035924533e-12,1526666.202646,-4759.224924952,-274195.5274303
40,20,440,-2.877396151759e-12,1.760389667756e-11,-9.482696271829e-12,1553222.205947,-4653.233081213,-292907.5328519
40,20,441,-2.629062031344e-12,1.712876090922e-11,-9.125932536784e-12,1573853.014231,-816.7624119551,-285534.0238851
40,20,442,-2.773999865821e-12,1.723048135494e-11,-9.421938753416e-12,1555103.533181,7328.584273341,-288512.8150594
40,20,443,-2.722068640323e-12,1.711631876113e-11,-9.794439480332e-12,1566515.068908,-10740.87476993,-285678.2043895
40,20,444,-2.589019645256e-12,1.662548498161e-11,-9.773095364181e-12,1571035.148853,2279.734075478,-278837.4563756
40,20,445,-2.901667394563e-12,1.751794225114e-11,-8.763337802939e-12,1571243.051946,7267.243076524,-292353.3560305
40,20,446,-2.837815092429e-12,1.726191376359e-11,-8.736055533973e-12,1550229.740675,11104.0303545,-287596.4293592
40,20,447,-2.608497223903e-12,1.680915600477e-11,-9.826432809317e-12,1551396.698644,-8517.977683201,-281130.9429805
40,20,448,-2.846147880693e-12,1.748055290712e-11,-1.039489052968e-11,1586004.296615,1235.778470384,-292806.6599691
40,20,449,-2.86740464426e-12,1.784195159796e-11,-9.243363121151e-12,1577564.390354,5285.378414614,-296036.4436257
40,20,450,-2.894142618339e-12,1.770908734523e-11,-1.139912591567e-11,1589762.156964,-21470.40488311,-296035.8745587
40,20,451,-2.868164921464e-12,1.766549057384e-11,-8.854646362818e-12,1554515.125555,6052.183995512,-295700.6822309
40,20,452,-2.664365319657e-12,1.662082886525e-11,-9.22089933017e-12,1583404.234834,11954.11346289,-278500.3419004
40,20,453,-2.755640868086e-12,1.725041113687e-11,-8.917651196537e-12,1552664.757114,5713.502622434,-287739.9169614
40,20,454,-2.68789845225e-12,1.712011538127e-11,-9.552115661583e-12,1604507.777785,6250.491374671,-286903.7992595
40,20,455,-3.020350345144e-12,1.797911724963e-11,-9.702352385693e-12,1633799.111749,18012.71579805,-300044.9655464
40,20,456,-2.91871614696e-12,1.778912963153e-11,-9.806324949488e-12,1551885.655974,-2264.39497094,-296318.3258846
40,20,457,-2.772263879109e-12,1.742421572904e-11,-9.596358626855e-12,1559589.408501,6147.136931315,-290381.2101061
40,20,458,-2.957607703631e-12,1.78065644955e-11,-1.071647664216e-11,1616507.697561,-14485.71211599,-297916.7362572
40,20,459,-2.826254545387e-12,1.740304292013e-11,-9.901914944296e-12,1575314.928071,-460.4945738496,-289597.4217473
40,20,460,-3.017569862158e-12,1.806200285343e-11,-9.401577901142e-12,1559002.420166,2705.851947336,-300457.9679363
40,20,461,-2.839309987233e-12,1.746664189982e-11,-9.725998702957e-12,1581139.41587,13876.84395967,-291309.590208
40,20,462,-2.841304632898e-12,1.7417830909e-11,-1.037574408814e-11,1595996.54867,-5500.12523798,-291061.9119544
40,20,463,-3.160402056839e-12,1.86102826611e-11,-1.092398861452e-11,1594318.026899,-11889.60410751,-308748.0506477
40,20,464,-2.907346288345e-12,1.784471466095e-11,-9.722372168199e-12,1546548.757912,-5745.552972879,-297644.5145812
40,20,465,-2.73655872878e-12,1.728600705813e-11,-1.068826801928e-11,1603450.19444,-5557.062943127,-290398.5034585
40,20,466,-2.801165526907e-12,1.730661679873e-11,-9.229623142293e-12,1519964.66467,3529.710970542,-288314.3127528
40,20,467,-3.043732192512e-12,1.813203548446e-11,-1.042555433254e-11,1627790.701452,8368.405215008,-303604.150343
40,20,468,-2.742783037569e-12,1.700237406652e-11,-1.076426979276e-11,1569796.212187,-19732.98714483,-284548.2333919
40,20,469,-2.923084271891e-12,1.763749633883e-11,-1.004330064444e-11,1616855.23074,-4045.792914923,-295546.0870184
40,20,470,-2.7996389603e-12,1.735435934065e-11,-8.419494147192e-12,1508951.543902,4597.399228802,-289479.2446503
40,20,471,-2.701931357121e-12,1.734699921393e-11,-9.653025442806e-12,1578022.33641,1813.381864475,-290130.5691919
40,20,472,-3.033594154546e-12,1.82672129244e-11,-9.624769316642e-12,1550561.568168,11932.50143947,-303596.5738767
40,20,473,-2.951290310773e-12,1.799423026218e-11,-9.488663113799e-12,1545468.883283,-665.0697370823,-299109.5302004
40,20,474,-3.062730397432e-12,1.835048237646e-11,-1.057289551867e-11,1563960.071647,-7087.193544191,-306176.4354
40,20,475,-2.915006850205e-12,1.779095295248e-11,-1.101350029614e-11,1576950.538859,-16717.97369127,-295264.6401849
40,20,476,-2.909813832924e-12,1.755661901339e-11,-8.916721652158e-12,1571415.245028,7890.557037014,-292140.0771499
40,20,477,-2.753229793732e-12,1.747262274422e-11,-9.901707108264e-12,1547714.046863,-5071.214601788,-291383.9149864
40,20,478,-2.669755479912e-12,1.695730209105e-11,-1.018120968599e-11,1561459.500415,-7440.654732137,-283688.3170018
40,20,479,-2.928760101531e-12,1.783441878041e-11,-9.027051971123e-12,1582358.83728,17102.71683792,-297395.8172195
40,20,480,-2.940835158801e-12,1.768920334065e-11,-9.408321830515e-12,1559191.228253,1120.509281604,-295456.8124753
40,20,481,-3.090996875822e-12,1.844355777127e-11,-9.910217305638e-12,1612680.409817,7406.064935626,-308672.6067629
40,20,482,-2.856508869027e-12,1.76194392121e-11,-1.026707241396e-11,1590018.953735,-6164.552078724,-293278.7539219
40,20,483,-2.658845146322e-12,1.72031781238e-11,-7.788783643528e-12,1512045.000033,5775.177273617,-286066.3646593
40,20,484,-3.026387945198e-12,1.786403141148e-11,-9.504480388099e-12,1569268.869216,3866.217055815,-299225.4268511
40,20,485,-3.003494305179e-12,1.820615131074e-11,-1.102748940166e-11,1594957.181926,-19066.95472919,-304753.7687965
40,20,486,-2.835274907517e-12,1.746183830921e-11,-8.269333793207e-12,1489757.901025,2974.982675003,-291041.046608
40,20,487,-2.854930631118e-12,1.738769053017e-11,-9.205378728403e-12,1580812.05969,10162.39257732,-291212.4531696
40,20,488,-2.804749362115e-12,1.723567172933e-11,-9.153337382879e-12,1552455.174362,590.4849841725,-285578.5257184
40,20,489,-2.871912478082e-12,1.749713067825e-11,-7.724192533353e-12,1539228.38602,25846.95679732,-293783.6571351
40,20,490,-2.665805153177e-12,1.705401615618e-11,-8.181809747564e-12,1537119.247228,12773.93019057,-283786.6453144
40,20,491,-2.809481445652e-12,1.75204902472e-11,-9.341648156261e-12,1565115.543921,-8380.91003157,-293891.481891
40,20,492,-3.062048849676e-12,1.822066116332e-11,-9.922527858207e-12,1580972.130809,-2982.931925656,-304402.0103735
40,20,493,-2.761341239547e-12,1.737132501969e-11,-9.755976740765e-12,1565120.611703,-7474.496207423,-288741.9316081
40,20,494,-3.00091160419e-12,1.815723568794e-11,-8.124788752125e-12,1589007.101658,22319.77490338,-301205.4484528
40,20,495,-2.745024468803e-12,1.734260929139e-11,-9.080803550844e-12,1563124.424116,14775.08389819,-289532.2900251
40,20,496,-2.933886898056e-12,1.810406982174e-11,-9.892312591141e-12,1594302.918695,6968.035754307,-301191.5451735
40,20,497,-2.833664537805e-12,1.75258411967e-11,-9.059068828542e-12,1536886.806443,-3406.874815721,-291894.3040421
40,20,498,-2.874952512014e-12,1.755308331486e-11,-9.703873506152e-12,1550064.879364,421.7826394201,-292061.1643386
40,20,499,-3.007760317391e-12,1.787644365929e-11,-1.050978792434e-11,1577689.736273,-11892.99601035,-300365.7027583
40,20,500,-2.912646622501e-12,1.760928998312e-11,-9.767978840093e-12,1592594.254225,132.9961141433,-293323.5259978
40,20,501,-2.759161019746e-12,1.740195739634e-11,-9.058011413335e-12,1558627.285752,4675.160753292,-290229.7151401
40,20,502,-2.84453698849e-12,1.733191317839e-11,-9.851769507391e-12,1555218.443759,-7951.06915181,-292392.4921903
40,20,503,-2.868016642875e-12,1.749257928459e-11,-1.09255287003e-11,1563985.706862,-30019.35595591,-294321.9385556
40,20,504,-2.95669171801e-12,1.764619073044e-11,-1.001734722247e-11,1571586.511999,-8519.724311782,-294862.7183749
40,20,505,-2.680567826866e-12,1.713096944449e-11,-8.908027000838e-12,1559200.733062,9150.973197506,-284289.4907544
40,20,506,-2.769819997131e-12,1.723313508296e-11,-9.696369413056e-12,1570118.119132,-5392.669282822,-286830.5693715
40,20,507,-2.988490134526e-12,1.807445051482e-11,-9.824880262998e-12,1603527.843813,4093.966819205,-301035.4258119
40,20,508,-2.684418008995e-12,1.714054189522e-11,-8.700876488412e-12,1532936.353589,8726.63489632,-286627.4313436
40,20,509,-2.514043597849e-12,1.65269998358e-11,-9.020319670883e-12,1564751.396783,6988.580160425,-275312.3777236
40,20,510,-2.955313883109e-12,1.753385871023e-11,-9.391671974915e-12,1547811.859192,-5314.943052605,-293132.4817047
40,20,511,-2.878837577223e-12,1.767974972175e-11,-9.425153006743e-12,1546641.3412,-1868.802987049,-294594.0632358
40,20,512,-3.087040735894e-12,1.815010687459e-11,-1.007864024962e-11,1556003.196071,-9230.170233205,-303504.5106358
40,20,513,-2.856247977821e-12,1.771377980811e-11,-9.627070725061e-12,1586154.094886,-4537.910623327,-296353.5038813
40,20,514,-2.880557490273e-12,1.741501758857e-11,-1.065867629957e-11,1589011.946022,-6428.649982592,-291177.0556033
40,20,515,-2.74206410154e-12,1.727001574227e-11,-9.433192701272e-12,1573257.06925,2512.573682621,-288665.7211974
40,20,516,-2.724860978183e-12,1.713506069466e-11,-9.924425418044e-12,1582081.476378,4754.608075773,-284449.6379114
40,20,517,-2.924159178815e-12,1.792593226005e-11,-9.069692137383e-12,1552489.944008,8488.165967569,-298159.427377
40,20,518,-3.074447805114e-12,1.8149003381e-11,-9.645559981637e-12,1536041.183348,-4523.76390798,-302529.2622809
40,20,519,-2.865926913367e-12,1.748499760074e-11,-9.319742789589e-12,1576110.498125,7131.991814152,-292224.8239194
40,20,520,-2.859542914205e-12,1.767093979949e-11,-8.222999245266e-12,1510169.311447,8070.899983484,-296500.0925156
40,20,521,-2.731077536191e-12,1.694954429628e-11,-1.007944763934e-11,1566133.388653,-12326.04624447,-281696.8695834
40,20,522,-2.696228478778e-12,1.710021818692e-11,-9.563386390579e-12,1537010.85465,-13114.96649786,-285615.8109352
40,20,523,-2.808372509453e-12,1.750260001707e-11,-1.097921676058e-11,1623047.490781,-8566.401178053,-291635.1017402
40,20,524,-2.711534069854e-12,1.695599640358e-11,-7.7116927382e-12,1515430.495459,14204.77098792,-283280.7509619
40,20,525,-2.972144816387e-12,1.793586344311e-11,-9.995618453489e-12,1559566.477734,-5679.845681717,-299258.0331999
40,20,526,-2.856314811595e-12,1.795117479622e-11,-1.023540879673e-11,1567024.134877,-6479.390183942,-298291.256373
40,20,527,-2.565410032033e-12,1.640257410795e-11,-9.886568913649e-12,1556181.736739,-3358.532206243,-276575.3619547
40,20,528,-2.83279613652e-12,1.7434435466e-11,-9.823288948582e-12,1578972.573559,2244.393995904,-289825.8600506
40,20,529,-2.581411766942e-12,1.663374376309e-11,-1.056341260492e-11,1575212.132924,-7718.95624824,-276885.5171593
40,20,530,-2.972143864919e-12,1.789230068052e-11,-1.015799515414e-11,1553508.536531,-19272.12608376,-298977.9591352
40,20,531,-2.84904912281e-12,1.719817982363e-11,-9.437392837117e-12,1556506.848524,-3649.408819639,-286964.4932281
40,20,532,-2.615056749859e-12,1.672812972832e-11,-9.714687295937e-12,1546058.661249,5874.439544344,-278692.6275056
40,20,533,-2.880316758642e-12,1.773602388774e-11,-8.75888057831e-12,1591879.966386,5041.380538143,-295266.6078413
40,20,534,-2.880678876787e-12,1.785464056767e-11,-1.031617812638e-11,1595705.389118,1658.022805168,-297978.1347231
40,20,535,-2.516112230139e-12,1.632128764395e-11,-9.996757996388e-12,1553236.520289,-10946.32536109,-273339.2111196
40,20,536,-2.972768692614e-12,1.794006731903e-11,-9.242870138468e-12,1595042.509579,13957.41741819,-298254.7175559
40,20,537,-2.720445383472e-12,1.722549895679e-11,-8.43847332052e-12,1599200.642461,15513.91932036,-287138.6922721
40,20,538,-2.90369352388e-12,1.782684931582e-11,-8.186552756146e-12,1540453.133977,17737.94692644,-296991.0584323
40,20,539,-2.726212680548e-12,1.725120967586e-11,-1.08780967026e-11,1581667.992438,-19288.14159802,-288259.3946873
40,20,540,-2.589869582315e-12,1.655860624726e-11,-9.120057207201e-12,1546133.540237,-2317.124926059,-278328.9033679
40,20,541,-2.717089294063e-12,1.711474717328e-11,-8.22514493945e-12,1584860.572431,22934.99178865,-285939.7352938
40,20,542,-2.69448338184e-12,1.70428012367e-11,-9.95827180127e-12,1624694.304755,3392.1913984,-284666.7901367
40,20,543,-2.888162812851e-12,1.761950253863e-11,-1.017560635121e-11,1550624.174149,-3824.890361338,-294004.6968111
40,20,544,-2.885577096018e-12,1.762938783853e-11,-9.274014591169e-12,1576072.392165,15683.50426149,-294385.169313
40,20,545,-2.640594361248e-12,1.686181202211e-11,-8.856015797789e-12,1522041.91348,-7487.66274872,-283081.5095853
40,20,546,-2.831676230521e-12,1.721758849442e-11,-8.941801056557e-12,1553064.655093,1382.122018192,-288528.7449934
40,20,547,-3.017173946517e-12,1.795188712348e-11,-7.430456461779e-12,1545888.315339,22192.06166693,-298845.4449031
40,20,548,-2.908966685204e-12,1.737055340072e-11,-1.007744173414e-11,1560232.204771,-384.2714245326,-291782.9644755
40,20,549,-2.713288602267e-12,1.691368739024e-11,-9.31082115611e-12,1543689.772145,3981.745176907,-282373.0768208
40,20,550,-2.532980287965e-12,1.665540651352e-11,-9.796962551408e-12,1558557.979894,-1258.531055197,-277447.1641502
40,20,551,-2.695072255194e-12,1.708665890464e-11,-8.501897405104e-12,1534679.661355,4493.396032568,-286194.0783501
40,20,552,-2.900201603237e-12,1.75605624211e-11,-9.850529237623e-12,1613902.451161,-3965.782764074,-291547.1341343
40,20,553,-2.796560981887e-12,1.731537023189e-11,-9.703238160552e-12,1562029.032591,-3789.942987723,-290193.528708
40,20,554,-2.923257955988e-12,1.765117675071e-11,-8.998362343386e-12,1602871.658016,18065.03293755,-294096.4569466
40,20,555,-2.933967969364e-12,1.762452874759e-11,-9.755433403964e-12,1586257.56057,-2544.694147798,-294449.639703
40,20,556,-2.767815555204e-12,1.73617263123e-11,-8.552096395072e-12,1561273.044724,18759.80234861,-288313.8611439
40,20,557,-2.788852203333e-12,1.749080959879e-11,-8.978774187124e-12,1613043.517755,23596.21148746,-290331.3184565
40,20,558,-2.775799188996e-12,1.717414393713e-11,-9.977566812604e-12,1561835.130049,-18529.02743179,-287606.7231723
40,20,559,-3.018759655055e-12,1.800533310426e-11,-1.106067799975e-11,1608778.744193,-13077.65988067,-301713.7031732
40,20,560,-2.89907217759e-12,1.775876591069e-11,-9.444075629844e-12,1573772.611932,3909.191575044,-297913.3586361
40,20,561,-2.730623299791e-12,1.718114589612e-11,-8.287672334341e-12,1543336.753858,8063.069107451,-285928.5630466
40,20,562,-2.808759508649e-12,1.736219548174e-11,-9.312054096825e-12,1565955.0244,10835.56898903,-289506.0615209
40,20,563,-3.036246494593e-12,1.785460253923e-11,-8.38936003079e-12,1553399.904132,16684.4391125,-297757.8784013
40,20,564,-2.69525879629e-12,1.692687675422e-11,-8.657698054897e-12,1562363.748083,11925.63777352,-282358.4611238
40,20,565,-2.831305351131e-12,1.756869008397e-11,-9.873690555731e-12,1542867.953657,-7199.839251903,-294328.6340834
40,20,566,-2.721608458457e-12,1.731662432912e-11,-8.774710452121e-12,1529297.518432,1326.142509644,-289518.9778259
40,20,567,-2.743370214857e-12,1.707869393505e-11,-1.038423152601e-11,1551216.886468,-13759.07512528,-284040.3086621
40,20,568,-2.590610558633e-12,1.669075830638e-11,-9.276059674092e-12,1540946.178355,1838.004280512,-278939.9609215
40,20,569,-2.826614892059e-12,1.74703509649e-11,-9.461977700184e-12,1536645.175597,-2170.510945922,-291734.9801024
40,20,570,-2.709455584715e-12,1.691118065585e-11,-9.560962724062e-12,1560544.24663,-8085.494194261,-282789.8887797
40,20,571,-2.809701456648e-12,1.735882366741e-11,-9.65536709497e-12,1545171.405264,-6592.038591426,-289321.7127401
40,20,572,-2.79111108372e-12,1.71420067891e-11,-9.80001464277e-12,1565074.467438,-1007.776246329,-287107.7932635
40,20,573,-2.753450915855e-12,1.737322514481e-11,-9.401284049832e-12,1573532.342648,1266.768672511,-289906.6057779
40,20,574,-2.642873529862e-12,1.705445185625e-11,-9.449866906256e-12,1513164.95153,-1685.561914714,-284042.1587676
40,20,575,-2.743801377721e-12,1.730562458131e-11,-8.857761283378e-12,1566300.116892,13039.01634147,-287448.6056763
40,20,576,-2.734839544395e-12,1.721723328402e-11,-8.999984767937e-12,1550411.450761,2506.187437787,-286699.9378046
40,20,577,-2.800071554596e-12,1.744842807247e-11,-9.64133898256e-12,1540991.730182,613.5377036562,-291928.1436785
40,20,578,-2.967883245935e-12,1.768418505054e-11,-1.023822698993e-11,1571039.613284,-10807.29495813,-294763.0999486
40,20,579,-2.818921752807e-12,1.748331412161e-11,-8.863835958274e-12,1613084.752906,8920.858636474,-291268.2428677
40,20,580,-2.694468779909e-12,1.708824880355e-11,-1.06626560525e-11,1522914.822887,-17494.06114861,-285227.0208411
40,20,581,-2.827266969951e-12,1.752475895458e-11,-9.743989791078e-12,1490466.475184,-16770.84391278,-292419.0654172
40,20,582,-2.53116862873e-12,1.650741349442e-11,-8.571288445404e-12,1529428.444947,5473.654942624,-275131.7237351
40,20,583,-2.969803029188e-12,1.774245663014e-11,-1.004438111334e-11,1587081.000136,-6365.198978924,-295579.0105188
40,20,584,-2.872977821365e-12,1.744547869415e-11,-1.060099955856e-11,1553450.509226,-18292.64532978,-291778.7664919
40,20,585,-2.811683847871e-12,1.738993387121e-11,-8.321855617077e-12,1522041.506133,1220.887762884,-291158.6606479
40,20,586,-2.763700274751e-12,1.71607281469e-11,-9.402321636415e-12,1570582.906352,-4239.444654434,-286843.2283319
40,20,587,-2.952847215199e-12,1.764649856471e-11,-9.895387744389e-12,1571403.986175,-3464.884642609,-295245.2775275
40,20,588,-2.412777699101e-12,1.631074726845e-11,-8.852883632198e-12,1569719.179881,10489.41113437,-271170.9737321
40,20,589,-2.701707510292e-12,1.703207047804e-11,-1.024143722391e-11,1566268.953546,-8291.33102743,-285284.1970256
40,20,590,-2.663469507309e-12,1.698340576431e-11,-9.590232803839e-12,1532619.3533,-14864.53788567,-283961.5988151
40,20,591,-2.809848198853e-12,1.723428076647e-11,-1.034857863716e-11,1617965.709993,7374.853786345,-287091.5904637
40,20,592,-2.981409616211e-12,1.795090977966e-11,-9.092252385469e-12,1577478.54939,16892.78655617,-299855.5085044
40,20,593,-2.821956292369e-12,1.740669236743e-11,-7.658722354142e-12,1537096.55567,16685.09291512,-290473.6242523
40,20,594,-2.754002374776e-12,1.73890034609e-11,-9.301514121557e-12,1557039.408153,-4592.109798189,-290740.1217428
40,20,595,-2.900160037439e-12,1.789004349257e-11,-9.378257117083e-12,1545708.80494,-3603.246615033,-296543.6667226
40,20,596,-2.324660773525e-12,1.604564333783e-11,-1.007471202746e-11,1577948.528843,-2477.004409206,-267087.9386421
40,20,597,-2.75872270035e-12,1.732624512472e-11,-9.240494369812e-12,1550201.943133,3988.699014008,-288909.8742821
40,20,598,-2.892518525751e-12,1.775589814066e-11,-9.734442410872e-12,1620310.045251,-61.90379614673,-294471.8447846
40,20,599,-2.66553720882e-12,1.701992413337e-11,-1.004928826775e-11,1528377.985759,-14739.70464416,-284544.7991696
40,20,600,-2.867517683064e-12,1.771302752291e-11,-8.804046927943e-12,1572046.591809,24027.43032473,-294392.158693
40,20,601,-2.978006519747e-12,1.789611117507e-11,-9.406560901799e-12,1579496.945254,10033.28625324,-299750.240947
40,20,602,-2.91197253886e-12,1.749788402492e-11,-1.186251116268e-11,1576577.451149,-23839.45117221,-294561.1093534
40,20,603,-2.821450137527e-12,1.745275956192e-11,-9.573012661528e-12,1554168.033094,-5686.687346795,-293283.9714333
40,20,604,-2.983161864488e-12,1.780936416258e-11,-9.848278288702e-12,1561673.446031,-1517.965874386,-298952.5905131
40,20,605,-3.0267466707e-12,1.804182111539e-11,-1.10357215911e-11,1617627.988999,771.4740800288,-300292.9722166
40,20,606,-2.841814175342e-12,1.739568048292e-11,-8.83166433392e-12,1529292.353385,1356.246650858,-290897.1238472
40,20,607,-2.644979954437e-12,1.708262718419e-11,-1.046913991843e-11,1526989.926027,-16126.6819464,-284376.2886465
40,20,608,-2.751129729293e-12,1.757119242674e-11,-8.659453214511e-12,1553066.302759,6392.901297522,-294353.3130167
40,20,609,-2.51784243183e-12,1.664935146238e-11,-8.290327134956e-12,1537364.608927,7291.532858333,-278111.3577054
40,20,610,-2.822279968997e-12,1.751497689861e-11,-7.623645252916e-12,1542573.178506,17638.31713639,-292336.5176956
40,20,611,-2.712365989631e-12,1.698536454601e-11,-9.889984837249e-12,1596065.832398,5891.860560708,-283729.5661816
40,20,612,-2.611854831541e-12,1.685967609812e-11,-8.877098611139e-12,1576388.79433,264.3234555126,-280039.530462
40,20,613,-3.084933094573e-12,1.811289587678e-11,-9.925838315847e-12,1605857.889333,8301.729526521,-302106.7430883
40,20,614,-3.01044958609e-12,1.798827462911e-11,-8.746052365685e-12,1577260.610677,18542.85925258,-300804.3969624
40,20,615,-2.917460208842e-12,1.765161483643e-11,-8.722429095561e-12,1572252.764713,17135.44005641,-295414.147349
40,20,616,-2.975010224905e-12,1.791464928059e-11,-9.760179681727e-12,1601338.061468,6421.200754257,-298915.2883477
40,20,617,-3.087571961223e-12,1.822998596223e-11,-9.559539585598e-12,1581606.061859,2288.473202463,-305068.296211
40,20,618,-2.752807665904e-12,1.703417772751e-11,-1.081265874963e-11,1578554.4347,-10135.84509354,-284506.8979444
40,20,619,-2.919602066606e-12,1.762774371859e-11,-8.906861104649e-12,1553060.838256,6479.673060907,-294431.9239512
40,20,620,-2.849554416497e-12,1.76585108401e-11,-9.768851156949e-12,1590422.339342,1561.640791955,-293507.6682639
40,20,621,-2.878415242909e-12,1.746412908974e-11,-1.045361335989e-11,1554172.430786,-15814.81891864,-293058.6815013
40,20,622,-2.835630972494e-12,1.719044471932e-11,-1.047351135604e-11,1542120.53186,-13651.01096577,-289107.6352617
40,20,623,-3.140245375262e-12,1.832721532626e-11,-9.415671326557e-12,1574986.868798,5160.215516488,-306890.7016615
40,20,624,-2.758951858196e-12,1.722137869925e-11,-9.3610759743e-12,1558919.025227,-6054.267283894,-289307.4986322
40,20,625,-2.86667600173e-12,1.748469970235e-11,-9.711563496936e-12,1606250.534089,878.3544725259,-292366.1629491
40,20,626,-2.850032706901e-12,1.766841088496e-11,-9.214273978912e-12,1601977.164879,13858.78357723,-294325.3108613
40,20,627,-2.63113610424e-12,1.725963862722e-11,-1.020344788122e-11,1588884.147107,-6473.898656748,-286338.9417735
40,20,628,-2.733239021422e-12,1.703932426269e-11,-8.513291802481e-12,1566601.335764,14689.57975667,-286737.4784261
40,20,629,-2.906206938992e-12,1.768943017318e-11,-7.733585435729e-12,1573127.02007,23991.42554423,-293848.7924599
40,20,630,-2.841613798064e-12,1.745648793969e-11,-9.570262501231e-12,1545816.446164,-6773.712822118,-291694.5776751
40,20,631,-2.794116354591e-12,1.718674130808e-11,-8.822960111191e-12,1522722.752057,1657.688972739,-285938.3401705
40,20,632,-2.77759241435e-12,1.707780162218e-11,-9.259690999159e-12,1589528.053601,3349.967342547,-286904.7519506
40,20,633,-2.944022499123e-12,1.796411859196e-11,-1.004121528199e-11,1544520.437621,-15916.89275226,-299523.0945124
40,20,634,-2.402294962588e-12,1.619931814977e-11,-9.883529851021e-12,1556705.495612,-14504.64384799,-269508.0514893
40,20,635,-2.79503052029e-12,1.737814859733e-11,-8.911117122096e-12,1522726.76447,-3657.040544412,-289576.6405077
40,20,636,-2.819126565828e-12,1.746822390312e-11,-9.527857014299e-12,1593022.886245,9452.15101065,-291104.8892897
40,20,637,-2.73397031957e-12,1.73051804113e-11,-1.074415017906e-11,1568384.192871,-17967.91386478,-291142.2635814
40,20,638,-2.905296801363e-12,1.763613919948e-11,-9.569223483946e-12,1544511.30314,-6122.442099659,-295360.6852603
40,20,639,-2.671941575986e-12,1.676407594975e-11,-9.094832495404e-12,1524358.850712,-6372.458795803,-279498.0159334
40,20,640,-3.011331093238e-12,1.80525879864e-11,-1.009536267095e-11,1610946.522013,5128.540522478,-300201.8032613
40,20,641,-2.727078920825e-12,1.694134206386e-11,-8.176213248574e-12,1527563.496498,14743.66811369,-283318.0101504
40,20,642,-2.761844735529e-12,1.711707889106e-11,-9.704705751549e-12,1526303.877831,-10336.44298939,-286561.8387646
40,20,643,-2.85294936722e-12,1.772295628036e-11,-9.315555083671e-12,1572221.894882,6849.232378769,-295385.9463121
40,20,644,-2.985534067066e-12,1.778959625668e-11,-1.147265721521e-11,1579025.626221,-24044.46906651,-295942.4924601
40,20,645,-2.88810005519e-12,1.762238633803e-11,-1.010512650881e-11,1566069.163998,4405.754566036,-292059.1391032
40,20,646,-2.917386095e-12,1.768365482199e-11,-1.000197906602e-11,1581254.508077,-5899.471080688,-294889.0046676
40,20,647,-2.627992531701e-12,1.683238716712e-11,-9.088046897887e-12,1559483.754554,11506.83697272,-280589.697263
40,20,648,-2.670965746945e-12,1.71269362146e-11,-9.432508260853e-12,1620921.681551,11973.3724395,-286821.4426906
40,20,649,-2.894719744036e-12,1.756694173629e-11,-9.741806681481e-12,1558597.358507,-9671.236530617,-293331.2832326
40,20,650,-2.893875652199e-12,1.757433111998e-11,-1.068841368945e-11,1574081.46524,-19269.40721405,-293309.7387219
40,20,651,-2.724361562621e-12,1.714751519227e-11,-1.003199762423e-11,1601265.588522,-3327.149319788,-285487.7247714
40,20,652,-2.681092194308e-12,1.676597410212e-11,-9.787534217212e-12,1562427.975559,-6713.290774214,-281214.8628289
40,20,653,-2.862256767007e-12,1.756250110662e-11,-1.014198323386e-11,1569289.608782,1137.124742961,-293943.1233366
40,20,654,-2.512528859602e-12,1.655064465429e-11,-1.022404618431e-11,1567029.884109,-7005.768308527,-277314.1166394
40,20,655,-3.001626838018e-12,1.783910340572e-11,-9.064546433653e-12,1580537.117281,12008.06880747,-297664.2124809
40,20,656,-2.71916626118e-12,1.706463963406e-11,-8.526441934411e-12,1543010.25279,7264.574260412,-284842.7938045
40,20,657,-2.81444081963e-12,1.728430759091e-11,-9.335373925642e-12,1570813.289604,4623.142699919,-288571.2080767
40,20,658,-2.821326886731e-12,1.742549126824e-11,-1.002142826841e-11,1507202.422603,-4055.755771643,-288957.724449
40,20,659,-2.75004636482e-12,1.725513665367e-11,-9.359099414359e-12,1555997.770431,-6724.106206368,-288150.2392115
40,20,660,-2.757887716426e-12,1.744461303053e-11,-8.872859656627e-12,1602055.837805,9163.368367066,-290650.9866611
40,20,661,-2.660017662657e-12,1.681653384826e-11,-8.713555755241e-12,1568512.730641,16730.85102375,-280854.4887203
40,20,662,-2.737156149687e-12,1.711625480308e-11,-1.010077091181e-11,1566675.036952,-5663.797736367,-287406.3381193
40,20,663,-2.883285998108e-12,1.792136649621e-11,-9.147147543065e-12,1561254.118827,2693.393675756,-299187.0555311
40,20,664,-2.578490302589e-12,1.689148955508e-11,-1.05335168038e-11,1587089.863903,-13745.05965807,-281398.952932
40,20,665,-2.832814999804e-12,1.760737106095e-11,-1.091682824925e-11,1559031.601028,-17612.71082387,-293742.7832518
40,20,666,-3.062326743696e-12,1.823328615221e-11,-1.063391350019e-11,1578543.062536,-7592.224898472,-304754.4041977
40,20,667,-2.906506718277e-12,1.760397470009e-11,-9.937206311102e-12,1554529.98731,733.1220794274,-294017.0999987
40,20,668,-2.893910769479e-12,1.746921813722e-11,-9.553862174076e-12,1522737.55686,-15290.00918651,-293797.0112412
40,20,669,-2.698865207149e-12,1.744718721665e-11,-9.456665820045e-12,1532344.251825,-7290.032910114,-292294.7890934
40,20,670,-2.776859557397e-12,1.717300101397e-11,-9.188407086717e-12,1511279.340578,-6670.279772664,-285937.4188246
40,20,671,-2.705702695405e-12,1.71430685802e-11,-9.959554050884e-12,1550997.716854,-6757.62963518,-287153.4107884
40,20,672,-2.929982357516e-12,1.785878113941e-11,-9.531602378961e-12,1591994.264901,9471.264242617,-297274.8453408
40,20,673,-2.777464324185e-12,1.743851817286e-11,-1.015369549311e-11,1541826.631146,-13864.78720724,-289255.1089678
40,20,674,-2.606307525306e-12,1.643215313906e-11,-8.678096822519e-12,1522475.375863,-231.6955807711,-274763.86685
40,20,675,-2.890639349068e-12,1.780809481056e-11,-8.022874313524e-12,1534468.447403,25585.63089114,-297377.7532773
40,20,676,-2.607964885052e-12,1.668464657573e-11,-9.612061797215e-12,1592149.305471,1233.345009054,-278737.5559836
40,20,677,-2.63711807065e-12,1.691469916048e-11,-9.966988401093e-12,1560864.888346,-12690.47704591,-281036.8331625
40,20,678,-2.778086705318e-12,1.733680283566e-11,-9.156396972371e-12,1577427.43656,-523.0680834448,-288115.0280804
40,20,679,-2.770356431209e-12,1.713664968291e-11,-7.894893413073e-12,1507277.002201,14068.00596917,-287293.4312915
40,20,680,-2.716692535136e-12,1.68573626201e-11,-9.631952096518e-12,1571659.054561,8813.873599953,-280462.0236639
40,20,681,-2.775887093963e-12,1.744158208411e-11,-9.4274206422e-12,1557537.143864,76.16619016951,-291309.7378984
40,20,682,-2.615217588461e-12,1.661301773593e-11,-1.07244047682e-11,1585378.070364,1422.875508162,-278313.5676161
40,20,683,-3.003409145867e-12,1.815654716292e-11,-9.216988335554e-12,1565771.945076,3795.025738708,-304492.5799559
40,20,684,-2.721941950099e-12,1.692887669507e-11,-1.058805170074e-11,1564514.217595,-17230.27043544,-283003.9287068
40,20,685,-2.574808541986e-12,1.669900665291e-11,-9.23568899625e-12,1577799.430478,9080.683611544,-278238.9609863
40,20,686,-2.642250455638e-12,1.69950610365e-11,-9.730625078811e-12,1569791.16707,-1854.191471223,-281255.0288226
40,20,687,-2.824657917484e-12,1.745277266685e-11,-9.0737309886e-12,1594160.180624,5477.570458811,-292560.4871151
40,20,688,-2.615683780909e-12,1.687858742059e-11,-9.371171715781e-12,1568310.702,3034.818318876,-281421.540456
40,20,689,-2.850629878631e-12,1.749392173233e-11,-8.762565745863e-12,1550494.116901,9341.960970417,-291885.8780571
40,20,690,-2.992049712926e-12,1.818502762927e-11,-9.849826985045e-12,1593110.887952,13694.38395604,-303620.1795248
40,20,691,-2.88333309831e-12,1.75840311751e-11,-9.58482380338e-12,1569578.792359,5773.0402775,-293203.9551092
40,20,692,-2.770340929345e-12,1.727539938e-11,-9.738431856845e-12,1615306.405206,10861.05324023,-288418.1429591
40,20,693,-2.870239518282e-12,1.747898874602e-11,-8.150577130881e-12,1522295.367527,18022.27555446,-291670.8783176
40,20,694,-2.657544274358e-12,1.673352642414e-11,-1.051246562142e-11,1563995.149849,-14510.95781071,-279809.8639858
40,20,695,-2.749228684111e-12,1.749552255096e-11,-1.005289908888e-11,1611406.215298,10667.3461105,-289404.0521905
40,20,696,-3.021717313756e-12,1.831654778638e-11,-1.050070995823e-11,1587501.339581,-2620.071840734,-304451.6592628
40,20,697,-3.019773555179e-12,1.845247876309e-11,-1.0259126154e-11,1568260.448002,-4996.56805686,-303849.1065345
40,20,698,-2.969323880745e-12,1.799918895023e-11,-9.990636303109e-12,1517139.233429,-11796.02604917,-302059.9222075
40,20,699,-2.791727963761e-12,1.742223296795e-11,-9.018756627516e-12,1504903.639778,-4726.81242723,-290430.7991627
40,20,700,-2.864055024304e-12,1.746956783139e-11,-1.09744170891e-11,1618161.821047,4108.991040073,-291582.7027482
40,20,701,-2.603546361292e-12,1.650349636804e-11,-9.79508160163e-12,1530679.286623,-16137.96184108,-278299.2048808
40,20,702,-2.633407050583e-12,1.672882469237e-11,-1.07855742968e-11,1633262.751266,-7470.983662346,-280601.557761
40,20,703,-2.684921480125e-12,1.688424431732e-11,-9.789938170117e-12,1566820.367863,-3306.342194182,-282164.1054458
40,20,704,-2.799231207709e-12,1.774724969308e-11,-9.187982150882e-12,1561839.737304,3535.691976117,-293924.5301113
40,20,705,-2.78005502831e-12,1.709351329556e-11,-9.597712311172e-12,1588758.301635,1097.877945835,-285712.2011001
40,20,706,-2.810484443886e-12,1.733130804716e-11,-8.750252036765e-12,1532033.188334,7566.93872569,-289496.7986791
40,20,707,-2.933174623983e-12,1.780823175139e-11,-1.078745245072e-11,1578904.546696,-12883.55685497,-299303.4241821
40,20,708,-2.851328598093e-12,1.736355367138e-11,-1.018520784317e-11,1538002.851111,-15050.39901485,-289086.0607987
40,20,709,-2.725083464057e-12,1.714030757342e-11,-9.848084071343e-12,1534291.545261,-14724.71911575,-286095.9249832
40,20,710,-2.697989386898e-12,1.673438104434e-11,-1.013568084029e-11,1601233.617409,1210.236886848,-280434.5482482
40,20,711,-2.880709836491e-12,1.756851368014e-11,-9.88169777631e-12,1557259.892556,-15710.70908455,-292869.2856821
40,20,712,-3.048086547055e-12,1.795425934337e-11,-8.346341203762e-12,1523629.02996,16961.69337717,-301686.6561324
40,20,713,-2.914354298085e-12,1.775042095799e-11,-9.323041367149e-12,1578557.418993,15661.30057011,-295003.4470873
40,20,714,-2.830025624379e-12,1.737513360031e-11,-1.023183280562e-11,1506124.208764,-23245.20668222,-290618.8549824
40,20,715,-2.920491478481e-12,1.802907230408e-11,-8.756409170597e-12,1554965.671316,9369.633605729,-299423.4458617
40,20,716,-3.032875261066e-12,1.811140741054e-11,-9.419385598658e-12,1555011.194344,4121.810546402,-302228.2067469
40,20,717,-2.846782131105e-12,1.755714421676e-11,-9.438398843424e-12,1601068.262694,20139.17321311,-292693.7942442
40,20,718,-2.650195333537e-12,1.653752359414e-11,-9.964156736279e-12,1508503.671743,-15322.614522,-275190.4201866
40,20,719,-2.945038705462e-12,1.770235942568e-11,-9.319175727212e-12,1565072.754539,7322.996651047,-294321.5056535
40,20,720,-3.022053307345e-12,1.806241563705e-11,-1.059598786046e-11,1563231.348378,-22502.23580204,-303007.9947286
40,20,721,-2.872589062118e-12,1.779034139647e-11,-9.811630451466e-12,1544566.212649,-11696.88853319,-297332.9221226
40,20,722,-2.657406118249e-12,1.678951029384e-11,-8.092112076658e-12,1580383.853127,22953.90835961,-280397.5090244
40,20,723,-2.886411604347e-12,1.757552990253e-11,-1.035125807246e-11,1605115.642653,4154.680111928,-295406.9061496
40,20,724,-2.520923508848e-12,1.654317065328e-11,-9.354153304731e-12,1544178.760179,-1443.121532148,-275775.5231126
40,20,725,-2.666541819567e-12,1.686825957209e-11,-8.299082335666e-12,1525128.828916,11792.30273453,-281095.0519494
40,20,726,-2.926311777709e-12,1.777677076778e-11,-1.013352208196e-11,1602036.123946,10446.46575449,-298085.449493
40,20,727,-2.914309662661e-12,1.766001604947e-11,-8.88145086128e-12,1567229.637309,12613.81425766,-296255.703001
40,20,728,-2.832764918846e-12,1.742970465387e-11,-9.002147699865e-12,1537187.894495,-2010.73566223,-290767.107901
40,20,729,-2.547794606823e-12,1.659969758392e-11,-8.863387294908e-12,1476666.014592,2476.067689254,-276174.5948896
40,20,730,-2.860827563458e-12,1.757082971118e-11,-1.145031054193e-11,1598160.345063,-8972.44555573,-293127.6560992
40,20,731,-2.704698391821e-12,1.724572392187e-11,-1.013554743211e-11,1571359.06438,-13236.37125968,-289907.4254262
40,20,732,-2.777143625683e-12,1.726834260841e-11,-9.279976932026e-12,1555827.417972,5404.476643437,-288859.5494397
40,20,733,-2.673043907622e-12,1.692647057159e-11,-1.008904322095e-11,1530870.84644,-15043.01620962,-282698.6147767
40,20,734,-2.615902571906e-12,1.677361064307e-11,-9.604974788823e-12,1545402.440845,2938.137396962,-281212.9206814
40,20,735,-2.786765146293e-12,1.723163067639e-11,-8.410016501856e-12,1508589.230758,4960.554657111,-288602.7613632
40,20,736,-2.724794457933e-12,1.725255185727e-11,-9.121297834491e-12,1545063.952545,-265.042159911,-288822.9420755
40,20,737,-2.958654758994e-12,1.785296288842e-11,-7.598991122845e-12,1550400.778537,23121.73910602,-296176.2719989
40,20,738,-2.765014753028e-12,1.70082039032e-11,-9.659832979631e-12,1563459.800645,2064.326508932,-283046.0910344
40,20,739,-2.834726041379e-12,1.749005352702e-11,-8.746438867945e-12,1564182.614993,14735.22645833,-291941.4200445
40,20,740,-2.732875895125e-12,1.716069951335e-11,-9.981821998066e-12,1574582.192801,-2374.09646802,-287367.1450885
40,20,741,-3.117761164609e-12,1.804556933389e-11,-1.115350748377e-11,1610898.840126,-10915.35350307,-301669.6327442
40,20,742,-3.058906087597e-12,1.813769703203e-11,-1.122173567926e-11,1622024.599395,-14608.83401773,-302926.6078165
40,20,743,-3.034737789942e-12,1.802394099424e-11,-9.884131218215e-12,1592651.13967,11254.52465674,-300224.1121199
40,20,744,-2.781711222702e-12,1.716103764027e-11,-8.409040237425e-12,1474112.197112,-9623.095450959,-287182.4707331
40,20,745,-2.838728986167e-12,1.724856206083e-11,-1.105579490817e-11,1566650.224911,-15903.54737042,-288940.5653867
40,20,746,-2.862649159863e-12,1.781480334929e-11,-8.613260339032e-12,1571829.930193,18864.38892561,-296555.9288462
40,20,747,-3.089311411977e-12,1.843406605766e-11,-1.006106533944e-11,1563013.637197,5032.517553896,-308929.5931281
40,20,748,-2.520451793361e-12,1.655823954275e-11,-9.010755306963e-12,1519479.032498,-6820.451009362,-275907.0117595
40,20,749,-2.736981472598e-12,1.704961452044e-11,-1.075241261676e-11,1577198.205884,-12431.24698997,-286574.2647069
40,20,750,-2.791873064211e-12,1.747606319316e-11,-8.936627106535e-12,1579433.123001,10905.0961806,-291273.03303
40,20,751,-2.812745982323e-12,1.734815212078e-11,-9.560309106643e-12,1565263.115141,2194.496929929,-289590.2357211
40,20,752,-2.783111824143e-12,1.715768283008e-11,-1.094911588164e-11,1606646.255723,-9590.759907052,-287275.6755611
40,20,753,-2.688021953815e-12,1.699708803107e-11,-8.270903437707e-12,1525143.581259,-1004.218847754,-284075.5354111
40,20,754,-2.593953389224e-12,1.684469829443e-11,-8.653055114749e-12,1575671.913142,21727.7752902,-280176.6059476
40,20,755,-2.815461653185e-12,1.760399383381e-11,-1.034486857602e-11,1522729.680285,-20622.35774919,-294006.8968934
40,20,756,-2.850954257229e-12,1.753116597244e-11,-1.001432059288e-11,1593588.743959,2452.611062886,-291408.2712571
40,20,757,-2.6607892313e-12,1.699132530142e-11,-1.06493921876e-11,1583621.243205,-19061.57541559,-284714.0971622
40,20,758,-3.056270371963e-12,1.818278759764e-11,-1.004063498779e-11,1604286.964788,8796.207564366,-303548.660036
40,20,759,-2.80245422083e-12,1.722987007707e-11,-9.935879916263e-12,1606776.807976,4121.600736733,-288205.0614074
40,20,760,-2.854511058187e-12,1.753929746034e-11,-1.139937030589e-11,1613246.695608,-20444.37745552,-293035.7670985
40,20,761,-2.980965675269e-12,1.782618485534e-11,-1.016937001339e-11,1602200.855714,-3391.194115409,-296165.9489402
40,20,762,-2.913067266991e-12,1.740659117169e-11,-9.789472298721e-12,1551830.494384,-10805.877462,-291555.2800244
40,20,763,-2.961739869788e-12,1.772632202002e-11,-9.56914960426e-12,1599620.696523,10653.26439137,-295759.3563792
40,20,764,-2.737679032028e-12,1.708585276274e-11,-8.958765341211e-12,1614203.901438,11470.79023725,-284766.0960721
40,20,765,-2.922062883534e-12,1.748439931241e-11,-9.516649580027e-12,1568254.175921,1089.994255362,-293361.2566556
40,20,766,-2.852732122166e-12,1.780856504737e-11,-9.507815236748e-12,1593034.196061,3162.513733986,-295693.2789586
40,20,767,-2.776214856099e-12,1.730439375215e-11,-1.019294896081e-11,1554127.769884,-15025.55730101,-289405.4345008
40,20,768,-2.792512930857e-12,1.718060897794e-11,-9.582480997516e-12,1579386.362417,-6276.738400958,-287974.7062309
40,20,769,-3.062662072e-12,1.802096575362e-11,-1.113883498595e-11,1565481.093555,-10373.32210853,-302141.5152222
40,20,770,-2.892079685378e-12,1.750955998449e-11,-9.56428418235e-12,1571022.453586,4635.726475885,-291109.7157813
40,20,771,-2.871937902921e-12,1.770064017543e-11,-8.8907933822e-12,1595343.13099,9051.134564488,-296998.198351
40,20,772,-2.83871042348e-12,1.753418965092e-11,-9.535714030897e-12,1577287.48474,2702.111337539,-292470.918467
40,20,773,-2.784204250798e-12,1.774301191135e-11,-9.598602461803e-12,1588067.220458,2257.338240019,-295769.1278087
40,20,774,-2.886732855341e-12,1.786692366183e-11,-8.517510120551e-12,1578048.964608,9780.398112416,-297069.6331397
40,20,775,-2.823727236044e-12,1.747058379084e-11,-9.919220056479e-12,1568499.347401,-5874.41957906,-290992.3525402
40,20,776,-2.549895539749e-12,1.643887131008e-11,-8.483698941752e-12,1533065.5349,8386.337495384,-275169.9591341
40,20,777,-2.983222535326e-12,1.7947805134e-11,-1.081050601588e-11,1606449.011509,-4981.73924012,-301537.7539499
40,20,778,-2.800875890525e-12,1.742932535802e-11,-8.688049469239e-12,1524783.444184,4286.572455694,-291049.7937759
40,20,779,-2.966755257262e-12,1.795793704134e-11,-9.195439899211e-12,1582211.554814,746.3509131317,-298874.4387679
40,20,780,-2.777620460283e-12,1.725357362132e-11,-9.304022994365e-12,1503834.761865,-9313.685394924,-289055.1686704
40,20,781,-3.046408546717e-12,1.831758480789e-11,-9.76508748763e-12,1596934.96176,-7172.405211695,-304470.8701323
40,20,782,-2.996910808115e-12,1.826144195252e-11,-1.099351436982e-11,1571442.113295,-14003.80470866,-303900.0738893
40,20,783,-2.779027589934e-12,1.733762735995e-11,-8.856988214866e-12,1496102.244717,-6210.240371465,-287898.0283318
40,20,784,-2.71390012864e-12,1.696624279036e-11,-9.734662701703e-12,1545107.442039,-10976.54209644,-283440.8777551
40,20,785,-2.846252361068e-12,1.758661713898e-11,-9.008254474968e-12,1563641.226626,2805.784684597,-293668.2758703
40,20,786,-2.89808789456e-12,1.749173786002e-11,-9.006639624854e-12,1528084.978925,-837.4755422838,-293848.1483896
40,20,787,-2.823995512438e-12,1.730670349433e-11,-9.145341160431e-12,1578248.570561,10383.67338081,-287994.8864459
40,20,788,-2.741236900504e-12,1.690642634428e-11,-9.558888384223e-12,1537105.150993,1810.134376516,-284426.9256335
40,20,789,-2.768972184347e-12,1.713927588206e-11,-8.63845943824e-12,1522495.48958,1798.713777058,-287041.8832809
40,20,790,-2.735880531922e-12,1.731164454455e-11,-1.062873828384e-11,1595244.995964,-14781.19053956,-289086.0776236
40,20,791,-2.852654186734e-12,1.751205677227e-11,-1.05074906616e-11,1567236.643722,-12522.61200169,-292644.384321
40,20,792,-2.813935695736e-12,1.708722768109e-11,-9.946287385039e-12,1562723.547311,-2620.586576776,-285153.7701996
40,20,793,-2.922974523729e-12,1.775653789086e-11,-9.698200683028e-12,1592785.222792,11339.78159591,-296987.3735774
40,20,794,-2.993018624822e-12,1.781731669119e-11,-9.312653756854e-12,1577927.332165,1176.146096027,-298264.9248594
40,20,795,-3.123627175539e-12,1.871258265337e-11,-1.01110573389e-11,1622490.420563,6121.668134111,-312078.1031181
40,20,796,-2.71350013452e-12,1.737144810595e-11,-9.394512684787e-12,1549504.801737,-6531.684206481,-290967.5221702
40,20,797,-2.469935626765e-12,1.627262439823e-11,-8.812073405179e-12,1512688.089586,3616.722353523,-271839.3957614
40,20,798,-2.834111167071e-12,1.746805009419e-11,-9.131359162564e-12,1586202.934845,14673.49722771,-291822.7885848
40,20,799,-2.948416068381e-12,1.768228255595e-11,-1.127080329218e-11,1578019.882095,-15100.22631035,-298381.6535498
40,20,800,-3.080301808821e-12,1.842008965237e-11,-8.000326082352e-12,1583483.516879,22453.35841489,-307324.2626576
40,20,801,-2.838783278172e-12,1.761627194997e-11,-8.397646501367e-12,1584212.032553,7644.878789668,-294509.915804
40,20,802,-2.96926122061e-12,1.750749361815e-11,-8.995760810676e-12,1534458.514894,6827.474905026,-292547.9724759
40,20,803,-2.854139194725e-12,1.752077387995e-11,-9.028657596539e-12,1537820.262917,2611.842834664,-292442.5725858
40,20,804,-2.751110590962e-12,1.698097586405e-11,-9.820118591228e-12,1486189.968389,-15097.31975645,-284456.7267606
40,20,805,-2.85069084192e-12,1.760753731075e-11,-8.787558596356e-12,1507141.841195,4567.633868415,-293825.3490837
40,20,806,-2.767714072429e-12,1.725807475364e-11,-1.050427511868e-11,1581477.869808,-5357.130089708,-287721.4521306
40,20,807,-2.717100233826e-12,1.693772780933e-11,-9.154920201584e-12,1499454.321185,-8576.260215346,-283617.2810319
40,20,808,-2.902500746976e-12,1.752030092966e-11,-9.717542086783e-12,1532050.576432,-12857.29597617,-292180.0160422
40,20,809,-2.989455567298e-12,1.791320367993e-11,-1.005588311639e-11,1577878.686264,-10671.67090368,-298843.0286558
40,20,810,-2.878605595468e-12,1.746557900201e-11,-8.750375173672e-12,1543924.581398,10106.69895034,-291975.0978675
40,20,811,-2.715305719908e-12,1.707056790943e-11,-9.144293834e-12,1541452.783912,-111.2177343697,-284225.5015072
40,20,812,-2.624656698856e-12,1.684122995132e-11,-8.571435721376e-12,1515387.82978,1046.05714666,-280358.96292
40,20,813,-2.859302184351e-12,1.751177548499e-11,-9.991373836501e-12,1547682.584673,162.879542756,-293446.1350049
40,20,814,-2.902766418976e-12,1.781026225017e-11,-1.070268112909e-11,1650897.746045,4176.451931282,-295049.7570503
40,20,815,-2.690317138765e-12,1.714021508874e-11,-9.095643840263e-12,1536438.171699,2929.641398031,-284977.8926753
40,20,816,-2.731896318144e-12,1.713871347695e-11,-8.876171980888e-12,1569853.280396,9024.790428408,-287456.7391342
40,20,817,-2.978341115347e-12,1.800778126842e-11,-8.87877344148e-12,1559075.288999,1758.146681561,-300382.8923153
40,20,818,-2.711817311988e-12,1.700049940768e-11,-1.115106515836e-11,1576221.432244,-30202.91916643,-281792.9518705
40,20,819,-3.084150759e-12,1.797860334365e-11,-1.24715593106e-11,1627631.734003,-27800.39151201,-302417.4692996
40,20,820,-2.785575159222e-12,1.732130336619e-11,-9.780328029971e-12,1570839.67931,-2638.791538304,-289226.2643814
40,20,821,-2.785711025495e-12,1.740333320497e-11,-8.216529164127e-12,1544101.779096,21347.88595623,-289122.3587521
40,20,822,-2.849732480429e-12,1.773554249031e-11,-1.00208669653e-11,1630256.187375,8244.359054653,-295316.1284152
40,20,823,-3.013665954587e-12,1.774713721746e-11,-1.01620422358e-11,1525091.734546,-8552.995722525,-298036.7763027
40,20,824,-3.132900942734e-12,1.818378715192e-11,-8.940747094173e-12,1548101.949922,3702.248278544,-302667.674047
40,20,825,-2.921923217248e-12,1.75609905853e-11,-1.057515119866e-11,1587486.685111,-7550.023667235,-294872.3087016
40,20,826,-2.907570050623e-12,1.743411043594e-11,-1.057571477191e-11,1563826.080267,-4282.870941987,-292097.6055165
40,20,827,-2.831893470695e-12,1.786067216226e-11,-8.977366188573e-12,1576095.330838,15808.49877804,-295782.1188319
40,20,828,-2.686746785416e-12,1.708915530202e-11,-1.023415133963e-11,1607498.476812,-6728.652153366,-285559.3940771
40,20,829,-2.784454954078e-12,1.726223865491e-11,-9.030943205143e-12,1537739.467906,7690.977530475,-286626.9463132
40,20,830,-2.534417367661e-12,1.647797010082e-11,-8.408720249639e-12,1546234.398195,2318.655067638,-276837.6661545
40,20,831,-2.470012421279e-12,1.622966881264e-11,-8.361293602476e-12,1517455.922592,-895.1083929607,-270403.3547761
40,20,832,-2.905871371336e-12,1.740241499074e-11,-8.520897297418e-12,1548615.186637,14290.09878278,-291875.6638567
40,20,833,-2.774615117858e-12,1.712078538408e-11,-9.619451663385e-12,1528471.250702,-4316.624677977,-286588.6278724
40,20,834,-2.824105064693e-12,1.746556613174e-11,-9.085244490412e-12,1572559.033272,12985.9691298,-292680.4440066
40,20,835,-2.612798820802e-12,1.655675298651e-11,-9.383879928119e-12,1561767.058309,4977.528264506,-277297.1856123
40,20,836,-2.785884395893e-12,1.729091043668e-11,-1.023627952106e-11,1566817.374023,-6616.543361782,-287485.9717005
40,20,837,-2.987173303173e-12,1.774027384552e-11,-1.007820738129e-11,1587345.134664,1830.816775096,-297408.0515064
40,20,838,-2.63306510905e-12,1.66541152416e-11,-9.015675639039e-12,1511141.912435,-11732.49450502,-279610.9739556
40,20,839,-2.712958840716e-12,1.707606672626e-11,-1.090880416813e-11,1533373.945686,-26013.80577137,-285934.467579
40,20,840,-2.841751807902e-12,1.744819403571e-11,-1.079426403875e-11,1605929.200362,-11502.26724943,-292040.1767161
40,20,841,-2.750828877999e-12,1.700301739738e-11,-1.084758507135e-11,1596994.403325,-4136.876226853,-284975.618843
40,20,842,-2.84351947942e-12,1.738267359031e-11,-1.056711688589e-11,1583305.438892,-11613.9703312,-292119.4189419
40,20,843,-2.833511515015e-12,1.750277254776e-11,-9.404612500932e-12,1540195.26002,-6487.051491757,-293607.7022032
40,20,844,-2.722990677824e-12,1.674875125534e-11,-9.323948143005e-12,1550922.162358,-2483.955806688,-280276.3770265
40,20,845,-2.880139603167e-12,1.798097324849e-11,-8.873325814567e-12,1571308.354035,14922.30986502,-298476.8556445
40,20,846,-2.891762953742e-12,1.776256182642e-11,-9.123115139713e-12,1582324.977203,5031.042947626,-299166.2814148
40,20,847,-2.721349739946e-12,1.747920745933e-11,-9.722254702733e-12,1566013.476905,-6713.459117068,-290446.5633982
40,20,848,-2.659510850844e-12,1.702850834731e-11,-7.212615373124e-12,1547657.652697,27707.82939184,-282757.3628628
40,20,849,-2.971754638907e-12,1.799402467987e-11,-1.121390992656e-11,1597106.918359,-12898.56368809,-300157.397418
40,20,850,-2.566158429409e-12,1.658760242112e-11,-9.157185199571e-12,1544887.12259,-3289.177616361,-278119.8281838
40,20,851,-2.626154372887e-12,1.694041163862e-11,-8.407961899483e-12,1480083.385554,-5873.747202088,-282364.0097701
40,20,852,-2.759923582323e-12,1.708115773189e-11,-9.103585793103e-12,1557188.611092,2909.843198756,-286862.5758478
40,20,853,-2.582802382341e-12,1.641171764049e-11,-9.153138816797e-12,1513705.163778,-7027.930971448,-273802.2906717
40,20,854,-2.686988810599e-12,1.716073097214e-11,-9.087494409956e-12,1605295.804701,9826.452446261,-286285.5152382
40,20,855,-2.750555252038e-12,1.738852848438e-11,-9.880641528851e-12,1584647.612773,4858.476507766,-290498.9549374
40,20,856,-2.546166552621e-12,1.634166464063e-11,-1.057531159488e-11,1539828.508204,-23040.53339142,-274191.0128161
40,20,857,-2.986512225565e-12,1.801593858193e-11,-1.009534555623e-11,1550536.399877,-12924.64498765,-301786.8097746
40,20,858,-2.986861397623e-12,1.79010564349e-11,-9.667931333511e-12,1588471.812274,8837.013755704,-298492.9747873
40,20,859,-2.933757314198e-12,1.765475109513e-11,-8.963370279288e-12,1515470.786086,3036.830594088,-295711.8690423
40,20,860,-3.036627225566e-12,1.802515978126e-11,-9.254231183213e-12,1547121.228492,-5032.3173815,-299855.1376225
40,20,861,-2.570821493555e-12,1.662384139755e-11,-8.603131427505e-12,1563922.478726,6512.96242315,-276604.4429275
40,20,862,-2.624362719962e-12,1.678609901549e-11,-8.798880369428e-12,1552409.959276,4322.22920118,-279478.5905296
40,20,863,-2.721679156827e-12,1.69949017678e-11,-9.249605494728e-12,1551336.216032,-979.5907941608,-284924.4692522
40,20,864,-2.808054756272e-12,1.757305466131e-11,-9.373783368927e-12,1532212.555377,555.2561325902,-293188.1774054
40,20,865,-2.81429210883e-12,1.734454950172e-11,-8.673845739849e-12,1562510.935086,6925.39475632,-288693.4024262
40,20,866,-2.793957544894e-12,1.735923099955e-11,-9.512374622705e-12,1533969.805194,-13282.55975813,-289037.2198221
40,20,867,-2.562299941582e-12,1.657265739139e-11,-9.567590608219e-12,1508504.376878,-14563.6592127,-276016.9845953
40,20,868,-3.036009798801e-12,1.817800910305e-11,-1.061816677748e-11,1566161.77253,-11349.65066901,-304425.1837227
40,20,869,-3.099515036082e-12,1.812163089122e-11,-8.975663662027e-12,1547483.316772,2708.174922981,-303342.9027273
40,20,870,-2.709059082499e-12,1.691911341959e-11,-9.72116483723e-12,1547352.985931,-10244.73196237,-284680.6402543
40,20,871,-2.646072575389e-12,1.695289358233e-11,-9.475213604742e-12,1599296.099212,7179.442737414,-283990.1438953
40,20,872,-2.84102017064e-12,1.745983541753e-11,-9.846665398075e-12,1584157.534279,2179.382704547,-291969.5459781
40,20,873,-2.911137489187e-12,1.758084407385e-11,-1.148075476622e-11,1578357.503452,-11072.74762683,-294856.6756826
40,20,874,-2.804558403289e-12,1.727643568344e-11,-9.273686177161e-12,1573121.48061,12804.25676138,-287214.135388
40,20,875,-2.979594371181e-12,1.788042228233e-11,-9.834298347976e-12,1567327.604113,-10085.7003611,-298870.3693725
40,20,876,-2.802787707199e-12,1.748813575643e-11,-9.097419323187e-12,1547247.213994,-865.0109019093,-290618.2182907
40,20,877,-2.702070502018e-12,1.713876106706e-11,-9.218670349468e-12,1572110.843726,8401.05048051,-286305.8281075
40,20,878,-2.812586096858e-12,1.731517875833e-11,-9.56216327058e-12,1602365.347484,3188.253347164,-289050.2966471
40,20,879,-2.715850334958e-12,1.712816909244e-11,-1.105078322234e-11,1542138.521429,-29905.51596495,-284955.9793705
40,20,880,-2.825626271933e-12,1.739675778725e-11,-8.274594526158e-12,1496264.07068,7678.573552312,-290241.7080071
40,20,881,-2.963613090118e-12,1.773222613103e-11,-9.703371304334e-12,1550209.179915,-13177.58163819,-294149.2207647
40,20,882,-2.833791774925e-12,1.722706522534e-11,-1.057878371766e-11,1553114.17611,-19514.32514917,-288836.0049021
40,20,883,-2.652822039982e-12,1.69452145608e-11,-9.503488586061e-12,1573348.687997,9020.879914104,-284370.5953582
40,20,884,-2.864336722426e-12,1.72808702402e-11,-1.061204802957e-11,1559639.876756,-11681.88878502,-290927.6547345
40,20,885,-2.833558984028e-12,1.749035994703e-11,-9.144731809862e-12,1546025.507836,6276.972101359,-292321.0690954
40,20,886,-2.792178589162e-12,1.735275111332e-11,-1.025515048911e-11,1558724.410983,-19309.9085746,-289876.1481992
40,20,887,-2.844281090308e-12,1.740617301997e-11,-9.317325907371e-12,1553203.985647,16305.48609166,-290158.1798051
40,20,888,-2.543905255472e-12,1.652071616331e-11,-1.092790631858e-11,1595990.319576,-5781.843364627,-275168.2521967
40,20,889,-2.976199189163e-12,1.787797488898e-11,-8.761750185679e-12,1557258.614447,7918.19258216,-299203.6518808
40,20,890,-2.694453542538e-12,1.677089618154e-11,-7.755865255566e-12,1530247.816075,20433.46584171,-280402.6150114
40,20,891,-2.786256257755e-12,1.757586264588e-11,-9.438702978451e-12,1545354.266484,-8562.764648757,-292683.5731193
40,20,892,-2.790598393419e-12,1.731063272474e-11,-9.425056190902e-12,1530654.455008,-7717.623210146,-286893.8499912
40,20,893,-2.521495733042e-12,1.633009270145e-11,-9.147431707825e-12,1576721.897009,17684.68724482,-272197.1139838
40,20,894,-2.671812490332e-12,1.669056862074e-11,-7.895922714888e-12,1532047.711671,19959.13062705,-279541.1104228
40,20,895,-2.857283972718e-12,1.774604674373e-11,-1.00669844766e-11,1588651.27355,-303.8286872826,-295586.1301495
40,20,896,-3.009750108815e-12,1.798658200042e-11,-1.015063859322e-11,1578349.325573,-93.86407289043,-299952.0996893
40,20,897,-2.588991751331e-12,1.662267184237e-11,-8.403436776146e-12,1538816.548364,10698.63534807,-278653.0389587
40,20,898,-2.889018975715e-12,1.783531532424e-11,-1.134754128582e-11,1639408.168445,-10089.59759092,-297880.6456886
40,20,899,-2.658975826237e-12,1.686245206351e-11,-9.617225864405e-12,1529379.659402,-11949.24109162,-282140.8187125
40,20,900,-2.618614147314e-12,1.682652960241e-11,-9.594887995698e-12,1512960.372452,-12461.16711025,-281605.7478086
40,20,901,-2.938056892367e-12,1.763367861553e-11,-9.630093455204e-12,1591176.760148,8947.606333397,-295516.8324849
40,20,902,-3.088711421257e-12,1.808709327336e-11,-9.881494734142e-12,1581376.492153,6944.375425185,-303336.72614
40,20,903,-2.641723301944e-12,1.700793433469e-11,-9.076603240902e-12,1559119.962708,4353.116748769,-282557.1999592
40,20,904,-2.858302990534e-12,1.731796174193e-11,-8.521860772383e-12,1554411.063571,8968.723081758,-289708.0544811
40,20,905,-2.803386675212e-12,1.754919161325e-11,-1.039097984277e-11,1524189.922264,-20848.18902984,-291795.0952793
40,20,906,-2.835432097618e-12,1.749675090173e-11,-1.0124568628e-11,1576188.936258,-856.1972771077,-293441.9278173
40,20,907,-2.782222499003e-12,1.696304243137e-11,-1.055470520021e-11,1555859.687715,-13401.36127685,-284995.6101107
40,20,908,-2.93501897795e-12,1.785414593956e-11,-8.819543621264e-12,1525971.567823,15.16115311197,-297752.3216354
40,20,909,-2.895824153158e-12,1.782737843907e-11,-8.99396769421e-12,1591682.489281,17204.0798453,-297600.0605356
40,20,910,-2.849329211033e-12,1.775191152394e-11,-1.0094675052e-11,1560696.854876,-18097.51302949,-296225.3930194
40,20,911,-2.769514383141e-12,1.715003130403e-11,-1.003318833598e-11,1567802.89654,-11223.26627666,-287785.7501391
40,20,912,-2.587970707072e-12,1.684369570652e-11,-9.309874443337e-12,1504618.602715,-2930.142276016,-282147.1722049
40,20,913,-2.913000002989e-12,1.7485827219e-11,-8.695571547815e-12,1529097.128716,9320.401643173,-291511.1703848
40,20,914,-2.875978661433e-12,1.760142974995e-11,-8.437902640913e-12,1557230.482074,16095.69285798,-293582.3037445
40,20,915,-2.638738858958e-12,1.674864978462e-11,-9.690820097539e-12,1611778.587207,10850.12559578,-281374.847025
40,20,916,-2.708038421371e-12,1.710071782525e-11,-1.023535204301e-11,1594799.959367,-15477.6459526,-285788.3413559
40,20,917,-2.940619436188e-12,1.761234746549e-11,-1.092286784879e-11,1604093.630464,-17297.49680493,-296975.1874227
40,20,918,-2.903692957095e-12,1.788669590088e-11,-9.650719695103e-12,1548292.599935,2989.021225884,-297822.5769053
40,20,919,-2.511145786497e-12,1.611558081434e-11,-1.064453052679e-11,1559609.220324,-14689.48931362,-271922.3889025
40,20,920,-2.965778746198e-12,1.771339421227e-11,-9.714180713648e-12,1560454.268976,5452.13919493,-294901.7811305
40,20,921,-2.859597105581e-12,1.754147600222e-11,-1.00229658145e-11,1628158.972696,-9331.815459451,-292853.1755943
40,20,922,-2.604444687929e-12,1.686368768812e-11,-8.829872957626e-12,1571880.384597,16359.17135925,-281421.7564386
40,20,923,-2.873209238887e-12,1.767329862173e-11,-8.430865300206e-12,1548842.598757,12349.13508829,-295499.4971075
40,20,924,-2.789742679499e-12,1.724424687629e-11,-9.343160073104e-12,1592033.087679,6884.720615106,-286501.0578612
40,20,925,-2.876328623952e-12,1.768905787231e-11,-9.955044743127e-12,1569094.350214,2765.393527419,-294495.5069169
40,20,926,-2.931999964604e-12,1.784566172116e-11,-9.629673384328e-12,1537009.107294,-9888.510610913,-297915.5373655
40,20,927,-2.93537618275e-12,1.802821874142e-11,-9.530867318534e-12,1595732.509922,2707.32837812,-301664.9417821
40,20,928,-3.214804520798e-12,1.826458994089e-11,-9.760940340626e-12,1603125.69427,11142.12188699,-306034.1133238
40,20,929,-3.008533740662e-12,1.757236102146e-11,-9.218982344968e-12,1577123.304067,3489.8768122,-294894.3963371
40,20,930,-2.790746238128e-12,1.710642772309e-11,-9.63582494836e-12,1581843.693528,5479.615824972,-284754.4191148
40,20,931,-2.736697890133e-12,1.703989120123e-11,-9.528555521395e-12,1554341.28073,2341.619806147,-284993.6008421
40,20,932,-3.011363483536e-12,1.819764275246e-11,-9.108540367384e-12,1617866.703084,23280.91749746,-303811.0094239
40,20,933,-2.727902900153e-12,1.723628444273e-11,-9.488226767012e-12,1594125.841175,-4974.722546269,-289262.8714747
40,20,934,-2.778981150065e-12,1.744601987041e-11,-9.132623213381e-12,1575105.172596,18532.64238381,-289440.2783184
40,20,935,-2.938158526884e-12,1.795791309052e-11,-9.936041801042e-12,1575741.134985,4747.94376283,-298506.4957181
40,20,936,-2.791695186422e-12,1.709354836278e-11,-8.329149016038e-12,1573932.557463,19496.65243432,-284314.9400511
40,20,937,-2.798265084486e-12,1.739323583969e-11,-1.028150605142e-11,1588391.22483,562.9697450783,-291627.4849816
40,20,938,-2.922741931978e-12,1.760742434299e-11,-8.451926178899e-12,1574406.980923,16037.76762286,-292484.1839996
40,20,939,-2.930064811516e-12,1.785671043278e-11,-9.082345789165e-12,1548924.059455,4751.732897408,-297125.7985263
40,20,940,-2.675657895277e-12,1.679491443983e-11,-7.554404533497e-12,1544073.88465,21565.48623649,-280548.1815251
40,20,941,-2.841032653075e-12,1.773623534225e-11,-8.046687937479e-12,1539414.274723,12815.28706918,-296250.0305739
40,20,942,-2.704573154788e-12,1.696641127537e-11,-8.75009206693e-12,1505700.358681,-3630.779665079,-283361.5400989
40,20,943,-2.971714005306e-12,1.782859722268e-11,-9.944143401175e-12,1564453.295201,-5692.546684225,-299749.1524712
40,20,944,-2.679427091034e-12,1.69143842365e-11,-9.353284618886e-12,1565015.372704,8577.570769944,-282733.5580482
40,20,945,-2.904045457391e-12,1.749951880388e-11,-9.347216152852e-12,1563448.223122,-2460.830330586,-294165.0257889
40,20,946,-2.824998364529e-12,1.743996387427e-11,-1.068346614446e-11,1579536.49642,-6202.859991273,-291618.3111985
40,20,947,-2.751982220795e-12,1.736487657103e-11,-1.052353846544e-11,1571681.41824,-4016.510067424,-288294.80542
40,20,948,-2.556396207179e-12,1.673414710142e-11,-8.157749248706e-12,1522830.246745,5229.700892523,-276993.1883811
40,20,949,-2.786106552061e-12,1.722239082444e-11,-8.877156880271e-12,1543313.500236,94.74923648704,-288065.5629563
40,20,950,-2.687695640608e-12,1.671691248388e-11,-9.713189275292e-12,1585395.968642,8378.688828131,-280220.1842137
40,20,951,-2.832334137193e-12,1.756233572024e-11,-8.671148105618e-12,1521021.120342,3109.337720088,-293781.4495167
40,20,952,-2.796263036088e-12,1.746486781881e-11,-1.010409471161e-11,1566414.644912,-7788.430920127,-293110.0922934
40,20,953,-2.804656736004e-12,1.738492700381e-11,-9.614670381154e-12,1548082.861316,-1151.065438469,-291039.4675463
40,20,954,-2.830688115643e-12,1.721618355901e-11,-1.081821479492e-11,1568980.837312,-14290.09022223,-287519.736899
40,20,955,-3.036043078471e-12,1.782082284343e-11,-9.726357102456e-12,1570091.432384,3625.199144615,-297714.1235017
40,20,956,-2.755255427187e-12,1.71220557564e-11,-1.133583857441e-11,1638094.299005,-17147.50926965,-285418.4558489
40,20,957,-2.793234605718e-12,1.731832543126e-11,-7.610390797092e-12,1504623.558544,11152.82544528,-287644.8525349
40,20,958,-2.72886141905e-12,1.719089371586e-11,-1.019552021253e-11,1525714.702697,-12583.26225729,-285683.0019875
40,20,959,-2.884563360065e-12,1.750358465688e-11,-8.063094668849e-12,1539653.52925,16647.39559941,-292947.3842727
40,20,960,-2.872879892636e-12,1.770202267028e-11,-1.09489263652e-11,1580067.212251,-12480.3786858,-294082.2293219
40,20,961,-2.859405446869e-12,1.772219709878e-11,-8.591795033305e-12,1548838.319779,6477.621688941,-295249.2006327
40,20,962,-2.813484821806e-12,1.759685494609e-11,-8.336476404413e-12,1523975.187813,1760.619152041,-293691.1970313
40,20,963,-2.706768812067e-12,1.704656298019e-11,-8.761652329675e-12,1542773.367605,6550.183090242,-285636.9812221
40,20,964,-2.617313692044e-12,1.679077346638e-11,-9.944550460375e-12,1618147.8365,13096.03995897,-281785.1116874
40,20,965,-2.955884414328e-12,1.791306235058e-11,-8.174888661904e-12,1546859.660604,16825.47529003,-300103.9961785
40,20,966,-2.650849507079e-12,1.678394883299e-11,-9.19020833685e-12,1536668.150163,-2413.757794507,-281492.4528793
40,20,967,-2.731866122839e-12,1.724198932613e-11,-1.007986896272e-11,1596013.244096,-1772.670554458,-289470.7462074
40,20,968,-2.913644127016e-12,1.764259713728e-11,-9.740531733803e-12,1554213.638445,-1260.66754353,-294194.914543
40,20,969,-2.823172159362e-12,1.75009380977e-11,-9.525324848767e-12,1577256.151203,-1117.767049927,-292396.7945593
40,20,970,-2.907772235975e-12,1.762552585664e-11,-1.008586558375e-11,1547596.811998,-11319.26087441,-295339.1602274
40,20,971,-2.852131549135e-12,1.741307291068e-11,-9.854870539457e-12,1535946.653635,-2911.824897411,-291459.4420764
40,20,972,-2.616743000359e-12,1.676149045489e-11,-8.91421824478e-12,1531904.792825,7619.681350751,-277800.055051
40,20,973,-2.929693606894e-12,1.776061572138e-11,-8.941642021511e-12,1558444.365748,3333.333061593,-299217.9044634
40,20,974,-2.595249410156e-12,1.677532085761e-11,-9.636173066367e-12,1539133.534566,328.060547073,-279041.3534016
40,20,975,-2.776669122113e-12,1.72457993184e-11,-8.16121918776e-12,1546473.220878,17355.55388245,-287897.9715918
40,20,976,-3.033942912867e-12,1.824759742031e-11,-8.259347709527e-12,1555132.597501,4333.774479222,-302739.006581
40,20,977,-2.937746196022e-12,1.76701797671e-11,-8.955690506861e-12,1582129.231157,12496.1010217,-293525.4828777
40,20,978,-2.873397441583e-12,1.765146502878e-11,-1.02523408207e-11,1604716.889503,-2404.039420309,-294089.0047486
40,20,979,-2.894135004089e-12,1.763372154486e-11,-9.644756867331e-12,1551771.38509,-1935.931513711,-294630.1602197
40,20,980,-2.573577462124e-12,1.638544712833e-11,-6.572746372512e-12,1498287.266968,35685.87833121,-274552.8278127
40,20,981,-2.835452989316e-12,1.724161013152e-11,-9.554558049012e-12,1583553.402377,1842.67345681,-289003.0897423
40,20,982,-2.924653671879e-12,1.757234152164e-11,-8.522847282631e-12,1554326.954768,16647.48553982,-291912.5768969
40,20,983,-2.826650528858e-12,1.756932582118e-11,-7.455725019683e-12,1576875.765418,31700.44711913,-292112.324421
40,20,984,-3.02299946208e-12,1.793842627133e-11,-1.112853371381e-11,1592286.285299,-9228.227651218,-301040.6309831
40,20,985,-2.795365956299e-12,1.722204916474e-11,-8.756608306081e-12,1551352.815214,3083.291256739,-288055.4376426
40,20,986,-2.886929781995e-12,1.771485532051e-11,-8.518990424758e-12,1512990.253171,2925.610777521,-294903.6073489
40,20,987,-2.898962938266e-12,1.74853295566e-11,-9.545722382872e-12,1582008.242144,1498.846757994,-291709.2311254
40,20,988,-2.873548022979e-12,1.764397424267e-11,-9.064116401267e-12,1558241.119021,2892.015433575,-294701.5060869
40,20,989,-2.870244076899e-12,1.743003937311e-11,-1.258595720195e-11,1643122.594705,-30744.81890381,-292104.7236813
40,20,990,-2.527727619825e-12,1.67123469099e-11,-9.779954651485e-12,1541269.942287,-11636.21980001,-278975.243716
40,20,991,-2.988943274672e-12,1.771374288752e-11,-9.106489315385e-12,1582871.064636,5326.065963842,-297254.5363766
40,20,992,-2.797614238256e-12,1.726145961618e-11,-8.600923693826e-12,1529170.687328,-7951.174436201,-288222.355408
40,20,993,-2.773352979478e-12,1.7435308752e-11,-8.757975526706e-12,1463139.917297,-4608.552596763,-292874.2313735
40,20,994,-2.583220707726e-12,1.654526065375e-11,-9.570736657709e-12,1557208.666717,-1548.254385722,-277579.8709426
40,20,995,-2.708457959639e-12,1.71536905661e-11,-9.242372643787e-12,1501693.950247,-19458.61938567,-285069.4906647
40,20,996,-3.006357230098e-12,1.798986521323e-11,-1.101787057178e-11,1572784.392117,-14444.29118734,-301090.7026368
40,20,997,-2.906359566431e-12,1.759940240218e-11,-9.45728973012e-12,1516724.583519,-8518.149464317,-294296.0508177
40,20,998,-2.670841358663e-12,1.659160862416e-11,-8.805773125514e-12,1505643.209857,5359.044951252,-277317.2568209
40,20,999,-2.803101021826e-12,1.746944826301e-11,-1.030520071553e-11,1597098.169344,-2339.974888889,-290374.4488616
40,20,1000,-2.779586276721e-12,1.756469091054e-11,-9.923544645281e-12,1590965.390459,2495.788541329,-293005.5079684
45,22.5,1,-6.575258900793e-14,1.039790040286e-12,-2.084347875934e-13,85398.58458046,-111.4627712379,-17404.00439837
45,22.5,2,-6.098106882257e-14,1.02944590833e-12,-2.214346901439e-13,89062.56379389,115.1251352344,-17191.67664848
45,22.5,3,-6.690618940448e-14,1.048138486061e-12,-2.035374839704e-13,88326.20583993,-214.36736849,-17505.36750603
45,22.5,4,-6.334283035671e-14,1.046045552573e-12,-1.631975685809e-13,85951.24597703,-53.01181481904,-17490.78404849
45,22.5,5,-6.436983652825e-14,1.054230469122e-12,-2.033755192191e-13,90052.57483872,-94.94786873099,-17546.10699689
45,22.5,6,-6.079041814485e-14,1.023172886363e-12,-1.567664610983e-13,87869.90233207,63.59931236134,-17098.63881006
45,22.5,7,-6.396839721315e-14,1.027858214984e-12,-1.945332573222e-13,85999.89656079,-135.696350984,-17178.46532351
45,22.5,8,-6.713377778949e-14,1.043287012068e-12,-1.587088095249e-13,87612.88353926,42.31368864021,-17436.85530225
45,22.5,9,-6.493705902716e-14,1.041320535652e-12,-2.680823475941e-13,90969.36948889,-89.8452738051,-17408.8236304
45,22.5,10,-6.679479750481e-14,1.035358239143e-12,-1.214637593819e-13,87386.78889274,-126.9249489038,-17262.09564074
45,22.5,11,-6.27567858801e-14,1.024703097236e-12,-1.562259878878e-13,88351.69415747,-227.0607819363,-17165.86614714
45,22.5,12,-6.726947568311e-14,1.026626264177e-12,-1.420512125833e-13,84789.51687477,-91.11818803235,-17141.70080406
45,22.5,13,-6.850272203749e-14,1.0371653175e-12,-2.005718638578e-13,88237.86923368,192.3396270706,-17307.76607215
45,22.5,14,-6.734481817633e-14,1.046603738924e-12,-1.809011315356e-13,86958.14356423,79.47347366512,-17455.3068264
45,22.5,15,-6.303903515916e-14,1.02618923831e-12,-1.760070184864e-13,88352.10028707,-43.0299180867,-17133.28740282
45,22.5,16,-6.851805181518e-14,1.040023294918e-12,-1.797155887897e-13,89246.19458371,-281.5045100178,-17334.05706185
45,22.5,17,-6.459104601889e-14,1.038602360463e-12,-9.213577822883e-14,87761.49172655,-21.36952190874,-17374.87433891
45,22.5,18,-6.920240558798e-14,1.037150402376e-12,-1.699350559995e-13,88401.38737252,103.8861363568,-17304.51993234
45,22.5,19,-6.683215543758e-14,1.037507973978e-12,-1.33365961909e-13,86871.1133845,-141.0103304757,-17361.93089553
45,22.5,20,-6.392107403342e-14,1.03258789199e-12,-1.209482830116e-13,84851.09817865,-24.27714670304,-17193.44713147
45,22.5,21,-6.460652107393e-14,1.036268548918e-12,-1.438922833306e-13,87527.94772185,112.1280000451,-17255.12945849
45,22.5,22,-6.524777476587e-14,1.04165963446e-12,-1.312601593973e-13,89131.43796366,237.8416058592,-17390.94895429
45,22.5,23,-6.249477925654e-14,1.032628334453e-12,-1.370616179942e-13,86203.24279707,25.87265459918,-17199.96250606
45,22.5,24,-6.56284762581e-14,1.03429269908e-12,-1.910915780813e-13,85330.71476342,-262.289397016,-17305.32264286
45,22.5,25,-6.572111553846e-14,1.034016750789e-12,-1.172597526798e-13,87598.89638681,42.76062555569,-17249.29889026
45,22.5,26,-6.635029820257e-14,1.033125286618e-12,-1.826366181317e-13,86711.69822886,85.88177984861,-17232.54046208
45,22.5,27,-6.680452144597e-14,1.039241404148e-12,-1.520714200791e-13,84469.66460981,-100.6710934832,-17375.23243633
45,22.5,28,-6.532951942523e-14,1.038446569536e-12,-2.06631168768e-13,88435.63708189,-138.6971267378,-17304.12903787
45,22.5,29,-6.838936767824e-14,1.044857074673e-12,-1.343441310089e-13,85218.55577016,197.9453674086,-17433.89128796
45,22.5,30,-6.536573693569e-14,1.029197458405e-12,-1.722786906779e-13,88215.33144537,57.07350871868,-17216.49538124
45,22.5,31,-6.755910787084e-14,1.04467553403e-12,-1.377826906544e-13,85434.11082426,160.5818674876,-17450.91564171
45,22.5,32,-6.658477664714e-14,1.037767027786e-12,-1.386055805341e-13,86401.44617234,-109.7230864634,-17283.12359774
45,22.5,33,-6.79185372858e-14,1.045199378381e-12,-2.374925681665e-13,85719.84676587,-263.6829302477,-17509.36600346
45,22.5,34,-6.867435314784e-14,1.042759266973e-12,-1.127929536676e-13,84938.4840089,213.765627028,-17466.41638117
45,22.5,35,-6.499239239652e-14,1.030611763552e-12,-1.267213631149e-13,87471.72737512,89.15022649812,-17234.96996841
45,22.5,36,-6.31044365261e-14,1.028377604034e-12,-1.450404214564e-13,84022.05121006,130.8021868455,-17165.7011882
45,22.5,37,-6.45538171107e-14,1.039652493608e-12,-1.544739935438e-13,88367.89297893,-95.10782072616,-17338.06938492
45,22.5,38,-6.828896960359e-14,1.04138585121e-12,-1.412992066245e-13,88625.37213724,-325.473758479,-17355.53356834
45,22.5,39,-6.79433675826e-14,1.053456184829e-12,-1.576894528202e-13,89827.28771886,-61.61009586087,-17575.83312828
45,22.5,40,-7.025940134885e-14,1.054597030813e-12,-1.197726834512e-13,85831.82668609,-5.14005523793,-17563.51646602
45,22.5,41,-6.51396965225e-14,1.032086341191e-12,-1.697187605162e-13,86871.36514415,-103.7409062015,-17219.40070051
45,22.5,42,-6.448799535995e-14,1.037902860882e-12,-1.692534224724e-13,89867.17078949,-97.94278336453,-17291.22590126
45,22.5,43,-6.791587750175e-14,1.04519006987e-12,-1.150780596076e-13,87013.91158451,272.6230124295,-17446.28973235
45,22.5,44,-6.525277824644e-14,1.029976217439e-12,-1.288507948473e-13,87896.56822662,57.22694301342,-17268.54971201
45,22.5,45,-6.398492635859e-14,1.043571103358e-12,-1.721043357234e-13,87595.94323226,-231.0946823207,-17465.84219941
45,22.5,46,-6.458631410528e-14,1.028873103708e-12,-1.555058969073e-13,86326.12410058,254.2558611399,-17165.53932359
45,22.5,47,-7.072838518694e-14,1.051255363547e-12,-1.054177738799e-13,85537.56276445,79.29652408372,-17564.42326606
45,22.5,48,-6.609324674372e-14,1.041002693535e-12,-1.412800671446e-13,89375.17122155,395.4116956282,-17407.54760019
45,22.5,49,-6.42004645562e-14,1.040266328224e-12,-1.244688261573e-13,84386.71578371,76.8462419971,-17363.20663715
45,22.5,50,-6.58359070527e-14,1.035151514902e-12,-1.113621674701e-13,89859.89657972,283.4354296997,-17325.55162019
45,22.5,51,-6.499853659603e-14,1.028346136829e-12,-1.688258636738e-13,88210.90881628,-5.554117873223,-17219.75394922
45,22.5,52,-6.811045007914e-14,1.025628008247e-12,-1.055441133078e-13,86873.78334498,9.977844179782,-17171.68604333
45,22.5,53,-6.693441670627e-14,1.037108069565e-12,-1.240382790717e-13,87484.74979148,348.2973719174,-17335.92930389
45,22.5,54,-6.100878550785e-14,1.025274333904e-12,-1.696068784818e-13,85489.72889516,24.82623742943,-17149.10540085
45,22.5,55,-6.80577840477e-14,1.04247606597e-12,-1.357156887227e-13,83191.84318238,-142.299783633,-17435.71752596
45,22.5,56,-6.62832985974e-14,1.044889467313e-12,-1.723671354342e-13,84598.78050686,-62.34862004331,-17432.83766083
45,22.5,57,-6.799705435764e-14,1.032910406273e-12,-1.371846270324e-13,89209.97331355,321.4238604339,-17255.32107364
45,22.5,58,-6.744761531817e-14,1.043130826303e-12,-8.889921503151e-14,85479.7611735,-10.58909810003,-17436.5833945
45,22.5,59,-6.341117859135e-14,1.029954819612e-12,-8.882284834875e-14,87240.05976886,93.94098590689,-17250.73882964
45,22.5,60,-6.85535401354e-14,1.027229160735e-12,-1.462089881182e-13,86122.55900971,245.6619140801,-17209.34543318
45,22.5,61,-6.531558201465e-14,1.029151151722e-12,-1.841306804384e-13,86868.65869826,-165.2996642428,-17227.24966901
45,22.5,62,-6.314337382294e-14,1.041276630925e-12,-1.357322403481e-13,87470.5043303,-300.5911473918,-17436.79485919
45,22.5,63,-6.59181906892e-14,1.026067556525e-12,-1.506074869561e-13,86460.66374569,-181.3868048438,-17137.47797586
45,22.5,64,-7.001015291581e-14,1.045663079525e-12,-1.690396238722e-13,89702.38406456,29.65342576826,-17488.29936143
45,22.5,65,-6.452277163767e-14,1.037643178342e-12,-1.47795794561e-13,87229.09520152,91.03980056483,-17315.41804597
45,22.5,66,-6.677827599709e-14,1.022862453278e-12,-1.424267393936e-13,87243.94165076,76.54894563476,-17149.8007536
45,22.5,67,-6.749702472227e-14,1.024085659194e-12,-1.02727116441e-13,86869.39883719,51.75409388802,-17124.23974842
45,22.5,68,-6.422939273462e-14,1.034871901734e-12,-2.045878204478e-13,90440.08056889,-165.4912167931,-17277.99292666
45,22.5,69,-6.923974785875e-14,1.048131173947e-12,-1.376550440885e-13,85918.46796515,-179.0815576227,-17480.48428367
45,22.5,70,-6.546400792513e-14,1.039687274927e-12,-1.84222157478e-13,85198.0970457,-256.6138682669,-17376.47248018
45,22.5,71,-6.750382615213e-14,1.035723203319e-12,-1.458000850292e-13,87862.52638492,471.3806266432,-17342.00467171
45,22.5,72,-6.859221079188e-14,1.047456286887e-12,-1.234187493822e-13,87727.41137707,-79.93059886621,-17424.52222456
45,22.5,73,-6.115335333161e-14,1.035596642861e-12,-1.528604238822e-13,89097.81120218,4.779045231971,-17298.96848467
45,22.5,74,-6.402155126906e-14,1.03276404622e-12,-2.205340256618e-13,88618.72057761,-189.4875659116,-17255.09989785
45,22.5,75,-6.380550709466e-14,1.027045044331e-12,-1.286899106108e-13,86254.50441715,224.7440593538,-17190.72601065
45,22.5,76,-6.691694369905e-14,1.028441376566e-12,-1.839370975608e-13,84787.44148561,-233.2754785162,-17192.90366052
45,22.5,77,-6.515437026803e-14,1.036040899422e-12,-1.060415614686e-13,86116.35060792,-123.3945851376,-17289.80926762
45,22.5,78,-6.410121696047e-14,1.021809502626e-12,-1.922561857109e-13,86559.18452953,112.4761150424,-17113.228159
45,22.5,79,-6.473521421502e-14,1.043331049286e-12,-1.934187705766e-13,86827.29932423,84.89595760224,-17434.9801686
45,22.5,80,-6.771401948529e-14,1.051419670559e-12,-1.120458346314e-13,86367.3573116,292.2771230994,-17556.14387677
45,22.5,81,-6.659861951281e-14,1.034985173908e-12,-1.550390679886e-13,85918.84276342,212.3342597792,-17300.23055227
45,22.5,82,-6.558760883518e-14,1.036728034337e-12,-8.750547437791e-14,86697.41547461,138.0903505349,-17327.88442466
45,22.5,83,-6.670146715999e-14,1.04655744922e-12,-1.703555111889e-13,86518.81274755,-132.9214078792,-17470.4169132
45,22.5,84,-6.196000845394e-14,1.041199626369e-12,-1.941051973371e-13,86206.7439943,-79.18559160776,-17371.82564019
45,22.5,85,-6.6560943374e-14,1.035463502712e-12,-1.546129265903e-13,85232.85421073,-163.0418194205,-17306.72669754
45,22.5,86,-6.643354621601e-14,1.049780050273e-12,-1.230879918739e-13,87181.17051754,-91.61567380594,-17466.11316856
45,22.5,87,-6.731462364622e-14,1.036176738116e-12,-1.495805085957e-13,88808.05061275,194.1716586337,-17320.59402115
45,22.5,88,-6.838366441254e-14,1.050945375027e-12,-1.52201653218e-13,84425.92312988,13.96532190397,-17486.4004379
45,22.5,89,-6.505508011178e-14,1.030552938525e-12,-1.950457187363e-13,86527.06368177,-34.92574550811,-17242.86058044
45,22.5,90,-6.106918829851e-14,1.045063425019e-12,-1.364657370579e-13,87741.15584901,-77.53008637146,-17417.08801329
45,22.5,91,-7.077053760401e-14,1.040710982893e-12,-1.717106696074e-13,88246.12359355,-177.7772196287,-17423.69722131
45,22.5,92,-6.436595284971e-14,1.032518531455e-12,-1.734001619824e-13,86547.79297953,-269.7188859081,-17238.83307026
45,22.5,93,-6.641450092853e-14,1.034692881238e-12,-1.763785512848e-13,85857.10421895,-19.83946565718,-17290.38425643
45,22.5,94,-6.55797834807e-14,1.038650131726e-12,-1.283768681499e-13,86588.11636672,-47.1384098447,-17407.70481665
45,22.5,95,-6.753434468842e-14,1.02978779699e-12,-2.07141895333e-13,88021.0926459,-369.7027964953,-17217.50697394
45,22.5,96,-6.7528570392e-14,1.045758113037e-12,-1.173291462145e-13,87080.53665424,-134.6589509783,-17428.56460695
45,22.5,97,-6.628268242341e-14,1.036158593553e-12,-9.368408897742e-14,86327.0683566,39.89431700405,-17327.02426838
45,22.5,98,-6.938956463266e-14,1.038746962739e-12,-2.2034913642e-13,84683.61239149,-216.2702764742,-17325.3587685
45,22.5,99,-6.72579916222e-14,1.029209393268e-12,-1.817688873106e-13,85611.57210597,-258.1178049529,-17188.79692036
45,22.5,100,-6.719983351724e-14,1.036951545561e-12,-1.533247988475e-13,89418.94842148,211.1670081479,-17306.64656845
45,22.5,101,-6.731096961037e-14,1.042462478141e-12,-1.963486989905e-13,88149.28062171,-76.67472186233,-17413.81046085
45,22.5,102,-6.815265481369e-14,1.04076862205e-12,-2.014489815635e-13,87115.54915787,-240.0355124591,-17395.36367404
45,22.5,103,-6.635557934731e-14,1.027964854648e-12,-9.445793665786e-14,85623.81731808,-151.9462453063,-17182.465149
45,22.5,104,-6.831509020014e-14,1.047554650035e-12,-1.356772953956e-13,87511.73476864,197.71343279,-17488.30183489
45,22.5,105,-6.719659368738e-14,1.033208600639e-12,-2.14110466499e-13,83391.3347532,-144.9830961544,-17315.61300943
45,22.5,106,-6.317463931737e-14,1.032564526275e-12,-1.628555187063e-13,85403.66777383,-81.16410159554,-17228.70582067
45,22.5,107,-6.491193335959e-14,1.034272740046e-12,-1.296242626459e-13,88299.48178677,124.1087594743,-17302.98047388
45,22.5,108,-6.703307970962e-14,1.033765983029e-12,-1.527413992791e-13,85947.87753968,-137.3780104186,-17271.44517273
45,22.5,109,-6.480241671647e-14,1.032305594606e-12,-1.629964904432e-13,87436.48169361,130.3569327287,-17255.33057601
45,22.5,110,-6.391105146957e-14,1.024358429786e-12,-1.558977429346e-13,87872.47001966,183.3559649592,-17133.45929551
45,22.5,111,-6.529533449631e-14,1.034210683068e-12,-1.312109309163e-13,87940.54450651,172.0112018227,-17282.12185239
45,22.5,112,-6.778181082004e-14,1.041737134217e-12,-2.104573460277e-13,90235.08570681,-240.1630857578,-17399.78387229
45,22.5,113,-6.741607446934e-14,1.043244910682e-12,-9.580114285442e-14,83573.19467355,64.77611241764,-17386.80513467
45,22.5,114,-6.532046272548e-14,1.038019978639e-12,-1.738655407269e-13,89305.52345174,122.2132757251,-17325.53420484
45,22.5,115,-6.31585351906e-14,1.03215460889e-12,-2.200350010737e-13,88221.32864725,44.06343649077,-17242.35922517
45,22.5,116,-6.430761742914e-14,1.034304274503e-12,-2.18233554367e-13,88207.39550993,76.27220419052,-17383.41113293
45,22.5,117,-6.501008640952e-14,1.029021377958e-12,-2.387151586265e-13,88588.13149397,-190.5493926104,-17223.63604795
45,22.5,118,-6.389529704243e-14,1.02979350076e-12,-1.451814870573e-13,88101.77245376,116.1653479726,-17196.45091967
45,22.5,119,-6.648866286439e-14,1.039167798601e-12,-1.664326825797e-13,85076.54059129,-107.9985821377,-17352.24807811
45,22.5,120,-6.444775057348e-14,1.029556292518e-12,-1.767580795003e-13,90042.22867186,-53.12700853227,-17192.9428918
45,22.5,121,-6.604138290101e-14,1.036917341523e-12,-1.824185691654e-13,87472.4351349,6.335300830275,-17327.86483991
45,22.5,122,-6.420665437184e-14,1.037190246716e-12,-2.008054206448e-13,87624.32902368,-97.79180739173,-17373.98511499
45,22.5,123,-6.753836173526e-14,1.034065231313e-12,-1.552728115172e-13,88498.56159694,228.5339684278,-17284.01252857
45,22.5,124,-6.817968700585e-14,1.043018192738e-12,-1.269516860924e-13,87521.44241616,82.26357598232,-17491.16383742
45,22.5,125,-6.524500107878e-14,1.035356027901e-12,-1.702503177399e-13,87734.07715551,12.0259496038,-17367.44400091
45,22.5,126,-6.411760258907e-14,1.036016102209e-12,-1.256361520362e-13,84777.12597803,139.8311034586,-17294.72658372
45,22.5,127,-6.688576169843e-14,1.033089975257e-12,-1.833275475245e-13,85393.16965404,-77.31486367088,-17330.88593849
45,22.5,128,-6.31628445668e-14,1.034108915885e-12,-1.847195572177e-13,87774.43961556,-356.8873533108,-17303.58464547
45,22.5,129,-6.695751448803e-14,1.040650984557e-12,-1.832788103279e-13,87668.73855656,96.81922536705,-17413.09576449
45,22.5,130,-6.504408666076e-14,1.033756691144e-12,-1.882039908619e-13,90173.44854178,-134.8448019729,-17265.1734987
45,22.5,131,-6.358404887809e-14,1.033808113617e-12,-1.537543950404e-13,85468.9817414,337.5904526699,-17232.63477275
45,22.5,132,-6.663688359073e-14,1.030509815541e-12,-1.133126576354e-13,89556.16227606,-185.4226882181,-17281.64611132
45,22.5,133,-6.473434471426e-14,1.033009494063e-12,-1.678732923234e-13,88730.25980115,-27.5643124831,-17305.65028835
45,22.5,134,-6.65654198515e-14,1.027478254116e-12,-1.942087964242e-13,87582.31723564,-146.1621575524,-17174.39836952
45,22.5,135,-6.512872466486e-14,1.032162265679e-12,-2.08823217456e-13,87650.14863467,37.91402297236,-17234.52003738
45,22.5,136,-6.727324036968e-14,1.045728343889e-12,-1.690107874029e-13,88630.48352908,275.5343112832,-17439.63212637
45,22.5,137,-6.638608027291e-14,1.03586331307e-12,-1.385291111109e-13,85548.25630858,-128.0970122425,-17298.52917993
45,22.5,138,-7.016546139485e-14,1.041292685224e-12,-1.697815569357e-13,86436.04385242,80.84955823731,-17360.81308581
45,22.5,139,-6.79742112864e-14,1.044710855461e-12,-1.911370867376e-13,89927.28468796,101.3881888345,-17405.37208782
45,22.5,140,-7.011351242913e-14,1.038867620901e-12,-1.516977024631e-13,87025.87171902,-272.2691574417,-17356.19209839
45,22.5,141,-6.845632668714e-14,1.032702610297e-12,-1.749996324382e-13,86806.78710934,-3.78198825969,-17245.74617914
45,22.5,142,-6.561503418823e-14,1.033860500627e-12,-9.795823711809e-14,82935.52975281,297.8049780377,-17292.81534477
45,22.5,143,-6.414779778727e-14,1.027127579682e-12,-1.680639565491e-13,88683.11743297,314.0712408712,-17127.23669858
45,22.5,144,-6.648750757293e-14,1.035527358421e-12,-1.181239016942e-13,88560.15445795,-99.04307212714,-17308.76614214
45,22.5,145,-6.94797290946e-14,1.044026573653e-12,-1.290250531965e-13,86846.18547376,-311.7978886656,-17386.11820686
45,22.5,146,-6.900399065692e-14,1.046825539766e-12,-2.07625318274e-13,87256.35550256,-88.52933745984,-17489.04024
45,22.5,147,-6.793828947991e-14,1.049713916255e-12,-1.754901744282e-13,84052.84067705,-76.42644134434,-17588.84156612
45,22.5,148,-6.57551268864e-14,1.035941498076e-12,-1.859969321861e-13,91026.55048545,52.25952322573,-17332.73184307
45,22.5,149,-6.901726368769e-14,1.04901931562e-12,-1.609101377099e-13,86004.48981401,-43.14210254357,-17462.01181025
45,22.5,150,-6.819159613484e-14,1.038752211308e-12,-1.361645877889e-13,85360.55373657,110.7810193699,-17322.70969041
45,22.5,151,-6.975069253034e-14,1.049247494956e-12,-1.780652186342e-13,86823.99169577,-135.2402867175,-17506.40631868
45,22.5,152,-6.486488422015e-14,1.036372691024e-12,-1.738759987384e-13,88447.35640356,27.324483767,-17323.36942121
45,22.5,153,-6.474252321794e-14,1.03184710238e-12,-1.678570127431e-13,88971.15430519,82.87884629615,-17209.98165956
45,22.5,154,-6.6539430613e-14,1.040672599328e-12,-1.708185764888e-13,86865.74417948,240.3529952249,-17350.07685233
45,22.5,155,-6.770175060626e-14,1.035446910411e-12,-2.070874997534e-13,84955.90988714,-57.95886422424,-17265.75234839
45,22.5,156,-6.811363195072e-14,1.033071180449e-12,-1.585399759687e-13,84967.89741045,20.93640697001,-17313.62507417
45,22.5,157,-6.834063377453e-14,1.052927325108e-12,-1.421139976497e-13,89556.70152361,209.7741266557,-17608.51831325
45,22.5,158,-7.009433546749e-14,1.049717035836e-12,-2.028522301643e-13,88797.17822623,-354.5417913117,-17502.40520683
45,22.5,159,-6.332389508093e-14,1.034534194697e-12,-8.635590959775e-14,87223.36856937,109.3094712592,-17309.52344196
45,22.5,160,-6.986016379396e-14,1.029096391229e-12,-1.409247272726e-13,84279.95583897,-138.4909503655,-17235.95029233
45,22.5,161,-6.481533459893e-14,1.043061579887e-12,-1.633399185937e-13,85476.68797644,-426.193862968,-17388.48394217
45,22.5,162,-6.580656340505e-14,1.038571543333e-12,-1.425776930816e-13,87622.50250152,-65.01465221901,-17298.6077624
45,22.5,163,-6.537097456163e-14,1.037977125218e-12,-1.898487379592e-13,88625.04909673,-42.79950773928,-17362.42819872
45,22.5,164,-6.727490918473e-14,1.03935993271e-12,-1.775256748701e-13,86037.21454463,-47.28306637508,-17363.90137617
45,22.5,165,-6.593922164219e-14,1.034564002161e-12,-8.60489983432e-14,87064.9463687,93.73572840424,-17294.42688257
45,22.5,166,-7.049385964689e-14,1.036208137668e-12,-1.598596530383e-13,88189.17874797,7.08447017388,-17277.88549904
45,22.5,167,-6.74802448869e-14,1.031613450802e-12,-2.174909271772e-13,88674.85847235,-34.33933978022,-17234.79752281
45,22.5,168,-6.329003568647e-14,1.048577093301e-12,-1.927940379732e-13,85299.35249546,-306.8411189563,-17482.73476666
45,22.5,169,-6.276367197229e-14,1.037464190639e-12,-1.688813887578e-13,89197.08000862,7.666272302797,-17334.15379021
45,22.5,170,-6.818763846717e-14,1.043655476648e-12,-1.278308419428e-13,88136.22241104,325.7186331715,-17410.4793576
45,22.5,171,-6.66201281037e-14,1.038149992776e-12,-9.340270421442e-14,86039.82963604,-3.2518945099,-17380.69536065
45,22.5,172,-6.829127942091e-14,1.046720073647e-12,-1.989622113657e-13,86180.40469421,-172.8583841554,-17438.04510126
45,22.5,173,-6.95961997682e-14,1.047619041449e-12,-1.41368478703e-13,85149.33165893,-18.73161987548,-17503.86581205
45,22.5,174,-6.830227402795e-14,1.045392373901e-12,-2.099310032921e-13,87677.49569649,-23.43555795819,-17495.3424617
45,22.5,175,-6.565323690585e-14,1.037011600921e-12,-1.777754465956e-13,86296.37302678,-71.24765149846,-17325.18579809
45,22.5,176,-6.781812879119e-14,1.039461587817e-12,-1.485097475074e-13,86872.23463395,420.6598838978,-17315.40594648
45,22.5,177,-6.809410948353e-14,1.042720617738e-12,-1.968907518826e-13,89180.85089174,-100.1901287404,-17407.49979979
45,22.5,178,-6.31335869609e-14,1.034869113344e-12,-1.435937484001e-13,87267.29769778,-120.119758676,-17289.27310025
45,22.5,179,-6.529397687055e-14,1.038811923177e-12,-1.369715912801e-13,88171.41849767,187.7203631751,-17347.28589346
45,22.5,180,-6.737755626184e-14,1.03601449213e-12,-1.70857984132e-13,87271.71092728,18.384398044,-17271.56293605
45,22.5,181,-6.235937937145e-14,1.030030460706e-12,-1.298058749859e-13,84443.59405359,55.79885770259,-17265.63242039
45,22.5,182,-6.968531777953e-14,1.046450354484e-12,-1.483758388007e-13,86756.61557518,238.992304266,-17462.48900271
45,22.5,183,-6.521314866149e-14,1.040554751331e-12,-1.855857109085e-13,88255.21785619,58.05067448942,-17444.41260935
45,22.5,184,-6.435218447159e-14,1.035921967229e-12,-1.92450285374e-13,89249.4251274,-70.87183418841,-17263.64055048
45,22.5,185,-6.865344931075e-14,1.046583544133e-12,-1.269475131505e-13,89928.79556125,104.4229806046,-17484.00026579
45,22.5,186,-6.679835762976e-14,1.04196766114e-12,-1.452230157824e-13,86258.19117252,-35.84017302176,-17442.43000306
45,22.5,187,-6.436170885174e-14,1.024320819311e-12,-1.348940074027e-13,89078.2073275,133.5004939847,-17133.41593012
45,22.5,188,-6.841158977407e-14,1.030958693091e-12,-1.922669527831e-13,88194.43042799,-252.3839802237,-17282.85105494
45,22.5,189,-6.692661682266e-14,1.046989936071e-12,-1.837312031423e-13,86052.92034879,242.7303432858,-17487.02040943
45,22.5,190,-6.473739604657e-14,1.031824828104e-12,-1.525632639671e-13,85919.91210327,-52.05961470457,-17183.95347828
45,22.5,191,-6.633665521225e-14,1.039869199218e-12,-1.337620385296e-13,90098.85314618,329.5103714866,-17376.70630202
45,22.5,192,-6.747399585973e-14,1.040222448425e-12,-1.471594717443e-13,91264.62250328,-235.0133610563,-17372.66427456
45,22.5,193,-6.355505361597e-14,1.026548504649e-12,-1.702988907414e-13,87770.22771637,-301.4440346096,-17157.14732197
45,22.5,194,-6.691957244904e-14,1.046026989921e-12,-1.634673446974e-13,85357.47412216,-122.006597441,-17458.4882635
45,22.5,195,-6.739370592766e-14,1.03969571688e-12,-9.921778816096e-14,84328.72487745,124.5978739567,-17361.35353668
45,22.5,196,-6.892718712735e-14,1.044451132995e-12,-1.41914456379e-13,84847.13217357,-240.8059661026,-17460.97417742
45,22.5,197,-6.711357059029e-14,1.056324164217e-12,-1.521970460852e-13,89419.47676013,21.44903973785,-17607.40431607
45,22.5,198,-6.533102171074e-14,1.036313598387e-12,-1.690735773712e-13,85012.42904712,-130.5039925983,-17372.74587982
45,22.5,199,-6.510947763067e-14,1.037106889392e-12,-1.884249662252e-13,86893.62079763,-166.9707228375,-17290.30411048
45,22.5,200,-6.646072322754e-14,1.031817326091e-12,-1.628859786192e-13,84930.68824185,-454.9728766096,-17238.05943161
45,22.5,201,-6.641953896665e-14,1.034883972829e-12,-1.548366437987e-13,87781.15990457,-235.2289056532,-17310.25575684
45,22.5,202,-6.544660300534e-14,1.041343295363e-12,-1.537904731365e-13,86765.30815234,-92.11316512597,-17419.62670598
45,22.5,203,-6.754339546623e-14,1.034263372443e-12,-1.998157095962e-13,88065.02358933,127.3611149163,-17284.7704747
45,22.5,204,-6.092740999213e-14,1.037041808143e-12,-1.645699353435e-13,89887.0285989,166.8663890207,-17346.17952547
45,22.5,205,-6.561682426434e-14,1.036752918243e-12,-1.460538681201e-13,86764.19242577,198.1276780366,-17314.36018735
45,22.5,206,-6.696292071623e-14,1.045708612186e-12,-1.253747121794e-13,89965.37586469,104.0514246677,-17441.49432484
45,22.5,207,-6.745052615043e-14,1.044624913934e-12,-1.593884304469e-13,86017.15305701,-100.6788839771,-17386.25589688
45,22.5,208,-6.663930514972e-14,1.040222927083e-12,-1.357264397891e-13,85660.72039518,213.6606568163,-17361.66332483
45,22.5,209,-6.81200158572e-14,1.042825934809e-12,-1.789619056359e-13,88346.14248361,47.31047118103,-17486.43620756
45,22.5,210,-6.223098609472e-14,1.031725626269e-12,-1.513274735363e-13,87649.22175736,-74.31340281449,-17232.37424393
45,22.5,211,-6.477890639285e-14,1.030671240105e-12,-1.781885866722e-13,87203.06163983,222.9916598928,-17242.15589774
45,22.5,212,-6.639547240171e-14,1.043169576417e-12,-1.516473427185e-13,85118.11402259,273.3985877538,-17435.36433854
45,22.5,213,-6.732532825176e-14,1.038701388608e-12,-1.314214639569e-13,84463.88396418,-37.90097914415,-17347.92037645
45,22.5,214,-6.681540167354e-14,1.045099593605e-12,-1.643106927571e-13,85365.52319619,-88.35552135384,-17441.00999002
45,22.5,215,-6.394882377382e-14,1.036104105666e-12,-1.475359328709e-13,87547.41695928,-191.6201097039,-17315.68815813
45,22.5,216,-6.464547007216e-14,1.036055344822e-12,-1.379775191006e-13,86601.89107926,57.56069812805,-17316.56404088
45,22.5,217,-6.710563536454e-14,1.03529245217e-12,-1.64282591819e-13,86489.20649689,-46.29869513822,-17329.58103772
45,22.5,218,-6.499977639926e-14,1.029118462278e-12,-1.472253654933e-13,88645.59421142,-153.8902468719,-17141.09699736
45,22.5,219,-6.553784173588e-14,1.035179453376e-12,-1.158903139318e-13,88502.96854141,-33.52934869894,-17304.69020893
45,22.5,220,-6.592660042513e-14,1.033628500877e-12,-1.598809576556e-13,88193.71349092,-248.8226434204,-17262.00321181
45,22.5,221,-6.356182405972e-14,1.043371517932e-12,-1.649500613586e-13,86941.51076706,104.455739327,-17401.25146973
45,22.5,222,-6.551380175607e-14,1.048409498504e-12,-1.778919862308e-13,88647.09469636,-445.9762259013,-17535.25080101
45,22.5,223,-6.265324107883e-14,1.034747906123e-12,-1.558300520337e-13,87950.2839009,-57.28995785616,-17238.22235802
45,22.5,224,-6.817661280088e-14,1.038291927705e-12,-1.977694137503e-13,84647.61199347,-192.4531173636,-17308.04099418
45,22.5,225,-6.475780892568e-14,1.020966966279e-12,-1.580073016333e-13,83719.35678694,91.13173607621,-17121.95036815
45,22.5,226,-6.970184523754e-14,1.041439910005e-12,-1.413066952983e-13,88835.38723016,271.9991927579,-17427.30434376
45,22.5,227,-6.538513064851e-14,1.038699006882e-12,-1.831728884042e-13,90075.83508681,-234.0813231178,-17324.40952091
45,22.5,228,-6.618124871738e-14,1.047351677495e-12,-2.056154973643e-13,88410.72097427,-26.99475372637,-17466.01033426
45,22.5,229,-6.506416581742e-14,1.042521160575e-12,-1.157268795823e-13,89807.65426946,34.28694479825,-17398.51087582
45,22.5,230,-6.71877107241e-14,1.041008983347e-12,-1.490592563578e-13,89751.27651925,55.18767643504,-17358.89860429
45,22.5,231,-6.596856207685e-14,1.041103356206e-12,-1.303179671277e-13,86722.63173814,-33.169200763,-17338.64225292
45,22.5,232,-6.524128092442e-14,1.04040382935e-12,-1.466138295233e-13,86613.59904172,-141.6245013015,-17394.3089801
45,22.5,233,-6.584976447431e-14,1.032902286536e-12,-1.347453993599e-13,88155.40640916,247.4558058359,-17268.69119643
45,22.5,234,-6.846807211643e-14,1.047013210953e-12,-1.792132878261e-13,87062.57582854,-149.851153969,-17448.51545879
45,22.5,235,-6.92514658691e-14,1.039564168726e-12,-1.283933361733e-13,88789.09039765,-134.9446428038,-17369.40125383
45,22.5,236,-6.327735222916e-14,1.040600305335e-12,-1.234750345834e-13,84338.87633011,-21.59725033301,-17355.26226078
45,22.5,237,-6.937585563151e-14,1.029598265623e-12,-1.782059593365e-13,89575.91363612,-28.93379060823,-17281.88926132
45,22.5,238,-6.485855933222e-14,1.049857941422e-12,-1.418304884691e-13,89991.85819602,-84.44011539884,-17513.55148662
45,22.5,239,-6.241295489214e-14,1.029404283297e-12,-1.767215207839e-13,86904.1977339,194.3025714678,-17177.51076955
45,22.5,240,-6.31288854922e-14,1.031750184168e-12,-7.43247067103e-14,87073.52042607,49.55972956553,-17231.76898514
45,22.5,241,-6.553243872245e-14,1.037518403265e-12,-2.238316364765e-13,87654.49822492,-245.2150994493,-17282.72280705
45,22.5,242,-6.909247898168e-14,1.05294007426e-12,-1.892394838497e-13,86985.83767383,101.538205939,-17547.59579727
45,22.5,243,-6.468093703147e-14,1.036465698015e-12,-1.396408070984e-13,83910.05411992,6.242087327749,-17346.61647632
45,22.5,244,-6.676075512275e-14,1.033413369084e-12,-1.635852143374e-13,86469.43124647,345.3084124185,-17276.16720588
45,22.5,245,-6.437181131559e-14,1.040930794365e-12,-1.511011883736e-13,86913.02369246,195.1522129564,-17358.26706755
45,22.5,246,-6.531943966026e-14,1.027735460731e-12,-1.600334439909e-13,89143.9142043,-40.58191849537,-17152.31212536
45,22.5,247,-6.618201142741e-14,1.043612109398e-12,-1.66792613991e-13,86772.53478087,-115.4821033957,-17384.9858478
45,22.5,248,-6.636632365665e-14,1.035861328073e-12,-1.316318367381e-13,86323.64995647,525.0108957538,-17291.84216759
45,22.5,249,-6.583085377761e-14,1.042109628188e-12,-1.713273258366e-13,89218.47124805,-94.56631061126,-17422.05096059
45,22.5,250,-6.859743745044e-14,1.054697525924e-12,-9.799630574499e-14,88820.48546268,253.9377516562,-17522.8834137
45,22.5,251,-6.56978697146e-14,1.028116899486e-12,-7.020324504887e-14,84957.46332194,202.2038542283,-17157.97697191
45,22.5,252,-6.824259445563e-14,1.037747611494e-12,-1.289076917064e-13,87932.8526342,-44.59693970102,-17315.8715774
45,22.5,253,-6.764099413907e-14,1.040786502486e-12,-1.169460358533e-13,88513.52060946,145.0009305192,-17399.24514072
45,22.5,254,-6.657183203029e-14,1.046300971771e-12,-1.454681055573e-13,89113.23021218,-295.7396812221,-17425.41575542
45,22.5,255,-6.508096644023e-14,1.024554389344e-12,-2.006867985201e-13,88449.26468508,82.61439378566,-17118.23967352
45,22.5,256,-6.276928027618e-14,1.031881935842e-12,-1.253131354494e-13,89237.25179934,150.0340731586,-17236.82036074
45,22.5,257,-6.629190026009e-14,1.045010122922e-12,-1.655894601519e-13,87190.45271891,-320.8140976715,-17450.75997103
45,22.5,258,-6.629479573315e-14,1.039639495504e-12,-1.745652109056e-13,85769.43111848,42.59467346817,-17347.76559403
45,22.5,259,-7.300119108914e-14,1.05088000375e-12,-1.891548195571e-13,87264.22716624,192.2752176193,-17585.34737287
45,22.5,260,-6.666221406629e-14,1.032388891104e-12,-1.170616523917e-13,87605.44212769,-86.98505782353,-17299.19757579
45,22.5,261,-6.711872720305e-14,1.03128551804e-12,-1.833379888145e-13,88332.06857391,-460.8987013545,-17234.78779569
45,22.5,262,-6.651061474669e-14,1.03426158572e-12,-1.628208273602e-13,87684.29914773,-392.4560127688,-17282.81610881
45,22.5,263,-6.563964017148e-14,1.034838052092e-12,-1.175788152664e-13,86017.73438666,148.1481999428,-17262.96161161
45,22.5,264,-6.781039268122e-14,1.028885843843e-12,-1.568208938892e-13,84842.74504037,-267.4274096033,-17204.20584091
45,22.5,265,-6.12563739125e-14,1.02860490482e-12,-1.423518715836e-13,88535.48555211,202.558507046,-17142.59770204
45,22.5,266,-6.597356850763e-14,1.044169524837e-12,-2.389151622242e-13,87777.54326408,-495.8199824261,-17479.6769615
45,22.5,267,-6.654253279316e-14,1.025456256093e-12,-1.120811720696e-13,87586.90005274,179.2367957258,-17166.24142936
45,22.5,268,-6.297109112253e-14,1.034170127333e-12,-1.505879450568e-13,86387.32786203,16.33998844644,-17314.09801692
45,22.5,269,-6.579285560727e-14,1.033761540456e-12,-1.619575399881e-13,90309.73994706,-197.347730869,-17311.73830418
45,22.5,270,-6.469803662514e-14,1.04065589959e-12,-1.422489926402e-13,85419.59568295,66.36210422805,-17362.30059139
45,22.5,271,-6.670464339033e-14,1.046449445318e-12,-1.810185172471e-13,87597.64251988,-41.10325928654,-17493.76473784
45,22.5,272,-6.969432897627e-14,1.036830946382e-12,-1.409552369242e-13,86777.85692532,76.56574997977,-17339.10446831
45,22.5,273,-6.776210111915e-14,1.041394578657e-12,-1.4125972633e-13,86407.68584975,141.2284503321,-17399.74006899
45,22.5,274,-6.407406380234e-14,1.027856039509e-12,-1.905545280489e-13,88079.05051318,-22.25331623361,-17162.99429773
45,22.5,275,-6.708400752005e-14,1.032578478285e-12,-1.270179649753e-13,85669.20391183,-187.2634019639,-17270.34214389
45,22.5,276,-6.704202288589e-14,1.037901683349e-12,-1.531351121997e-13,89669.65545131,-337.9781807014,-17324.78572574
45,22.5,277,-6.352368011781e-14,1.031816421586e-12,-1.309081739897e-13,89437.58612686,-351.5451878815,-17292.37248738
45,22.5,278,-6.729790127702e-14,1.037458640381e-12,-1.041982240175e-13,86807.9423764,118.6775870431,-17375.7061156
45,22.5,279,-6.780134847701e-14,1.036456008233e-12,-1.463061478324e-13,88380.17702639,116.5955845751,-17299.09648733
45,22.5,280,-6.452897905983e-14,1.035194355863e-12,-1.939034261285e-13,88437.28154617,-114.4065305502,-17207.8077111
45,22.5,281,-6.88311068728e-14,1.035813362538e-12,-1.926608845552e-13,87880.40823798,-73.90843284631,-17361.26952856
45,22.5,282,-6.406353055904e-14,1.043887825629e-12,-1.382310880409e-13,85836.27108907,-270.192799799,-17447.63606148
45,22.5,283,-6.739633405795e-14,1.038240646503e-12,-1.395680143946e-13,88365.07239417,20.40406095556,-17350.88185975
45,22.5,284,-6.844602470366e-14,1.034701087751e-12,-1.062319440246e-13,88249.71358742,305.7982839093,-17278.33463929
45,22.5,285,-6.610457842306e-14,1.031514375216e-12,-1.154214820948e-13,86666.76934979,123.9904547686,-17260.75933968
45,22.5,286,-6.656332720527e-14,1.031207942734e-12,-1.808662556538e-13,88447.59907868,-223.0723887397,-17187.91457378
45,22.5,287,-6.504393560364e-14,1.035912495743e-12,-1.671290566656e-13,87730.99880621,-70.79708825208,-17257.06754868
45,22.5,288,-6.581286735421e-14,1.029997786507e-12,-1.61283610796e-13,87156.71605738,92.31729154139,-17174.6140596
45,22.5,289,-6.243790134619e-14,1.036998909064e-12,-1.908014771901e-13,84772.04880383,-5.567732130471,-17282.50668145
45,22.5,290,-6.864530559408e-14,1.039600332825e-12,-1.565148888175e-13,85949.50508274,-66.67784689908,-17317.9725257
45,22.5,291,-6.917788832953e-14,1.043233638637e-12,-1.900342222296e-13,88598.21607909,172.2523340672,-17459.53741801
45,22.5,292,-6.743968270528e-14,1.044372527625e-12,-1.375822008081e-13,86841.38920763,117.8836733402,-17432.0066423
45,22.5,293,-6.523122734638e-14,1.035855207347e-12,-2.093845004851e-13,85816.44561467,-40.69187065477,-17321.06327257
45,22.5,294,-6.682495534092e-14,1.036069628346e-12,-1.339846643107e-13,84811.98857575,4.063070531001,-17359.42499922
45,22.5,295,-6.915027427324e-14,1.044116637088e-12,-2.18776049725e-13,87806.00535572,-90.29858214557,-17417.54780273
45,22.5,296,-6.812205620073e-14,1.04244348016e-12,-1.862002259589e-13,83951.36996986,-298.6137102071,-17401.22913332
45,22.5,297,-6.434708594662e-14,1.040553556844e-12,-1.342489707108e-13,87261.98511983,-65.66555545285,-17378.09551161
45,22.5,298,-7.245066390514e-14,1.038121810019e-12,-1.620777421086e-13,89162.91829795,-264.9928397232,-17301.64475664
45,22.5,299,-6.643351827748e-14,1.044772536784e-12,-2.077248913905e-13,90973.17636356,-131.3820156753,-17439.76735127
45,22.5,300,-6.686214116094e-14,1.035072569314e-12,-2.212922918565e-13,87527.81535633,-141.2031886931,-17340.14226015
45,22.5,301,-6.179336205766e-14,1.040909790942e-12,-1.398009130042e-13,86198.24218252,-29.98009448123,-17352.40679943
45,22.5,302,-6.67330112782e-14,1.032591683466e-12,-1.984397466646e-13,87693.95097935,-198.6881380258,-17264.42727995
45,22.5,303,-5.955109667492e-14,1.026238426603e-12,-1.572661956579e-13,86215.74454166,-87.25328728518,-17148.90468435
45,22.5,304,-6.860203041577e-14,1.044468672326e-12,-1.58248569643e-13,85769.95865368,80.24432011714,-17490.13912143
45,22.5,305,-6.512914150512e-14,1.034815329803e-12,-1.78365255561e-13,86982.02385776,18.05921930992,-17231.39595853
45,22.5,306,-6.687561682031e-14,1.045336524848e-12,-1.378015950211e-13,86478.31250502,-27.5763070448,-17467.43128184
45,22.5,307,-6.818941181244e-14,1.035859806963e-12,-1.510374370795e-13,83825.10107124,14.35738772503,-17305.88139261
45,22.5,308,-6.946180265585e-14,1.033259566399e-12,-1.311521148688e-13,86218.3867773,82.92965215558,-17262.46770712
45,22.5,309,-6.526775377123e-14,1.039127424863e-12,-1.453476811379e-13,85615.09652229,312.499523619,-17354.39456381
45,22.5,310,-6.521284525107e-14,1.029572937953e-12,-1.792531127779e-13,88671.05412638,-122.0241546937,-17204.61152285
45,22.5,311,-6.617827461761e-14,1.050839769202e-12,-7.918798415378e-14,87255.71142556,-188.5326610158,-17505.24325167
45,22.5,312,-6.608982935708e-14,1.049740698381e-12,-1.377049952049e-13,88276.00521343,-51.37741097056,-17481.34395872
45,22.5,313,-7.123941223386e-14,1.041580287563e-12,-1.324445983913e-13,83640.13816563,-132.0474084468,-17448.8588768
45,22.5,314,-6.829420566605e-14,1.034285155413e-12,-1.535493717233e-13,86759.12329598,-59.88663182456,-17314.5488663
45,22.5,315,-6.406005459689e-14,1.039153028043e-12,-1.682961955326e-13,90567.69944554,106.7036590281,-17339.8795431
45,22.5,316,-6.914779021376e-14,1.029066449678e-12,-1.699604179612e-13,88718.98223174,-28.100352664,-17205.34711385
45,22.5,317,-6.524973141076e-14,1.034227826406e-12,-1.416008308882e-13,85868.87718243,11.8495696226,-17245.6803501
45,22.5,318,-6.624928482626e-14,1.035343147545e-12,-1.078225952378e-13,87553.75445206,179.2017425342,-17313.31679475
45,22.5,319,-6.242595692421e-14,1.016964810194e-12,-1.116470786443e-13,86167.30847863,182.8565283405,-17033.8507561
45,22.5,320,-6.663513143852e-14,1.036415446647e-12,-2.255019412645e-13,86515.50373597,-345.4183095354,-17312.86819717
45,22.5,321,-6.789110361402e-14,1.037872978241e-12,-1.26578514461e-13,87580.28262926,119.488583187,-17299.30363867
45,22.5,322,-6.932416864722e-14,1.042436342033e-12,-1.695141918116e-13,89595.36769816,6.390887552776,-17409.73476141
45,22.5,323,-6.506312267905e-14,1.041749466712e-12,-1.22224121194e-13,86729.70881406,18.14853315154,-17423.28642015
45,22.5,324,-6.552890093631e-14,1.042540460902e-12,-1.349745522284e-13,87376.30525243,80.54974388711,-17375.18936113
45,22.5,325,-6.768347842277e-14,1.049560543502e-12,-9.659717410283e-14,86440.33725625,-110.2917299164,-17538.05209149
45,22.5,326,-6.587295010137e-14,1.040884645533e-12,-1.677803132605e-13,88266.62934634,205.7438639673,-17381.78399302
45,22.5,327,-7.014942715338e-14,1.042786660352e-12,-1.829053148354e-13,87669.73657791,175.8124567031,-17360.82740425
45,22.5,328,-6.248901701827e-14,1.023553458706e-12,-1.293941374571e-13,86172.53324447,59.39610674536,-17142.88365071
45,22.5,329,-6.830391550455e-14,1.034596286017e-12,-1.72682241142e-13,86392.82416968,4.880880370726,-17337.21076845
45,22.5,330,-6.492140584404e-14,1.029003142551e-12,-1.643333363855e-13,88635.84674523,223.4653165425,-17202.25461135
45,22.5,331,-6.868154510435e-14,1.047382034347e-12,-8.911341816709e-14,87488.59460725,21.46365057225,-17538.31157589
45,22.5,332,-6.706233188709e-14,1.049092323921e-12,-1.18904131253e-13,85933.72033519,307.562070607,-17518.08569962
45,22.5,333,-6.576919375118e-14,1.039761508494e-12,-1.657463612319e-13,86375.54919945,-102.5643122883,-17399.04501038
45,22.5,334,-6.441074901789e-14,1.02045183567e-12,-1.471687358376e-13,86912.914233,51.88450971577,-17103.36537384
45,22.5,335,-6.797354410308e-14,1.037507972954e-12,-1.662603536065e-13,91321.51019073,356.6315550298,-17351.38532805
45,22.5,336,-6.587940329912e-14,1.025426509443e-12,-1.225181524713e-13,88754.99648868,25.76343852304,-17144.4510361
45,22.5,337,-6.607574547269e-14,1.03322306475e-12,-1.82820818434e-13,89414.43389118,-66.15156602926,-17265.81152779
45,22.5,338,-6.417985791172e-14,1.03264341782e-12,-1.652632575146e-13,87933.14400112,-27.058289376,-17273.11337659
45,22.5,339,-6.84446411309e-14,1.033188233214e-12,-1.910519920706e-13,88354.92534798,-152.2917817677,-17313.36604235
45,22.5,340,-6.745927252997e-14,1.044359209078e-12,-1.377564299898e-13,88765.14325528,-242.2275415145,-17385.43071878
45,22.5,341,-6.55587716439e-14,1.043385700135e-12,-1.936948362288e-13,87015.66734751,-337.7184766132,-17432.41561294
45,22.5,342,-6.626069333429e-14,1.043157254848e-12,-1.41349899546e-13,86785.12720404,-150.8337630317,-17462.13176491
45,22.5,343,-6.981836452617e-14,1.040009659207e-12,-1.541353137573e-13,85707.28513701,-181.5941855598,-17405.43308726
45,22.5,344,-6.91252616385e-14,1.039221641645e-12,-2.251315890721e-13,87374.19976603,109.6525931195,-17301.88773946
45,22.5,345,-6.647982674384e-14,1.020976425222e-12,-1.52187967477e-13,87923.5290609,172.6384683876,-17029.32478418
45,22.5,346,-6.79703980931e-14,1.043858757703e-12,-1.870034194318e-13,88752.01858021,181.8423947495,-17477.50298657
45,22.5,347,-6.943483534198e-14,1.046660090956e-12,-1.213888409648e-13,89842.27488158,287.2991809841,-17441.23822042
45,22.5,348,-6.639934121327e-14,1.036535761849e-12,-1.55292320249e-13,89727.31887189,-166.8122448374,-17353.56052217
45,22.5,349,-7.164870580764e-14,1.042719712179e-12,-2.273374774852e-13,86816.64977305,-73.59254954172,-17423.40985144
45,22.5,350,-7.00287336676e-14,1.043843978498e-12,-2.041363772814e-13,86682.66211821,-173.7242666721,-17437.96141209
45,22.5,351,-6.631699731035e-14,1.04011763972e-12,-1.734326259418e-13,87745.82283875,132.8945149374,-17330.56922754
45,22.5,352,-6.852739589271e-14,1.030593860785e-12,-1.450740605105e-13,87837.26709347,44.23744558027,-17255.47824095
45,22.5,353,-6.703209433294e-14,1.046120909453e-12,-1.954876717441e-13,90496.26879112,-70.62793290544,-17493.71780377
45,22.5,354,-6.60885021196e-14,1.021001581851e-12,-2.505843622709e-13,90437.52859647,-476.9664048713,-17098.75945084
45,22.5,355,-6.627716992569e-14,1.037335932096e-12,-1.746653449481e-13,88883.7707011,-17.35421257555,-17363.6246112
45,22.5,356,-6.406815747588e-14,1.031338498315e-12,-1.719134674371e-13,90699.73171585,140.1878821032,-17205.75365975
45,22.5,357,-7.024409655157e-14,1.038873427075e-12,-1.855810700674e-13,86760.38997637,-275.6153925082,-17303.06586714
45,22.5,358,-6.757783517026e-14,1.032608211339e-12,-1.629284975754e-13,85634.06103892,102.7176990777,-17292.58225075
45,22.5,359,-6.433612771637e-14,1.031024149686e-12,-1.599599814841e-13,89207.07089505,91.84777727269,-17251.70445947
45,22.5,360,-6.231960030263e-14,1.02803372953e-12,-1.468544722871e-13,85421.81037508,-102.6776197645,-17192.70131695
45,22.5,361,-6.809970660152e-14,1.036365177914e-12,-1.664661889625e-13,89456.98127731,-188.7068130577,-17309.5389863
45,22.5,362,-6.668881083361e-14,1.035819063524e-12,-1.76517610819e-13,85204.88839496,-27.25110986798,-17376.54021916
45,22.5,363,-6.753964316114e-14,1.03163435825e-12,-1.841968493428e-13,87704.0698451,-172.563338905,-17189.70101469
45,22.5,364,-6.580811270788e-14,1.027375505164e-12,-1.834420457708e-13,88162.15011656,-187.0704750168,-17191.05794871
45,22.5,365,-6.215441904738e-14,1.030015381427e-12,-1.499564501102e-13,88701.54290228,-212.7396337233,-17184.10996405
45,22.5,366,-6.655138068286e-14,1.046472579475e-12,-1.354035995814e-13,85922.83949072,-84.14078679013,-17418.84443935
45,22.5,367,-6.572276637241e-14,1.042042374093e-12,-1.58538726791e-13,86939.26466089,141.3892453584,-17426.22513168
45,22.5,368,-6.682288708633e-14,1.03846878888e-12,-2.18610879324e-13,89859.1205747,-180.192465847,-17296.26877157
45,22.5,369,-6.595511458475e-14,1.046425224231e-12,-1.997865340774e-13,82752.41632279,-463.4975402862,-17452.19559655
45,22.5,370,-6.560798391461e-14,1.038597401851e-12,-1.276899160955e-13,84367.99964324,-17.20279516946,-17329.68934112
45,22.5,371,-6.500932815093e-14,1.035341227577e-12,-1.412648478784e-13,86889.88671719,263.7612062624,-17296.88741366
45,22.5,372,-6.404129425089e-14,1.039639021563e-12,-1.417277210091e-13,87571.24970117,-25.32959588304,-17394.08869433
45,22.5,373,-6.336540782163e-14,1.02657504338e-12,-1.837080986465e-13,88583.40154504,-309.6301069214,-17125.46050072
45,22.5,374,-6.950494077863e-14,1.048478348768e-12,-2.10360667074e-13,88899.22768017,-162.3707110904,-17538.88141974
45,22.5,375,-6.601609786835e-14,1.035654678741e-12,-1.596716782897e-13,88277.54705882,322.7483958546,-17347.82322104
45,22.5,376,-6.792564937989e-14,1.023865542077e-12,-1.589959161751e-13,88334.30086795,-4.258406888566,-17096.83352787
45,22.5,377,-6.496236015716e-14,1.035128762283e-12,-1.643436573065e-13,88223.79082626,168.4297917373,-17238.21841223
45,22.5,378,-6.623818836991e-14,1.041964404668e-12,-1.515833291094e-13,92425.03893724,3.960165380053,-17379.187967
45,22.5,379,-6.647131630177e-14,1.043752391034e-12,-1.236447584725e-13,86780.17899637,139.0382520937,-17405.43359849
45,22.5,380,-6.278037686116e-14,1.03388300535e-12,-1.245965968276e-13,87473.3555127,414.5619442973,-17295.27538352
45,22.5,381,-6.455367530638e-14,1.040978012898e-12,-9.367071186679e-14,88833.3597177,379.5248400895,-17368.58471004
45,22.5,382,-6.678744116494e-14,1.034756966305e-12,-1.317157503747e-13,88226.21314966,-151.7432233637,-17285.57916408
45,22.5,383,-6.144583578329e-14,1.0301881917e-12,-9.995406899116e-14,90637.64979448,349.9410595016,-17221.75469646
45,22.5,384,-6.512479426619e-14,1.037797677937e-12,-1.97036807944e-13,86345.10160732,-26.34998169187,-17372.57883533
45,22.5,385,-6.773794393371e-14,1.040677693852e-12,-1.823014632991e-13,87638.21938369,-137.1229383143,-17366.82668504
45,22.5,386,-6.15409166202e-14,1.021979345225e-12,-1.578586069837e-13,84336.22595318,39.6941355926,-17040.64346017
45,22.5,387,-6.549917139589e-14,1.034550009686e-12,-1.63298598937e-13,88044.18636828,325.3542157893,-17289.85976437
45,22.5,388,-6.845907795863e-14,1.041932227789e-12,-2.023854099694e-13,86527.76070119,-74.51765779161,-17358.83018989
45,22.5,389,-6.88207607507e-14,1.032373699102e-12,-1.792288404658e-13,88332.97899161,-138.3526716455,-17262.52226757
45,22.5,390,-5.99913330569e-14,1.038889677785e-12,-1.662186213814e-13,87338.16137605,-19.62121148658,-17333.21417506
45,22.5,391,-6.906579877951e-14,1.032494533553e-12,-2.102014573061e-13,89828.60819074,-207.2122830249,-17245.84249511
45,22.5,392,-7.083921348401e-14,1.045780186375e-12,-2.093864181272e-13,87579.10308623,43.49778739812,-17461.7689561
45,22.5,393,-6.890419267167e-14,1.037698305208e-12,-1.406667180878e-13,86144.73361722,-236.6106020324,-17258.16612673
45,22.5,394,-6.532747346915e-14,1.035541562263e-12,-1.301539639905e-13,86528.47722783,226.5784100758,-17254.47375393
45,22.5,395,-6.606626357639e-14,1.038205467857e-12,-1.437873740874e-13,85867.40375563,-110.8980869981,-17339.75012151
45,22.5,396,-6.708764002495e-14,1.044102732413e-12,-1.506632418376e-13,84915.37639028,39.9310379689,-17409.30735054
45,22.5,397,-6.363944077771e-14,1.028015138507e-12,-1.747344420546e-13,85925.86236522,60.88048756923,-17155.03631112
45,22.5,398,-6.331135761298e-14,1.038181535726e-12,-1.09947534442e-13,88687.48234489,317.2266783367,-17325.09993075
45,22.5,399,-6.784067388288e-14,1.043613132832e-12,-1.925243449191e-13,85812.68254501,-292.6165194156,-17453.33433322
45,22.5,400,-6.692111858791e-14,1.037151803696e-12,-1.086161645019e-13,88665.09495188,24.46558844362,-17324.48955274
45,22.5,401,-6.522195790042e-14,1.055300140656e-12,-1.770520716735e-13,86485.89557816,-5.805098958746,-17599.55308195
45,22.5,402,-6.558567574973e-14,1.031878159574e-12,-1.535313701115e-13,87463.41112079,537.7340388223,-17261.21715715
45,22.5,403,-6.560242852686e-14,1.047775296943e-12,-2.143502345122e-13,88303.22962104,101.9646610094,-17535.73905497
45,22.5,404,-6.187318694247e-14,1.027190605032e-12,-2.260848439664e-13,86711.74400517,-148.8621926909,-17190.11235478
45,22.5,405,-6.323832326632e-14,1.038921487154e-12,-1.299567906785e-13,86062.33143686,-333.2764281591,-17362.82927897
45,22.5,406,-6.528086344864e-14,1.030509778195e-12,-1.34127694956e-13,86243.64141428,211.0000192857,-17219.0912456
45,22.5,407,-6.793861018493e-14,1.049658413075e-12,-1.478356914787e-13,87396.54562288,209.7124287289,-17515.65911826
45,22.5,408,-6.451407728099e-14,1.043295441185e-12,-1.900793580955e-13,87837.93668378,-153.4974965445,-17401.18817265
45,22.5,409,-6.263034947927e-14,1.032685166897e-12,-1.935394383474e-13,87278.9839997,-253.706835547,-17233.17854802
45,22.5,410,-6.42092409713e-14,1.036270318201e-12,-1.775170255268e-13,86909.51111338,-311.5744948519,-17292.12203694
45,22.5,411,-6.66330210383e-14,1.04062573414e-12,-1.46957115213e-13,85828.47543854,-210.5223360536,-17423.24626656
45,22.5,412,-6.54870707158e-14,1.032730847303e-12,-1.803667077337e-13,88669.81035005,-400.4756485647,-17212.58901768
45,22.5,413,-6.482446728681e-14,1.025407638025e-12,-1.312899921784e-13,83795.1483447,-31.32900950861,-17149.52855643
45,22.5,414,-6.706169059214e-14,1.03565913493e-12,-1.829646481759e-13,86633.0555229,-86.31291514017,-17250.55743742
45,22.5,415,-6.507988436438e-14,1.027906747858e-12,-1.772077413845e-13,86798.75016569,62.48775922622,-17194.34797826
45,22.5,416,-6.411057500801e-14,1.038760237864e-12,-1.77658017803e-13,87192.05034704,11.71630072136,-17357.84470582
45,22.5,417,-6.870481971086e-14,1.035797121346e-12,-2.150207468468e-13,89924.30601828,-240.0822879568,-17326.974646
45,22.5,418,-6.325810775779e-14,1.039237861974e-12,-1.213914699191e-13,86191.66414301,229.6425710089,-17378.29632616
45,22.5,419,-6.534417229287e-14,1.030948644673e-12,-2.225061479109e-13,85297.99990157,43.57636506736,-17236.82309938
45,22.5,420,-6.909862196905e-14,1.041655547199e-12,-1.1143314371e-13,90334.9573179,361.9458879135,-17411.38195283
45,22.5,421,-7.0627943173e-14,1.045948828019e-12,-1.846325685979e-13,86999.54225999,-247.8245871611,-17528.41885191
45,22.5,422,-6.280065790047e-14,1.030290952642e-12,-1.296927257109e-13,86351.49663972,343.8888400896,-17256.03779045
45,22.5,423,-6.874965449736e-14,1.034400089841e-12,-1.597923537411e-13,86913.68935707,-20.11902508888,-17287.29459026
45,22.5,424,-6.688411938177e-14,1.041424463492e-12,-1.405153135914e-13,86249.00350448,-119.2131897299,-17421.17895538
45,22.5,425,-6.900101683394e-14,1.041902676977e-12,-1.678360544953e-13,88140.86933228,231.2747405573,-17373.12615619
45,22.5,426,-6.324083639465e-14,1.04553392942e-12,-1.290714902694e-13,86393.46649735,376.6434268602,-17527.53535734
45,22.5,427,-6.464568521872e-14,1.031511370733e-12,-1.517780559105e-13,84437.39797287,346.3243496689,-17256.78118078
45,22.5,428,-6.605429251561e-14,1.031766071081e-12,-1.39398737068e-13,86184.69564325,-229.4781002454,-17198.50087667
45,22.5,429,-6.611562682781e-14,1.04781824255e-12,-1.720740880828e-13,87719.59833187,-145.8576546658,-17473.70192161
45,22.5,430,-6.485303913774e-14,1.035284426665e-12,-1.041671533299e-13,86135.1923291,128.3925906628,-17335.21532797
45,22.5,431,-7.210082658672e-14,1.046584811229e-12,-1.680067447231e-13,87209.89998894,-143.1868358451,-17474.95484656
45,22.5,432,-6.263353788514e-14,1.030211850088e-12,-8.599353981901e-14,84185.43745714,-37.1223307084,-17262.99608791
45,22.5,433,-6.494077677689e-14,1.034386813614e-12,-1.613426364848e-13,87587.23040105,83.36641007591,-17253.98885846
45,22.5,434,-6.664236400321e-14,1.035371593679e-12,-1.388859821922e-13,88739.67436651,166.3889301354,-17272.56474001
45,22.5,435,-6.388034102772e-14,1.028985354166e-12,-1.997208710406e-13,88527.96649455,131.8753217305,-17223.97156125
45,22.5,436,-6.592365659638e-14,1.039853862774e-12,-8.533037040155e-14,84833.71346899,57.4062006404,-17363.90881642
45,22.5,437,-6.869572465714e-14,1.049479585493e-12,-2.007094664964e-13,86751.21118718,-118.0778912985,-17507.74353611
45,22.5,438,-6.548014858974e-14,1.039733013481e-12,-1.641739131487e-13,88694.66983448,-30.04860953994,-17387.72697072
45,22.5,439,-6.924870332823e-14,1.030552217147e-12,-2.029300816295e-13,85949.12095958,137.49818953,-17274.81234554
45,22.5,440,-6.87999676117e-14,1.040760133146e-12,-1.609128953403e-13,87166.24500061,-19.88015236337,-17439.1527105
45,22.5,441,-6.905781712676e-14,1.036689161314e-12,-1.869426153036e-13,90133.07247339,-234.5222640864,-17341.18354544
45,22.5,442,-6.833922401516e-14,1.045060685608e-12,-1.662804781317e-13,85492.49005132,134.6703838075,-17475.39392301
45,22.5,443,-6.602508204187e-14,1.043490088966e-12,-1.918940946779e-13,89181.1612201,6.4682103185,-17406.83779181
45,22.5,444,-6.772014552289e-14,1.038177692328e-12,-1.719469182199e-13,87125.13181188,-83.11698786012,-17364.34443222
45,22.5,445,-6.491726299581e-14,1.024532922393e-12,-1.641598771457e-13,89749.46098293,-292.4333145669,-17109.04149899
45,22.5,446,-6.589920677463e-14,1.034605739079e-12,-1.83074341799e-13,86902.27658156,52.66674234771,-17271.31132147
45,22.5,447,-6.727207157163e-14,1.031054386124e-12,-1.699717707449e-13,87294.59676754,273.5667685329,-17261.87857559
45,22.5,448,-6.585968942988e-14,1.037761394665e-12,-9.071939798193e-14,86644.35669234,262.8346679377,-17327.16467784
45,22.5,449,-6.424891628756e-14,1.038828105875e-12,-1.585154867875e-13,88572.92156431,-174.4338512126,-17331.49171132
45,22.5,450,-6.978914384301e-14,1.036682487253e-12,-1.502769510973e-13,89307.77682701,-33.61411829875,-17343.2213313
45,22.5,451,-6.794355805458e-14,1.039294541051e-12,-1.926728382118e-13,87421.64272628,46.90883313583,-17401.5417715
45,22.5,452,-6.571922682616e-14,1.026671224616e-12,-1.194804280138e-13,87539.41137296,-73.02389076575,-17147.14324044
45,22.5,453,-6.713708592105e-14,1.03330531685e-12,-1.474621486726e-13,86195.70934969,363.2683045952,-17262.73544269
45,22.5,454,-6.810835533313e-14,1.037542055342e-12,-8.95060115107e-14,88965.85776298,161.624589228,-17366.51500171
45,22.5,455,-6.634485173016e-14,1.033577321599e-12,-1.57848516883e-13,89771.57067563,63.63178671256,-17251.76695535
45,22.5,456,-6.506760164273e-14,1.038334719756e-12,-1.451498034079e-13,86255.87356462,-31.37159059632,-17349.95249323
45,22.5,457,-6.640444668091e-14,1.046244488969e-12,-1.53781414239e-13,86412.30649278,-189.8185760728,-17463.73345892
45,22.5,458,-6.17294209094e-14,1.033294703109e-12,-1.820736960057e-13,91434.15144117,204.2507825176,-17274.97903822
45,22.5,459,-6.461049290663e-14,1.035372872714e-12,-1.438741782503e-13,88797.49210587,-192.4107683646,-17266.67916305
45,22.5,460,-6.73089967963e-14,1.034881604746e-12,-1.697470334158e-13,86758.49096948,140.1875519426,-17262.77491237
45,22.5,461,-6.898040057065e-14,1.031322092325e-12,-8.014932100673e-14,85698.45677864,215.5813075613,-17273.13172537
45,22.5,462,-6.652888829003e-14,1.048214619865e-12,-1.523196044494e-13,89093.10558618,46.05091412125,-17518.70202543
45,22.5,463,-6.353037178391e-14,1.037735460078e-12,-1.299022545701e-13,88369.19329304,206.4222083272,-17328.55304495
45,22.5,464,-6.714714255548e-14,1.046020966849e-12,-1.762751482451e-13,86938.66050008,-130.9268834968,-17460.13069697
45,22.5,465,-6.525189748779e-14,1.043709901376e-12,-1.153291027661e-13,87895.83792365,360.103018012,-17399.04254298
45,22.5,466,-6.205603567915e-14,1.035944762824e-12,-1.340053808498e-13,82865.87675296,76.27536374686,-17292.56422906
45,22.5,467,-6.90468964089e-14,1.046747543801e-12,-1.183012594768e-13,88730.53411201,-22.30112888685,-17481.40995281
45,22.5,468,-6.494608192651e-14,1.027462446936e-12,-1.506289238098e-13,87973.17843273,218.6239834014,-17163.04907301
45,22.5,469,-6.620865978328e-14,1.041151742731e-12,-1.826389030335e-13,92418.79712522,-252.8693582645,-17418.58192637
45,22.5,470,-6.681201098329e-14,1.033627726751e-12,-1.641909031288e-13,85674.19065528,-225.6689902179,-17269.62833155
45,22.5,471,-6.898248919017e-14,1.050629191539e-12,-1.250704410285e-13,87894.34027944,121.9354954319,-17551.0887643
45,22.5,472,-6.478496494284e-14,1.038234858496e-12,-1.347785378946e-13,82085.89161172,178.7736472787,-17317.5957008
45,22.5,473,-6.560470449761e-14,1.028184795804e-12,-1.900226587299e-13,86360.58569957,197.3158769773,-17199.60817527
45,22.5,474,-6.914055758725e-14,1.043137681212e-12,-1.495914920093e-13,85731.40815038,243.1118296072,-17474.70614132
45,22.5,475,-6.508318195903e-14,1.04059324627e-12,-1.340846408902e-13,87097.35960558,40.05981353252,-17395.20031794
45,22.5,476,-6.542625433222e-14,1.034458659638e-12,-2.08197320536e-13,88888.16164482,-289.8123591714,-17272.15127071
45,22.5,477,-6.546268333346e-14,1.047669611425e-12,-1.346630528934e-13,86755.12498542,-69.79338948361,-17447.99400788
45,22.5,478,-6.892644737921e-14,1.037878413051e-12,-1.561917440509e-13,87198.26485033,-64.46612300701,-17324.49378455
45,22.5,479,-6.789087066659e-14,1.039304741709e-12,-1.764750634488e-13,87232.86767265,83.15737827943,-17406.80360224
45,22.5,480,-6.501801781988e-14,1.042913067567e-12,-1.524571507534e-13,87445.38773372,50.24461725879,-17381.88895722
45,22.5,481,-6.938801804961e-14,1.043902182038e-12,-1.554229323578e-13,88443.72886586,345.3626482242,-17422.41113853
45,22.5,482,-6.573197884308e-14,1.039710579708e-12,-1.432693215622e-13,88984.73163737,24.54061635432,-17393.24627576
45,22.5,483,-6.826448233135e-14,1.040163995991e-12,-2.118736699237e-13,87960.3049464,-339.0180201693,-17425.44923059
45,22.5,484,-6.586705205094e-14,1.035274722521e-12,-1.173408630654e-13,86763.06597716,237.6382360605,-17264.37533443
45,22.5,485,-7.142840150075e-14,1.057355014642e-12,-2.007413494676e-13,89087.52330637,242.0269359379,-17648.49344849
45,22.5,486,-6.220815260557e-14,1.029187513236e-12,-1.966831582827e-13,83976.46071987,-239.9359109961,-17199.91797464
45,22.5,487,-6.721746937437e-14,1.039428071313e-12,-1.596637543737e-13,87165.78844417,-14.07813308795,-17365.87875238
45,22.5,488,-6.422299876501e-14,1.013554688466e-12,-2.073561651125e-13,88574.31466225,2.609713261586,-17002.78125319
45,22.5,489,-6.635970637825e-14,1.034478528211e-12,-1.180545683879e-13,86254.46168757,-274.8303217604,-17236.56381889
45,22.5,490,-6.79650785234e-14,1.032544315774e-12,-1.848837328008e-13,86757.04600797,-153.6196170067,-17280.53589072
45,22.5,491,-6.763707406611e-14,1.039159818381e-12,-1.908889047128e-13,89531.18122698,47.28226062227,-17366.46704521
45,22.5,492,-6.64195745735e-14,1.040237559385e-12,-2.120956185679e-13,88219.4881698,-50.3608013372,-17376.54697335
45,22.5,493,-6.647231415024e-14,1.027901866567e-12,-2.06766078311e-13,89095.92557252,-276.4146933407,-17174.59792602
45,22.5,494,-6.424084008729e-14,1.043881975135e-12,-1.615353102907e-13,89343.42796767,29.97435469953,-17390.91121857
45,22.5,495,-6.757727311738e-14,1.034031842125e-12,-9.667991773211e-14,85991.13446869,-139.0001118426,-17320.31300875
45,22.5,496,-6.47732599439e-14,1.04244489861e-12,-1.104068179139e-13,87078.89846874,-38.2543050618,-17408.33636064
45,22.5,497,-6.836360737275e-14,1.041790188388e-12,-1.730262670559e-13,87800.38324739,-365.509882199,-17410.6459331
45,22.5,498,-6.317928587816e-14,1.030166919017e-12,-1.76618464292e-13,85393.87557363,58.32544285469,-17304.69524651
45,22.5,499,-6.810840357947e-14,1.047077768346e-12,-1.527337020529e-13,88211.39130762,27.14019246289,-17442.12749965
45,22.5,500,-6.712225392581e-14,1.035973665961e-12,-1.360350318512e-13,88458.55353263,252.3823122862,-17314.33045074
45,22.5,501,-6.683187813299e-14,1.039499412501e-12,-1.90124388275e-13,88091.47410923,-142.9505933208,-17395.04341516
45,22.5,502,-6.631586632107e-14,1.042385849146e-12,-1.553233158204e-13,87230.17920575,158.0905382988,-17389.92968688
45,22.5,503,-6.748171931185e-14,1.040161370913e-12,-2.120291922364e-13,89120.51152315,368.0472601652,-17311.3717804
45,22.5,504,-6.510693284439e-14,1.033902910335e-12,-1.343243467006e-13,87467.97254185,192.8052748127,-17289.72063195
45,22.5,505,-6.631009786002e-14,1.035594284417e-12,-1.723813637389e-13,86031.89915248,139.4431807544,-17324.04490585
45,22.5,506,-6.254347860284e-14,1.040231976177e-12,-1.877643783516e-13,88121.38995608,114.5477969023,-17333.17855642
45,22.5,507,-6.589611476975e-14,1.046935577852e-12,-1.645800221575e-13,89468.58389837,116.4071989158,-17455.71488092
45,22.5,508,-6.705192620255e-14,1.039810977801e-12,-1.014684838663e-13,85584.89840095,-224.3017653801,-17407.08733156
45,22.5,509,-6.919361411559e-14,1.030174345935e-12,-1.31944078211e-13,87829.72467991,69.1488888964,-17284.62198391
45,22.5,510,-6.406652111388e-14,1.035543567706e-12,-1.733891140709e-13,87470.42882465,-77.05078437419,-17279.54968084
45,22.5,511,-6.465621109695e-14,1.034266381088e-12,-1.366493196593e-13,86171.60138501,158.6075391393,-17295.05536829
45,22.5,512,-6.715159751405e-14,1.040678642234e-12,-1.689241431672e-13,86800.85583648,-32.72295310227,-17346.50008774
45,22.5,513,-6.442046321082e-14,1.049393978717e-12,-1.732741954908e-13,89140.7456811,410.5382721081,-17460.02219743
45,22.5,514,-6.680356290585e-14,1.035827696641e-12,-1.325973141799e-13,86824.00949945,104.6196685072,-17319.46742429
45,22.5,515,-6.797515189106e-14,1.046016748508e-12,-1.436382385983e-13,87910.98363169,-14.35550088419,-17446.37466406
45,22.5,516,-6.521651452322e-14,1.031634871828e-12,-1.362478441855e-13,87150.98917151,157.3523322979,-17293.98012013
45,22.5,517,-6.71219565963e-14,1.041172116535e-12,-1.837166066822e-13,86573.46624031,-135.8174489879,-17425.90593822
45,22.5,518,-6.269294492361e-14,1.041108316208e-12,-1.630578496662e-13,85754.95798035,64.57022659752,-17365.49492746
45,22.5,519,-6.489314536028e-14,1.037803775473e-12,-1.973636426653e-13,88273.58589606,-171.9799448835,-17344.13073085
45,22.5,520,-6.92057695564e-14,1.045088175957e-12,-1.256998385186e-13,85838.1676607,-207.2785415798,-17472.43845097
45,22.5,521,-6.413500077942e-14,1.025128377261e-12,-1.430961487229e-13,88746.01890992,6.855425548379,-17138.43004711
45,22.5,522,-6.679872561618e-14,1.033141685841e-12,-2.304287036965e-13,88245.67814051,-159.2502989665,-17309.63866363
45,22.5,523,-6.76655919037e-14,1.038948685523e-12,-1.487190273917e-13,90051.21798994,3.564838763115,-17388.03867981
45,22.5,524,-6.590108953188e-14,1.033205202504e-12,-1.660722935874e-13,85749.43974731,-201.1992758593,-17320.85609972
45,22.5,525,-6.543901316485e-14,1.035076589963e-12,-1.26355404847e-13,87247.87471513,-10.21411206819,-17291.15848684
45,22.5,526,-6.810830390769e-14,1.050282484177e-12,-1.174030628392e-13,85395.80160593,362.4115816904,-17627.03383552
45,22.5,527,-7.024560300141e-14,1.040195610233e-12,-1.302732509342e-13,87364.12784907,130.9030697516,-17278.95573817
45,22.5,528,-6.466761563942e-14,1.026958904987e-12,-1.537784405674e-13,87768.44206139,203.1711299349,-17156.87540899
45,22.5,529,-6.841781676326e-14,1.023515777741e-12,-1.900839085299e-13,87838.76382672,48.04132447882,-17164.79987749
45,22.5,530,-6.657309193872e-14,1.038038232745e-12,-1.808584873418e-13,88719.92259827,32.948208522,-17310.53985047
45,22.5,531,-6.091950468971e-14,1.019657300394e-12,-2.090212417095e-13,88349.64883048,-261.9238730362,-17033.56123717
45,22.5,532,-6.664887488999e-14,1.028996430068e-12,-1.270552476158e-13,83827.32633345,70.27527386975,-17224.91045374
45,22.5,533,-6.735526083982e-14,1.045475904498e-12,-1.569405887744e-13,90849.41055068,-148.2987534848,-17499.60063878
45,22.5,534,-6.85773864555e-14,1.05166035193e-12,-1.658908960126e-13,87754.94960844,75.03164327081,-17536.37058507
45,22.5,535,-6.741283903101e-14,1.034053075107e-12,-1.93049799836e-13,88038.93406194,-259.7879054831,-17269.04690692
45,22.5,536,-6.464979005865e-14,1.038920694309e-12,-1.403859391126e-13,88647.85499175,-85.21256818395,-17358.60158874
45,22.5,537,-6.708625313231e-14,1.037938511069e-12,-8.516627137667e-14,89642.55266007,535.1017907166,-17371.62730934
45,22.5,538,-6.75775004133e-14,1.044027953716e-12,-1.497964803888e-13,86390.66975051,-255.9887548304,-17502.72122262
45,22.5,539,-6.636541125405e-14,1.04862527511e-12,-1.567977057159e-13,88457.08403604,110.7858569484,-17530.74867352
45,22.5,540,-6.661839888997e-14,1.038586925307e-12,-1.948292630765e-13,86698.08846798,-4.804917894001,-17358.80250752
45,22.5,541,-6.446965957384e-14,1.029705008601e-12,-1.290846169084e-13,88341.45983117,51.89924452329,-17188.6545419
45,22.5,542,-6.521501468567e-14,1.033911739429e-12,-1.640834069295e-13,90121.3134785,399.7248076391,-17259.03499362
45,22.5,543,-6.777048479333e-14,1.040485063793e-12,-1.239262210068e-13,84856.93608129,195.8358942577,-17351.3116599
45,22.5,544,-6.608046661912e-14,1.035941826861e-12,-1.117816672542e-13,86016.294244,3.561967907347,-17302.82832657
45,22.5,545,-6.947533611458e-14,1.040978565273e-12,-2.363063341854e-13,87265.80855079,-249.5631210279,-17407.30779799
45,22.5,546,-6.573945132969e-14,1.019424211861e-12,-1.433232674669e-13,87095.38198372,218.6177901655,-17002.76859268
45,22.5,547,-6.370585818845e-14,1.033697035987e-12,-1.854995755479e-13,87461.53948108,-161.9850344848,-17302.98317342
45,22.5,548,-6.523446098058e-14,1.03831831458e-12,-1.189012376346e-13,85560.44431484,212.2080686701,-17314.79751152
45,22.5,549,-6.558684613767e-14,1.02802365145e-12,-1.290515570693e-13,85520.73234175,9.948888556344,-17198.06136424
45,22.5,550,-6.610574279713e-14,1.030333337511e-12,-1.455990620783e-13,86449.07844082,-132.1640108929,-17190.70279663
45,22.5,551,-6.667696853507e-14,1.0332787316e-12,-1.696620719591e-13,87170.81213539,-77.01582544853,-17256.79423974
45,22.5,552,-6.483073908068e-14,1.024813932609e-12,-1.280013101392e-13,91048.18873703,204.2826929175,-17184.86029615
45,22.5,553,-6.556496201828e-14,1.032488059921e-12,-2.027896153912e-13,88909.2298854,-393.0364576655,-17326.44755536
45,22.5,554,-6.666834656815e-14,1.038125368982e-12,-9.862707036709e-14,88499.11579108,-185.2391407657,-17302.28788718
45,22.5,555,-6.897789497118e-14,1.037392221099e-12,-1.47355678618e-13,89841.68190899,33.45100040638,-17322.87243552
45,22.5,556,-6.578978453437e-14,1.038064565684e-12,-1.171805234332e-13,86350.41427183,161.2447881409,-17364.19982137
45,22.5,557,-6.672442372079e-14,1.033163724464e-12,-1.545296135777e-13,89504.5364579,-110.2369949839,-17281.16816482
45,22.5,558,-6.127442906554e-14,1.035191430565e-12,-1.765468910611e-13,89760.47200607,-227.9111758244,-17309.51543224
45,22.5,559,-6.56141097012e-14,1.043320086774e-12,-1.574486551644e-13,89082.33749291,-64.21127677345,-17343.71186062
45,22.5,560,-6.808624709396e-14,1.043086268883e-12,-1.387235511105e-13,87075.75522568,156.7095423419,-17373.81258113
45,22.5,561,-6.48600947487e-14,1.030564350092e-12,-1.929149087224e-13,88455.14205881,-288.4277566464,-17257.90710825
45,22.5,562,-6.512759099573e-14,1.031263692445e-12,-1.242192590902e-13,86429.51600843,91.275361872,-17261.94478776
45,22.5,563,-6.514665488256e-14,1.036179463927e-12,-1.541567348804e-13,87275.67421097,-293.7141511679,-17273.68886496
45,22.5,564,-6.539473889993e-14,1.033793849527e-12,-1.89298177057e-13,88604.64690912,-232.0493506066,-17261.18389607
45,22.5,565,-6.849618263327e-14,1.043948557862e-12,-1.465285715971e-13,85947.6411085,-77.52781652173,-17419.72451661
45,22.5,566,-6.55341463043e-14,1.047215541725e-12,-1.595612955999e-13,85920.20789593,65.05108155896,-17501.63125405
45,22.5,567,-6.459065215131e-14,1.028431464757e-12,-1.897594759918e-13,86888.42426796,172.8001520555,-17201.03970735
45,22.5,568,-6.58017903962e-14,1.026431928818e-12,-1.35399848056e-13,86234.83821823,-75.23247382228,-17141.11005252
45,22.5,569,-6.586547636741e-14,1.036260373207e-12,-1.322241183942e-13,85215.88367156,-34.43856275699,-17302.72991632
45,22.5,570,-6.383475986415e-14,1.025379148917e-12,-1.970061088458e-13,88952.10924372,-97.47340530984,-17167.47278026
45,22.5,571,-6.667753861041e-14,1.033825324061e-12,-1.707866337909e-13,87200.31437516,-72.39175957245,-17295.08670355
45,22.5,572,-6.520563253038e-14,1.025793199448e-12,-1.470817760945e-13,87100.0860965,91.1674002232,-17187.375762
45,22.5,573,-7.089439577816e-14,1.045503618895e-12,-1.661765918939e-13,87687.88899301,80.31892504088,-17475.86605686
45,22.5,574,-6.847843123468e-14,1.034919280058e-12,-1.387888945215e-13,84206.5120512,-189.1784313504,-17324.85442241
45,22.5,575,-6.511374080935e-14,1.035319291731e-12,-1.610362406773e-13,87083.73797354,85.15328999456,-17317.8427129
45,22.5,576,-6.651370966529e-14,1.025423006977e-12,-1.62067570905e-13,87031.29100887,139.5249240721,-17122.50002136
45,22.5,577,-6.837982665297e-14,1.031530445176e-12,-1.501456347207e-13,84906.94238163,48.80798191595,-17236.70331821
45,22.5,578,-6.38667090569e-14,1.036431583949e-12,-1.729878872123e-13,88642.22565361,23.75499667554,-17313.04810687
45,22.5,579,-6.714384325942e-14,1.034272070497e-12,-1.655802615768e-13,91233.02305286,269.6989821442,-17257.2050252
45,22.5,580,-6.805007205412e-14,1.037448360722e-12,-2.023445637014e-13,84067.07481886,185.985449248,-17319.37037153
45,22.5,581,-6.665062408719e-14,1.047247324356e-12,-2.114239860377e-13,84377.81965258,-382.1335336339,-17523.02352937
45,22.5,582,-6.513062520784e-14,1.030671818224e-12,-1.442729724936e-13,86207.97800547,-90.78550230317,-17193.25534273
45,22.5,583,-6.24965506801e-14,1.03425493829e-12,-1.300163708493e-13,88821.47319451,-42.50022277989,-17269.86666803
45,22.5,584,-6.307752182704e-14,1.039690152593e-12,-1.235628176223e-13,86126.98244274,77.86450058873,-17312.96581951
45,22.5,585,-6.52963520546e-14,1.0508393854e-12,-1.773370974964e-13,86928.45467553,-150.2225420769,-17532.44185012
45,22.5,586,-6.587263343905e-14,1.039048383481e-12,-1.854026300393e-13,89638.67566337,-242.2021616134,-17333.85616819
45,22.5,587,-6.799125130981e-14,1.035868839911e-12,-1.18181413936e-13,87508.28688866,26.94819317905,-17290.17637559
45,22.5,588,-6.711904545195e-14,1.024920600729e-12,-1.368515528059e-13,88390.00382119,-139.4790806996,-17168.0886473
45,22.5,589,-6.637079358634e-14,1.042048837931e-12,-1.703248805285e-13,87125.39786767,-59.30834519826,-17425.29730312
45,22.5,590,-6.398525711015e-14,1.03602830287e-12,-1.970416130879e-13,87807.71580999,-47.80126778561,-17326.60502695
45,22.5,591,-6.668518125895e-14,1.034171768733e-12,-1.501377188209e-13,88521.58908669,206.3354376007,-17273.14694698
45,22.5,592,-6.467290744743e-14,1.036896625522e-12,-1.101039895468e-13,85991.91695607,59.62095110207,-17323.05206735
45,22.5,593,-6.904316303224e-14,1.042337372903e-12,-1.96690085313e-13,88382.99272244,-367.1825697905,-17425.95691201
45,22.5,594,-6.760267101e-14,1.047312346529e-12,-1.499733565942e-13,89149.00481384,-102.488316831,-17485.41847849
45,22.5,595,-6.748581503703e-14,1.042369039785e-12,-1.54902760422e-13,86922.24957968,133.9950378488,-17441.56062273
45,22.5,596,-6.282410841286e-14,1.024012354119e-12,-1.476352493733e-13,87278.65107836,347.2308614045,-17151.28240415
45,22.5,597,-6.394983866876e-14,1.034071555751e-12,-1.617340068221e-13,86025.9552005,-10.71701206006,-17274.14507177
45,22.5,598,-6.241983951573e-14,1.035305813273e-12,-1.561959161155e-13,91634.59463443,237.8365366981,-17311.14287882
45,22.5,599,-6.534567510302e-14,1.034578646265e-12,-1.540111552113e-13,85649.04240599,-108.6625710344,-17278.7863105
45,22.5,600,-6.416418663946e-14,1.034785470332e-12,-6.937603513705e-14,84681.44849229,150.4287466203,-17275.22010587
45,22.5,601,-6.588135960342e-14,1.03759627259e-12,-1.102424876089e-13,87825.50216292,-106.1865637642,-17316.29328737
45,22.5,602,-6.672820525034e-14,1.043642138079e-12,-1.043588659497e-13,85834.09265605,148.9993916612,-17444.18642314
45,22.5,603,-6.529303784694e-14,1.042923569533e-12,-1.756629069675e-13,87731.41755134,-67.22127992524,-17412.04876554
45,22.5,604,-6.9444568163e-14,1.045098338983e-12,-1.695485646057e-13,87049.77510435,18.94208971507,-17475.16562644
45,22.5,605,-6.674911038583e-14,1.047778890929e-12,-3.042395894702e-14,86738.51987943,442.37873182,-17476.46844353
45,22.5,606,-6.564686207353e-14,1.03405370565e-12,-1.966079529408e-13,87005.17459866,-210.225487846,-17280.40827714
45,22.5,607,-6.435235144052e-14,1.026989304864e-12,-1.67357674789e-13,85343.85406308,-153.7859733938,-17148.6677851
45,22.5,608,-7.068891867586e-14,1.051389497588e-12,-1.567292030383e-13,87395.54698939,-36.73939171495,-17489.2832308
45,22.5,609,-6.518679218249e-14,1.046152868852e-12,-1.964823511202e-13,88354.34989503,-115.7726903195,-17471.10157517
45,22.5,610,-6.491268360339e-14,1.035901477387e-12,-1.959330848056e-13,88445.31275347,-445.5076340688,-17326.58377925
45,22.5,611,-6.809057315209e-14,1.035157754604e-12,-1.434076977246e-13,87231.63407134,304.0759104174,-17287.27256758
45,22.5,612,-6.635323580844e-14,1.026663065506e-12,-1.483079740646e-13,89829.04608833,199.5425215601,-17195.46353307
45,22.5,613,-6.347138550259e-14,1.037986830677e-12,-1.817270314261e-13,88318.73092996,-55.68306623482,-17356.48348436
45,22.5,614,-6.676881529943e-14,1.043697920057e-12,-1.808901485976e-13,87552.21344076,30.8419094406,-17440.64754821
45,22.5,615,-6.577973283344e-14,1.033930527214e-12,-1.703740319672e-13,87774.67043488,-42.57526540789,-17303.97097098
45,22.5,616,-6.76422482316e-14,1.034317532069e-12,-1.521570103736e-13,89007.73879865,-86.98215953108,-17316.6034584
45,22.5,617,-6.47262620485e-14,1.034126655764e-12,-1.946600583605e-13,88760.06005541,-47.36795715802,-17257.39849157
45,22.5,618,-6.560893512325e-14,1.028337649647e-12,-1.269707004437e-13,87499.654749,191.2987104265,-17204.70448354
45,22.5,619,-6.690483997107e-14,1.036469486693e-12,-2.055093855208e-13,87385.07795753,-104.3968327411,-17327.42683104
45,22.5,620,-6.253936607617e-14,1.042201437398e-12,-1.712936694883e-13,88105.84690152,-15.18481153252,-17395.91942382
45,22.5,621,-6.906304894703e-14,1.045488088435e-12,-1.691295029343e-13,86942.1066884,19.18951758423,-17515.13048855
45,22.5,622,-6.593911951035e-14,1.035781760489e-12,-1.447219284953e-13,84950.45866425,-3.112874085217,-17283.17817148
45,22.5,623,-6.705169105598e-14,1.045727161231e-12,-2.016578042214e-13,88093.64184219,-33.02596008991,-17496.26310233
45,22.5,624,-6.638147323816e-14,1.033219567145e-12,-2.147856951519e-13,89282.60979435,-262.3198744357,-17247.68193958
45,22.5,625,-6.505917969545e-14,1.035496619042e-12,-1.743256613133e-13,90305.66803834,-27.2195252889,-17274.81417334
45,22.5,626,-6.813711045743e-14,1.032851033816e-12,-1.538234846326e-13,88975.52805526,-65.86250460586,-17258.68678158
45,22.5,627,-6.82264333805e-14,1.033490310331e-12,-1.882666289375e-13,89047.35475432,22.3753078239,-17348.53744436
45,22.5,628,-6.955302862018e-14,1.044998804564e-12,-2.131652120922e-13,87915.240636,-131.8017881612,-17425.62890829
45,22.5,629,-6.462967107471e-14,1.031132698214e-12,-1.516181452944e-13,89389.92295362,-96.3803448761,-17199.96691871
45,22.5,630,-6.581057578953e-14,1.028579368301e-12,-1.81986414819e-13,87058.49011342,67.61159928938,-17200.97331008
45,22.5,631,-6.432743420424e-14,1.024501102636e-12,-1.578900319364e-13,86409.36196313,-332.3151811157,-17133.55697318
45,22.5,632,-6.760462101529e-14,1.038450368443e-12,-1.269031169023e-13,89361.21042657,178.496200589,-17393.92411299
45,22.5,633,-6.600727730869e-14,1.044316992766e-12,-1.826269130177e-13,86799.78935861,-0.7720824102394,-17441.30138094
45,22.5,634,-6.487178405409e-14,1.016390678008e-12,-2.018391276536e-13,88517.29738792,36.46838377598,-17032.98447779
45,22.5,635,-6.457611105413e-14,1.042663039627e-12,-2.129747833096e-13,86692.36217946,-247.9310485978,-17443.44102688
45,22.5,636,-6.519549181747e-14,1.035197637113e-12,-1.32286849543e-13,87818.54106941,-44.32942351842,-17242.80822331
45,22.5,637,-6.631999085265e-14,1.04310541527e-12,-1.526423236621e-13,86814.96034203,410.1380345444,-17484.95387909
45,22.5,638,-6.43534560419e-14,1.038325459504e-12,-1.989895259989e-13,87600.15713596,-312.5070937796,-17353.83213771
45,22.5,639,-6.368479097109e-14,1.02643989645e-12,-1.990818987207e-13,86349.31160487,-55.20134354091,-17202.92872778
45,22.5,640,-6.581343896776e-14,1.036098028305e-12,-1.112396062839e-13,90078.00147002,-140.7365532581,-17318.63341936
45,22.5,641,-6.741368249359e-14,1.027225299621e-12,-1.434343751179e-13,86131.22682491,-219.8631029504,-17127.50091324
45,22.5,642,-6.744365197247e-14,1.034986598387e-12,-2.017160419851e-13,85905.76557417,-16.62309730434,-17280.69476915
45,22.5,643,-6.841777463225e-14,1.044029474503e-12,-1.117831122073e-13,86992.93914566,182.8191024474,-17455.54969928
45,22.5,644,-6.389594646878e-14,1.035441161671e-12,-1.83432883503e-13,88442.53041214,255.0622653831,-17292.37487989
45,22.5,645,-5.867442857112e-14,1.026014316901e-12,-1.510228945977e-13,85537.36083362,-54.11472645452,-17158.7221842
45,22.5,646,-6.741016800175e-14,1.042958664524e-12,-1.066850889181e-13,88203.44025987,100.4910828482,-17436.71782088
45,22.5,647,-6.751441088868e-14,1.02507000609e-12,-1.193670653642e-13,86754.95535408,-223.7055386658,-17172.9222961
45,22.5,648,-6.842510236354e-14,1.035528708487e-12,-1.752448644537e-13,91009.51403711,-156.6530494144,-17301.62222299
45,22.5,649,-6.416016296958e-14,1.038562187068e-12,-2.07124745684e-13,88036.56901187,-52.23670162245,-17291.78505289
45,22.5,650,-6.465622485156e-14,1.029311977309e-12,-1.607820608368e-13,89247.95045923,9.401658972743,-17243.51494124
45,22.5,651,-6.572772395801e-14,1.031238147881e-12,-1.499885642605e-13,90242.66830754,-112.699250799,-17248.62076673
45,22.5,652,-6.72014632497e-14,1.039096422844e-12,-2.107585668958e-13,87975.79742623,223.4054243277,-17314.34229182
45,22.5,653,-7.026898744292e-14,1.037818426938e-12,-1.388982428626e-13,86681.70599667,-470.7901265714,-17350.56230622
45,22.5,654,-7.104430940112e-14,1.037321155475e-12,-1.363539733558e-13,87673.07843862,-157.0351062073,-17368.51145587
45,22.5,655,-6.791536385913e-14,1.042133662287e-12,-1.35275206353e-13,87541.22996487,-48.98455764486,-17369.70298723
45,22.5,656,-6.464787034982e-14,1.031149510096e-12,-1.358250218272e-13,86900.92423629,-238.6137993046,-17299.20096045
45,22.5,657,-6.446132952106e-14,1.045272461051e-12,-1.375769173167e-13,86907.46719076,188.0502231269,-17433.56962616
45,22.5,658,-6.622582850842e-14,1.031018487703e-12,-1.044900294741e-13,81517.14741021,43.4177957894,-17233.02461558
45,22.5,659,-6.590103112078e-14,1.045573397626e-12,-2.194082164225e-13,88842.31827154,-233.6046848183,-17497.31128482
45,22.5,660,-7.001955232807e-14,1.045582094737e-12,-1.450751870047e-13,90305.45107696,217.036773191,-17484.51242575
45,22.5,661,-6.599812322269e-14,1.037401883842e-12,-9.710344094784e-14,87351.87923329,-136.7246643579,-17349.49427443
45,22.5,662,-6.725809137908e-14,1.036232430211e-12,-1.097352704242e-13,86971.64999056,-159.2198303199,-17315.83164651
45,22.5,663,-7.134626313361e-14,1.048247025331e-12,-1.344523605592e-13,86634.68124647,203.9515536159,-17495.35547068
45,22.5,664,-6.692413240902e-14,1.031503308972e-12,-1.958716758154e-13,90109.31710642,-312.7161241867,-17240.60086316
45,22.5,665,-6.686351191803e-14,1.045559747446e-12,-1.397255998914e-13,86202.5335004,47.21323789905,-17478.62547829
45,22.5,666,-6.806866613815e-14,1.04053160225e-12,-1.737816518946e-13,87189.00809003,-62.60930718221,-17314.2460168
45,22.5,667,-6.762156093957e-14,1.03613260021e-12,-7.249617795274e-14,84552.65966827,243.5395726609,-17301.34040501
45,22.5,668,-6.91450156507e-14,1.036090715988e-12,-2.297078726048e-13,88094.41146047,-520.1901827171,-17277.04102664
45,22.5,669,-6.730468380695e-14,1.046556136409e-12,-1.767597880259e-13,86221.23590818,-31.47231811143,-17482.02875552
45,22.5,670,-6.594877784245e-14,1.02573818631e-12,-1.892140418172e-13,85255.55409535,-3.058432997245,-17168.62119631
45,22.5,671,-6.835727084622e-14,1.042722188715e-12,-1.754263529133e-13,87335.79346416,-151.4942813937,-17486.7258189
45,22.5,672,-6.373793468834e-14,1.0366843998e-12,-1.897930693567e-13,88312.17381822,-81.99532016894,-17357.64508
45,22.5,673,-6.567807317564e-14,1.031079153824e-12,-1.411534885688e-13,85851.88955839,-107.254230822,-17234.11454373
45,22.5,674,-6.538056366321e-14,1.021274663427e-12,-2.19528357716e-13,87766.54870856,-193.9353066439,-17085.53356277
45,22.5,675,-6.503797157173e-14,1.038523136884e-12,-8.890490369079e-14,83945.92395862,22.92553913059,-17343.36424953
45,22.5,676,-6.45119162877e-14,1.022198271855e-12,-1.82909337074e-13,90355.41451438,-306.8419918678,-17134.00054515
45,22.5,677,-6.580511229209e-14,1.029898624778e-12,-1.661083847047e-13,88767.04409477,54.68700141308,-17249.56077353
45,22.5,678,-6.278651739848e-14,1.028764458998e-12,-2.032639974666e-13,89383.00895869,140.3102054668,-17255.20564588
45,22.5,679,-6.385118647173e-14,1.035936956557e-12,-1.334127588358e-13,84470.4558028,-3.447652144041,-17289.66630487
45,22.5,680,-6.277435083818e-14,1.025316414445e-12,-9.758386921001e-14,84850.77774242,299.153301001,-17106.27292463
45,22.5,681,-6.487291197083e-14,1.0305071224e-12,-9.96788618819e-14,86203.12647231,-0.4992301079291,-17227.72616796
45,22.5,682,-6.644601252153e-14,1.033596263892e-12,-1.65434726179e-13,86389.36827048,20.28221128331,-17274.58439191
45,22.5,683,-6.920330736878e-14,1.047274911139e-12,-1.694485798282e-13,87549.41253398,1.276393917782,-17501.25118152
45,22.5,684,-6.514589177024e-14,1.032824422435e-12,-1.818153064191e-13,86869.94730813,194.6972118193,-17252.31114278
45,22.5,685,-6.624176685249e-14,1.033690095255e-12,-1.310463263354e-13,87037.69505572,120.1905205397,-17273.11641542
45,22.5,686,-6.489678845154e-14,1.03185453765e-12,-2.129397043205e-13,87464.08485868,56.3343153192,-17309.92553368
45,22.5,687,-6.781816979251e-14,1.03903240389e-12,-2.130222624816e-13,91156.85720121,-76.85840570918,-17344.4501006
45,22.5,688,-6.642809363652e-14,1.037231238431e-12,-1.666414268976e-13,88742.32133259,-87.02913001534,-17329.1785674
45,22.5,689,-6.685189543182e-14,1.033932693397e-12,-1.634256873278e-13,87327.17473163,-246.0801984133,-17259.41518734
45,22.5,690,-6.362659723015e-14,1.04870569566e-12,-9.929113217406e-14,86974.68142629,42.07680243793,-17528.81916807
45,22.5,691,-6.713393814186e-14,1.042682798663e-12,-8.941612392329e-14,85457.6677165,111.9421428967,-17420.19337068
45,22.5,692,-6.504174238428e-14,1.032510429406e-12,-6.673184737136e-14,88658.67422962,139.5493556502,-17239.45228976
45,22.5,693,-6.356113831242e-14,1.03412993745e-12,-1.166126281584e-13,84372.13210127,-42.82125245532,-17205.62493517
45,22.5,694,-6.712397568093e-14,1.02912292188e-12,-1.482804605525e-13,88108.29928368,77.52403322127,-17199.22455413
45,22.5,695,-6.885332450125e-14,1.037853830932e-12,-1.63091292835e-13,88093.25440829,71.64587236862,-17356.78485403
45,22.5,696,-7.010864999272e-14,1.05148186674e-12,-1.997431007201e-13,86331.53937018,107.0492224155,-17574.31996392
45,22.5,697,-6.446887451708e-14,1.044160116615e-12,-9.249464884026e-14,86400.22400388,90.24858328608,-17454.72656073
45,22.5,698,-6.683031443597e-14,1.044124975939e-12,-1.113195706243e-13,84185.2429508,100.5366452028,-17413.2003855
45,22.5,699,-6.871402996518e-14,1.042997505921e-12,-1.704837932434e-13,85132.90966674,-226.3214651756,-17421.74752341
45,22.5,700,-6.688790205884e-14,1.034032960715e-12,-1.145566952529e-13,88098.30049201,32.08121931273,-17308.20884345
45,22.5,701,-6.59117742835e-14,1.029943820869e-12,-2.168312462621e-13,87449.88682906,57.19803774874,-17183.21256484
45,22.5,702,-6.863382907531e-14,1.030683704448e-12,-1.45168916168e-13,91617.16623326,157.3076998015,-17186.7575216
45,22.5,703,-6.548693353116e-14,1.029163444568e-12,-1.682084826617e-13,88551.36345859,-246.9110798146,-17206.09287897
45,22.5,704,-6.302670078541e-14,1.03966066227e-12,-1.603664938341e-13,87452.35945248,17.01012922324,-17373.32872267
45,22.5,705,-6.338167096935e-14,1.032801870021e-12,-1.64247706934e-13,89805.31532368,-144.743216921,-17232.10043403
45,22.5,706,-6.32604111378e-14,1.038235049748e-12,-1.607802248059e-13,86490.83311963,-386.1655111012,-17350.14475688
45,22.5,707,-6.549147883232e-14,1.047180138739e-12,-1.712906384927e-13,88032.41400581,-54.48583804727,-17453.77903703
45,22.5,708,-6.812157350003e-14,1.035896136951e-12,-1.81148616442e-13,86849.82384833,81.80805554717,-17309.32994055
45,22.5,709,-6.691778403424e-14,1.042864891118e-12,-2.00178121682e-13,87754.37610204,6.390945451591,-17428.30029497
45,22.5,710,-6.314202433471e-14,1.02430786901e-12,-1.333671478183e-13,88569.82403006,113.5468332234,-17093.01520409
45,22.5,711,-6.844457996238e-14,1.03560318935e-12,-1.879775652178e-13,89796.0725714,-179.9277263479,-17293.69324403
45,22.5,712,-6.827088985033e-14,1.038275113656e-12,-1.083423406432e-13,84927.97341032,-152.765059452,-17318.25320613
45,22.5,713,-6.45181992511e-14,1.036218504115e-12,-1.339780107281e-13,86845.32559039,-258.12870703,-17335.71019048
45,22.5,714,-6.77371030617e-14,1.040986425025e-12,-1.568975723664e-13,84288.71249173,46.21307548544,-17414.65143828
45,22.5,715,-6.522430210085e-14,1.041946901697e-12,-1.381818309398e-13,86125.5244995,-11.80212927017,-17375.12999312
45,22.5,716,-6.597880718383e-14,1.043477235375e-12,-1.077839325374e-13,85518.59905423,46.65415232981,-17412.47060594
45,22.5,717,-6.653868575564e-14,1.041899715403e-12,-1.335232544451e-13,86571.96515181,237.7604639718,-17389.68336343
45,22.5,718,-5.888868348951e-14,1.008623024611e-12,-1.898783324114e-13,83701.40193867,157.0084997067,-16886.05686673
45,22.5,719,-6.681241556988e-14,1.031177871349e-12,-1.685469261863e-13,86457.6024231,61.95757432443,-17256.31706593
45,22.5,720,-6.827671448981e-14,1.048549995075e-12,-1.400683038595e-13,88187.19065976,-43.58069174319,-17487.42351609
45,22.5,721,-6.652868172563e-14,1.044031496004e-12,-1.683548077062e-13,87299.5573786,-32.52659309793,-17377.54524296
45,22.5,722,-6.470623884072e-14,1.033276159999e-12,-1.092380618359e-13,88010.50645545,-193.2224555733,-17234.7319002
45,22.5,723,-6.573973653449e-14,1.044804794007e-12,-9.067937415314e-14,87004.43448186,262.2007679876,-17419.3861469
45,22.5,724,-6.883882652417e-14,1.038339374628e-12,-1.687452472811e-13,87109.98361159,-173.3448593492,-17306.47511731
45,22.5,725,-6.639494133297e-14,1.025568584956e-12,-1.318352818763e-13,86256.13792305,-219.045705338,-17221.71442061
45,22.5,726,-6.686053447567e-14,1.042707651378e-12,-8.627189295597e-14,86675.19604367,245.4811409859,-17401.16062739
45,22.5,727,-6.917720846315e-14,1.050287192202e-12,-1.265616234023e-13,87104.2582014,-63.75936039059,-17571.52487968
45,22.5,728,-6.441291057304e-14,1.03563451048e-12,-1.18840284459e-13,86259.97626796,1.270713021612,-17293.03254616
45,22.5,729,-6.836213055765e-14,1.038258182699e-12,-1.525580147138e-13,82078.11774601,-194.0663867818,-17392.0511036
45,22.5,730,-6.526651968861e-14,1.03200180452e-12,-7.831530419939e-14,85978.25690673,380.6871855874,-17296.83686752
45,22.5,731,-6.807110628827e-14,1.048888907857e-12,-1.912574715131e-13,89790.28851016,-195.4578894893,-17503.08733923
45,22.5,732,-6.57779870037e-14,1.041356120448e-12,-1.638196372427e-13,86199.34832181,354.1216916813,-17353.59175949
45,22.5,733,-6.687374054475e-14,1.037207745967e-12,-1.370819615836e-13,85773.46946113,192.7725532645,-17353.09408491
45,22.5,734,-6.637376655214e-14,1.028114941806e-12,-1.474419293046e-13,86079.15744008,-162.267475983,-17247.78474062
45,22.5,735,-6.700959458604e-14,1.041359184062e-12,-1.964613093708e-13,84719.60088135,-9.544815270852,-17387.12484743
45,22.5,736,-6.548137593753e-14,1.042116997315e-12,-1.468272514097e-13,85867.4600241,38.02219643844,-17371.92601489
45,22.5,737,-6.482778849153e-14,1.030177668476e-12,-1.497840691941e-13,87653.75719922,-28.07266519576,-17268.12310528
45,22.5,738,-6.164905303812e-14,1.027711696602e-12,-1.684127204457e-13,86912.41618725,-206.4127327502,-17169.75439017
45,22.5,739,-6.682846314304e-14,1.042352360075e-12,-1.720707215305e-13,87592.90796282,-17.45226574895,-17418.03621079
45,22.5,740,-7.177801089985e-14,1.039514150335e-12,-1.157784237007e-13,87429.19910405,-134.1123568755,-17379.29333525
45,22.5,741,-6.161065587372e-14,1.029911728311e-12,-1.286369678115e-13,88701.58632527,248.6914181372,-17145.23155139
45,22.5,742,-6.712577394529e-14,1.037906039195e-12,-1.854135902107e-13,90873.00571929,40.13317212809,-17325.54541485
45,22.5,743,-6.500462401082e-14,1.044440622601e-12,-1.335716430613e-13,86917.04310083,105.452023255,-17445.57683651
45,22.5,744,-6.54380785459e-14,1.043445305467e-12,-2.75842059326e-13,85573.43973336,-415.7862658294,-17421.01869632
45,22.5,745,-6.547906753862e-14,1.034642129715e-12,-1.397673520124e-13,85441.17663571,283.9264572201,-17289.82034089
45,22.5,746,-6.777187134298e-14,1.043259068883e-12,-1.539357348646e-13,86583.23870099,-15.10378336409,-17466.80907901
45,22.5,747,-6.914324679487e-14,1.048113946514e-12,-1.264127431269e-13,84774.32909008,103.7053674839,-17475.22234246
45,22.5,748,-6.484154787841e-14,1.030580149914e-12,-1.724593922771e-13,86657.44857057,-122.0236371519,-17184.28280532
45,22.5,749,-6.84318168872e-14,1.037826532697e-12,-1.615280088736e-13,86956.9505009,476.6648513074,-17307.4913854
45,22.5,750,-6.231271328095e-14,1.04016005997e-12,-1.16318292849e-13,88182.77214703,-88.93729766417,-17393.6214442
45,22.5,751,-6.525183092675e-14,1.03394840528e-12,-1.712247390328e-13,87945.99567226,-59.18018899812,-17304.35094759
45,22.5,752,-6.358321889003e-14,1.028282510202e-12,-1.578991117994e-13,89725.38412148,24.82568287961,-17200.81205924
45,22.5,753,-6.967702614253e-14,1.036713049314e-12,-1.981990089487e-13,88184.53884123,-174.0980717674,-17361.88644014
45,22.5,754,-6.777149786658e-14,1.032683384784e-12,-9.619641317266e-14,86967.44161335,126.6975823447,-17247.92864598
45,22.5,755,-7.00162491031e-14,1.049271198367e-12,-1.892387915356e-13,85641.59701592,-175.3530215692,-17533.19799015
45,22.5,756,-6.508881311641e-14,1.037478877514e-12,-1.436686808269e-13,88271.47323986,11.13027968828,-17337.35623892
45,22.5,757,-6.728498654099e-14,1.034768885052e-12,-1.622211188536e-13,88840.07014233,96.57979167538,-17338.03994141
45,22.5,758,-6.690338330376e-14,1.044432076175e-12,-1.138242557218e-13,87730.26464155,247.9274819106,-17421.18149164
45,22.5,759,-6.633894638182e-14,1.03624972917e-12,-1.400597275929e-13,88114.47014868,273.787062293,-17263.55769427
45,22.5,760,-6.866087474812e-14,1.048495208122e-12,-2.15181620986e-13,90121.10253285,-47.43658297726,-17487.21949335
45,22.5,761,-6.560738619177e-14,1.026509939681e-12,-1.701552791578e-13,90382.08903402,36.90986079271,-17186.86323089
45,22.5,762,-6.431719265507e-14,1.033990232597e-12,-2.303907231456e-13,88287.58969082,-268.8444114407,-17299.64680754
45,22.5,763,-6.671108580433e-14,1.040628410447e-12,-1.653685051881e-13,88743.53753895,40.62708435648,-17375.26873188
45,22.5,764,-6.932260804639e-14,1.03389405502e-12,-1.982547233993e-13,91345.9502764,-154.5549016065,-17318.98541818
45,22.5,765,-6.255017907321e-14,1.037978508603e-12,-2.105896941497e-13,88537.17155373,-272.4598624749,-17341.03652694
45,22.5,766,-6.570036843033e-14,1.045050974385e-12,-1.650812476429e-13,88401.39714886,214.2767837642,-17477.56700417
45,22.5,767,-6.790200077409e-14,1.042103414353e-12,-1.843629956692e-13,87642.09348335,210.0380658959,-17383.50617707
45,22.5,768,-6.501447009345e-14,1.025888945143e-12,-2.285391367852e-13,90536.56343984,-53.22035966527,-17113.72948682
45,22.5,769,-6.654056715922e-14,1.04627242762e-12,-1.049744304609e-13,84178.34268625,197.3842998669,-17417.44169309
45,22.5,770,-6.363946083198e-14,1.031582754684e-12,-1.126987164202e-13,86591.51569391,90.78222371365,-17233.78671028
45,22.5,771,-6.815268823264e-14,1.049104681477e-12,-1.634128232379e-13,89426.904372,89.83263250836,-17495.49061051
45,22.5,772,-6.614941953128e-14,1.036594849168e-12,-1.537331790874e-13,87726.95927732,44.33263324752,-17314.8261728
45,22.5,773,-6.829812659783e-14,1.043857885409e-12,-1.434526960947e-13,88791.56049606,-81.90055926572,-17404.2706084
45,22.5,774,-6.63161824949e-14,1.043329486365e-12,-2.156068156293e-13,90051.09617661,-3.865478870817,-17419.21220084
45,22.5,775,-6.293958480945e-14,1.032561192049e-12,-1.667904649167e-13,87255.98916124,436.0563303671,-17269.01535415
45,22.5,776,-7.020684480157e-14,1.031072641548e-12,-1.711060530739e-13,86527.88526091,217.9760212457,-17226.62242143
45,22.5,777,-6.592863930193e-14,1.043023474219e-12,-9.398826624884e-14,87843.16687919,113.5692402036,-17386.55942808
45,22.5,778,-6.554962999225e-14,1.046003829089e-12,-1.30835415516e-13,86156.80257336,-424.7118757599,-17406.89683561
45,22.5,779,-6.280166240825e-14,1.032942763216e-12,-1.605360513138e-13,89539.11581679,168.717516695,-17229.11719959
45,22.5,780,-6.690528470825e-14,1.042519190402e-12,-1.985178166291e-13,84536.30041081,-99.84448841212,-17427.72109925
45,22.5,781,-6.632244639032e-14,1.044360932821e-12,-1.478560720903e-13,89495.29409845,264.9178053225,-17499.89644262
45,22.5,782,-6.491385679862e-14,1.044351266313e-12,-1.218437841203e-13,86695.30296795,4.921974929272,-17469.88146088
45,22.5,783,-6.347332679438e-14,1.023883093048e-12,-1.799585864972e-13,86010.68002415,-241.0575777133,-17122.27639273
45,22.5,784,-6.264724902309e-14,1.031788299877e-12,-1.472843325601e-13,87518.7853709,-192.7630174242,-17255.08975868
45,22.5,785,-6.462770074102e-14,1.04071365566e-12,-1.608472105089e-13,88549.684863,14.21721235774,-17420.51889635
45,22.5,786,-6.447955003571e-14,1.036614415387e-12,-1.469057866357e-13,86440.75325495,-160.2228356722,-17296.9720184
45,22.5,787,-6.495418151439e-14,1.03097671989e-12,-1.485619494186e-13,88427.35998316,15.4370676274,-17252.06233254
45,22.5,788,-7.150183583626e-14,1.039177626391e-12,-1.224651196793e-13,84767.13144459,-224.9245039827,-17314.97973993
45,22.5,789,-6.468649578851e-14,1.033724073729e-12,-1.946569331535e-13,86986.08992461,-336.3487551567,-17308.29486636
45,22.5,790,-6.945399284863e-14,1.044458075791e-12,-1.370595978784e-13,89147.80389359,322.0422563025,-17480.40322718
45,22.5,791,-6.688766779452e-14,1.037512913197e-12,-1.810604225053e-13,87045.78815868,89.01816779491,-17329.38814489
45,22.5,792,-6.117748580674e-14,1.028348748306e-12,-9.799630069564e-14,86766.52014339,-135.3058787708,-17171.70699559
45,22.5,793,-6.474221193444e-14,1.035290571385e-12,-1.281434630524e-13,87235.0416996,118.1068979089,-17254.9325137
45,22.5,794,-6.526957381312e-14,1.040422150689e-12,-1.734371675384e-13,88822.6007284,204.9940852422,-17398.43086721
45,22.5,795,-6.685868423431e-14,1.049470927533e-12,-1.223773637637e-13,88835.71815781,230.0038814277,-17497.6922058
45,22.5,796,-6.688104759029e-14,1.044806652005e-12,-1.457442979605e-13,86989.43591527,91.76624631533,-17440.30332661
45,22.5,797,-6.67748562104e-14,1.040532703531e-12,-1.730333128827e-13,84957.69015606,-376.6744179598,-17395.96658486
45,22.5,798,-6.598903635825e-14,1.029166922824e-12,-1.676991585823e-13,87938.75261901,-20.79016766222,-17242.81550483
45,22.5,799,-6.589976714002e-14,1.04247741795e-12,-1.506810766362e-13,87095.79576067,86.24435525926,-17349.91862452
45,22.5,800,-6.567364949362e-14,1.057049969223e-12,-1.590815367675e-13,88395.18251201,23.65994840772,-17605.99458631
45,22.5,801,-6.688040792259e-14,1.044631135138e-12,-1.887906136673e-13,90571.19666518,-69.47590358803,-17430.83384933
45,22.5,802,-6.494839829555e-14,1.03309637891e-12,-1.799328899419e-13,85258.64679827,33.91511187922,-17210.62315937
45,22.5,803,-6.685349608187e-14,1.037968370039e-12,-2.061648827207e-13,87147.00695065,-336.7431066513,-17317.09271249
45,22.5,804,-6.316090853908e-14,1.034592508513e-12,-1.882466705055e-13,83397.19832344,-296.3287117387,-17269.72798471
45,22.5,805,-6.687299934373e-14,1.041120977082e-12,-1.574937524447e-13,83373.8880095,11.295825017,-17392.01635229
45,22.5,806,-6.596843073283e-14,1.042656798247e-12,-1.385330967705e-13,86440.5040977,187.6463580699,-17422.59384839
45,22.5,807,-6.565691543277e-14,1.037945384058e-12,-1.749696412378e-13,85776.00794439,-117.5513605108,-17352.866399
45,22.5,808,-6.52793451626e-14,1.034258775699e-12,-1.972758405414e-13,86600.81071782,13.37269862373,-17270.61384224
45,22.5,809,-6.604090238097e-14,1.045680654822e-12,-1.861387318257e-13,89139.46216045,210.8489745442,-17460.25097716
45,22.5,810,-6.757208757164e-14,1.022147073548e-12,-1.621009545769e-13,86547.46838817,-95.53892526938,-17164.95195346
45,22.5,811,-6.209641420804e-14,1.025072221719e-12,-1.619517223182e-13,87472.11100482,-142.5541536517,-17153.88210152
45,22.5,812,-6.745645895249e-14,1.03494691259e-12,-1.480034032571e-13,86838.13994586,-187.2866086759,-17321.64173278
45,22.5,813,-6.826103285979e-14,1.040652038549e-12,-1.353227827075e-13,83920.21320417,260.1312586443,-17384.60359782
45,22.5,814,-6.668601551061e-14,1.037543520496e-12,-9.301307531926e-14,90765.11667452,33.82376220525,-17424.9454546
45,22.5,815,-6.664937837767e-14,1.038444613771e-12,-1.851427151039e-13,86642.615015,-263.9516903948,-17361.47956834
45,22.5,816,-6.721378959352e-14,1.036368174764e-12,-2.130874155427e-13,88790.00902727,-62.44630446986,-17261.62806074
45,22.5,817,-6.932049057906e-14,1.048186249878e-12,-1.594896666166e-13,87741.92430184,-91.19209447259,-17508.57957789
45,22.5,818,-6.292176846129e-14,1.02462367332e-12,-2.532390903375e-13,90530.6237248,-103.302990267,-17180.0659597
45,22.5,819,-6.470459959194e-14,1.043135035586e-12,-1.380763244395e-13,87661.62223993,573.3462874977,-17407.97390024
45,22.5,820,-6.995758199577e-14,1.038596027587e-12,-1.653419347037e-13,87998.46305916,45.44254735588,-17321.54885768
45,22.5,821,-6.522864965269e-14,1.040012083713e-12,-1.369865059666e-13,84882.57350666,-63.15719899075,-17375.94505598
45,22.5,822,-6.780192209087e-14,1.045866541285e-12,-1.191696191765e-13,89954.58799761,100.2016556348,-17419.04867883
45,22.5,823,-6.46993277514e-14,1.037813189166e-12,-1.782053011069e-13,83516.573582,-80.94080453609,-17319.03234414
45,22.5,824,-6.281852782873e-14,1.04038193043e-12,-1.647189248548e-13,86534.55839295,-3.471043621331,-17370.93671779
45,22.5,825,-6.508493369143e-14,1.040488301585e-12,-1.237721538484e-13,86818.74980102,455.9506282432,-17383.77816325
45,22.5,826,-6.327609840451e-14,1.034384969159e-12,-1.245324019284e-13,84676.07053986,70.38686210104,-17252.16275354
45,22.5,827,-6.749043164604e-14,1.043858077818e-12,-1.13390222282e-13,86287.33273401,176.0994924161,-17433.55870724
45,22.5,828,-6.635064475275e-14,1.039165446382e-12,-1.899696233282e-13,90838.50275091,109.8652883019,-17384.13944092
45,22.5,829,-6.336056626824e-14,1.024128496439e-12,-1.094662802681e-13,85311.98314986,83.60585831866,-17158.85088672
45,22.5,830,-6.491237541619e-14,1.030992134746e-12,-1.821103352446e-13,89073.5490817,-266.6175533309,-17168.67475942
45,22.5,831,-6.239668012228e-14,1.024561581459e-12,-1.82271217335e-13,86713.84173625,14.99520137343,-17115.09574572
45,22.5,832,-6.702430158311e-14,1.040962944304e-12,-1.463615486423e-13,86259.06297036,-83.44164824604,-17424.62505668
45,22.5,833,-6.726475443843e-14,1.039820153067e-12,-1.541956764775e-13,84380.12468307,57.65185158871,-17332.21360653
45,22.5,834,-6.643855992898e-14,1.048332349098e-12,-1.291005363345e-13,86460.01201576,142.5527448538,-17486.93043784
45,22.5,835,-6.544040657138e-14,1.028121864202e-12,-1.286371396421e-13,87075.67390535,15.77920868696,-17186.65280335
45,22.5,836,-6.600757211793e-14,1.030624539743e-12,-1.947124915459e-13,86591.93254454,140.6967853268,-17241.63864206
45,22.5,837,-6.502545154729e-14,1.045533213936e-12,-1.237331230526e-13,86698.96161105,393.0020565771,-17418.06941575
45,22.5,838,-6.344286870555e-14,1.033501137528e-12,-2.536686147216e-13,87357.14925614,-309.6975313093,-17235.31700509
45,22.5,839,-6.584196420371e-14,1.035012891747e-12,-1.85550685063e-13,86045.04180511,2.674615930013,-17364.48380233
45,22.5,840,-6.416142374403e-14,1.037250312188e-12,-1.558881339113e-13,89848.62018637,-65.12105773265,-17293.16532623
45,22.5,841,-6.673663158203e-14,1.037910357251e-12,-1.336036495436e-13,87835.06414672,43.11493453421,-17348.60414324
45,22.5,842,-6.311968337095e-14,1.032583081904e-12,-1.488712889274e-13,88830.65604449,68.2736343812,-17175.45687539
45,22.5,843,-6.440094517756e-14,1.03746174035e-12,-1.838099896831e-13,87250.04219869,-83.14486461176,-17318.90318446
45,22.5,844,-6.492153037764e-14,1.022959285887e-12,-1.477091945679e-13,87219.66618079,214.0335971618,-17148.40144763
45,22.5,845,-6.521090577551e-14,1.050599427232e-12,-1.23425523192e-13,85460.14422801,202.0843592348,-17635.7875275
45,22.5,846,-6.852854967241e-14,1.049692492025e-12,-1.37750536225e-13,90321.82463042,133.2128399159,-17534.09324335
45,22.5,847,-6.769744701862e-14,1.044449606771e-12,-1.777782658202e-13,87976.6103816,-56.60520792298,-17476.27634999
45,22.5,848,-6.297009221389e-14,1.031251225724e-12,-2.269067837065e-13,88477.5849967,-425.1077439213,-17264.6259231
45,22.5,849,-6.559134392041e-14,1.040716022648e-12,-1.874337525813e-13,87540.27007354,192.8018135644,-17359.50278232
45,22.5,850,-6.802685114278e-14,1.027704632079e-12,-1.104257202011e-13,87830.53179253,-77.39943590925,-17180.07754238
45,22.5,851,-6.78848954629e-14,1.03503391362e-12,-1.96356528881e-13,85718.94912803,-300.4212336814,-17322.27321472
45,22.5,852,-6.835776831372e-14,1.035643662697e-12,-1.091515363274e-13,86775.51895842,-23.12446594465,-17278.07806747
45,22.5,853,-6.351340363075e-14,1.018184226978e-12,-1.944744813851e-13,86638.78571121,-67.43443503702,-16997.4737237
45,22.5,854,-6.989874873776e-14,1.037776632884e-12,-2.171567657972e-13,90857.53536427,326.350848148,-17358.46118499
45,22.5,855,-6.730997155325e-14,1.043332702992e-12,-1.616469109297e-13,87739.69759201,-185.5892904515,-17462.87004619
45,22.5,856,-6.480768384929e-14,1.025523258495e-12,-2.028164159121e-13,87056.82922437,-3.149538776464,-17166.68671131
45,22.5,857,-6.635122470295e-14,1.048891116105e-12,-1.507344617816e-13,86224.46272689,292.0174573722,-17498.20826839
45,22.5,858,-6.560264569735e-14,1.034285069734e-12,-9.770264007014e-14,87265.81502752,-38.46618112402,-17357.42088599
45,22.5,859,-6.671321543943e-14,1.031467899771e-12,-1.388773364229e-13,84012.45674218,62.74603197089,-17220.66657269
45,22.5,860,-6.291672527184e-14,1.03639847787e-12,-1.796776341786e-13,87955.67641203,151.3732158359,-17364.91580348
45,22.5,861,-6.600792901956e-14,1.029692591024e-12,-1.373551317475e-13,87851.9457731,230.8531514627,-17255.71910179
45,22.5,862,-6.421995105965e-14,1.029345026398e-12,-1.857383151885e-13,88279.3478167,4.675366558802,-17230.06810728
45,22.5,863,-6.609822713525e-14,1.041715314149e-12,-1.776134236643e-13,87562.73536806,-137.2106370175,-17380.31364081
45,22.5,864,-6.776309879723e-14,1.042587063914e-12,-1.729485635173e-13,85700.92344903,-72.3271277587,-17467.92528689
45,22.5,865,-6.637992569308e-14,1.024981720201e-12,-1.798679256737e-13,88230.12892096,70.08490882847,-17140.81115007
45,22.5,866,-6.489450044423e-14,1.034722994544e-12,-2.033547843104e-13,86941.64830994,-243.2016377654,-17318.12648376
45,22.5,867,-6.363405180895e-14,1.025146928113e-12,-2.363634378912e-13,86378.00406729,-411.5490623284,-17140.93342791
45,22.5,868,-6.598941500178e-14,1.046197889623e-12,-1.710074255274e-13,86566.85199258,-67.38613983171,-17469.38665766
45,22.5,869,-6.47634270142e-14,1.04205696398e-12,-1.63365915224e-13,87857.34172045,-22.12843417508,-17367.67782279
45,22.5,870,-6.804877208668e-14,1.032326867798e-12,-2.150669247716e-13,87784.47958711,-99.19793851528,-17258.31347154
45,22.5,871,-6.569453384452e-14,1.040916421888e-12,-1.809251102833e-13,89062.83274444,45.65377282133,-17378.14495459
45,22.5,872,-6.673977239115e-14,1.033647907524e-12,-1.380486878529e-13,87907.88715504,177.8960436486,-17300.5303763
45,22.5,873,-6.565839927997e-14,1.039113820389e-12,-1.394609784046e-13,85029.04532823,253.6900786377,-17377.53405989
45,22.5,874,-6.501413474776e-14,1.027779572939e-12,-1.032047331509e-13,87883.81972299,14.76826635792,-17151.19266312
45,22.5,875,-6.899789197641e-14,1.03896576312e-12,-2.20390740376e-13,89147.02456967,-53.2445432344,-17393.35075376
45,22.5,876,-6.568627528824e-14,1.037072547061e-12,-1.695260175449e-13,87470.4317682,11.75546104265,-17309.80162185
45,22.5,877,-6.889140679766e-14,1.04100726359e-12,-1.502819274662e-13,86722.02231836,-28.25209644395,-17388.36874943
45,22.5,878,-6.754310492354e-14,1.038166745542e-12,-1.700339801972e-13,90364.1477037,-27.49706993943,-17344.11725767
45,22.5,879,-6.652450856156e-14,1.03574519531e-12,-2.191772704974e-13,87539.39529001,-191.9157452398,-17303.92919831
45,22.5,880,-6.600559725906e-14,1.027464903865e-12,-2.02267116152e-13,84252.14267081,-139.1757619245,-17183.53860168
45,22.5,881,-6.546190726966e-14,1.030275548768e-12,-2.076670555692e-13,88787.81823226,-70.81372120582,-17295.26524024
45,22.5,882,-6.676183641251e-14,1.035324611453e-12,-1.688172102351e-13,87147.36192233,149.6562189849,-17229.00478218
45,22.5,883,-6.649672719716e-14,1.042034500756e-12,-1.45815399515e-13,86079.11060799,-17.48326924035,-17479.46114631
45,22.5,884,-6.785136631754e-14,1.045274891673e-12,-1.523573651261e-13,86764.77714601,-231.2051914958,-17431.99693415
45,22.5,885,-6.681422845169e-14,1.033917629307e-12,-1.649954447596e-13,86790.75496536,-134.2095008748,-17316.51156721
45,22.5,886,-6.778758016867e-14,1.035721651755e-12,-2.198714675727e-13,89687.07852345,-362.3474431995,-17279.82762622
45,22.5,887,-6.365193824687e-14,1.040860516501e-12,-8.759920287392e-14,84623.93719652,48.17743498356,-17324.34677442
45,22.5,888,-6.436216487736e-14,1.028902008544e-12,-1.341865380048e-13,88403.11494399,87.77968085217,-17236.93541358
45,22.5,889,-6.898214260712e-14,1.042202901881e-12,-1.247345498996e-13,87572.44267493,-180.3857922373,-17383.74659479
45,22.5,890,-6.194408652146e-14,1.020280284771e-12,-1.777816752811e-13,86009.74526424,-32.88002741963,-17005.93229286
45,22.5,891,-6.700798386992e-14,1.048078769559e-12,-2.123576587364e-13,87476.82477932,-1.255296503437,-17497.73495966
45,22.5,892,-6.449257334676e-14,1.027833124386e-12,-2.099493976938e-13,86929.27743866,-110.0726351263,-17191.52762551
45,22.5,893,-6.75686723574e-14,1.032100562823e-12,-1.044757612313e-13,85470.58280076,158.3826251547,-17248.8943997
45,22.5,894,-6.362814362046e-14,1.030183261321e-12,-1.988314689696e-13,86373.24541036,-312.3657004053,-17171.87720898
45,22.5,895,-6.625764716438e-14,1.041774853438e-12,-1.316808471754e-13,88251.84860016,-23.50903350127,-17372.44977827
45,22.5,896,-6.819651070544e-14,1.044075623462e-12,-1.639567322778e-13,86829.02549691,26.19761354431,-17430.95627853
45,22.5,897,-6.775763795606e-14,1.041032308464e-12,-1.623378125331e-13,87474.13525668,-329.3159022918,-17378.37851154
45,22.5,898,-6.747656429413e-14,1.045284782631e-12,-1.566858860538e-13,89724.00750039,183.1104672282,-17427.4700128
45,22.5,899,-6.803334806296e-14,1.036989257904e-12,-2.131868615663e-13,86864.35878435,-191.8679241116,-17351.02659042
45,22.5,900,-6.79249491765e-14,1.039251888286e-12,-1.608308283534e-13,85449.57330159,-268.2456368473,-17348.23891078
45,22.5,901,-7.027329675658e-14,1.036816262171e-12,-9.950437671171e-14,86890.35855538,263.177241758,-17377.20587726
45,22.5,902,-6.452795387978e-14,1.046153941815e-12,-7.27699194109e-14,85720.58762623,-104.9883058236,-17394.28358376
45,22.5,903,-6.93579216221e-14,1.032451778353e-12,-1.664984802007e-13,87702.50714986,-56.20697602288,-17287.05731554
45,22.5,904,-6.548471377964e-14,1.03214864821e-12,-2.027041237984e-13,88133.27696067,94.00233286309,-17229.12588047
45,22.5,905,-6.488256556616e-14,1.033014633149e-12,-1.590081054946e-13,85761.26921813,-36.21100475341,-17292.72005259
45,22.5,906,-6.906853762178e-14,1.041303404868e-12,-1.69035510258e-13,87592.71805826,-147.6674515642,-17392.05828409
45,22.5,907,-6.37739149582e-14,1.029771752679e-12,-1.7088523254e-13,86124.47228901,248.859030188,-17234.27204487
45,22.5,908,-6.953331341629e-14,1.036195653462e-12,-1.391747040675e-13,85514.64989242,-26.22033105345,-17327.26224933
45,22.5,909,-6.814786059338e-14,1.043451760556e-12,-1.507608039925e-13,88417.08989152,127.9720437193,-17454.75034972
45,22.5,910,-6.675082613688e-14,1.044396047052e-12,-2.223164940279e-13,89774.48038644,-16.58671767961,-17431.18375098
45,22.5,911,-6.521447418195e-14,1.042621710611e-12,-2.077977447971e-13,88830.73198656,-22.30260718998,-17409.85794054
45,22.5,912,-6.992338460959e-14,1.040245200533e-12,-1.610168210685e-13,84663.2924406,-329.9664520059,-17458.47256361
45,22.5,913,-6.271447381913e-14,1.033669232757e-12,-1.404792455708e-13,84885.74647198,83.98624065141,-17212.10084864
45,22.5,914,-6.68572927434e-14,1.046711125728e-12,-1.617377465243e-13,86479.02056822,-49.16179657151,-17475.0249906
45,22.5,915,-6.794638049357e-14,1.032141127884e-12,-1.057621535982e-13,88668.04266756,124.6384742338,-17295.22260645
45,22.5,916,-6.669532161753e-14,1.037115708404e-12,-1.823163281801e-13,90082.98739958,229.4719805377,-17307.5539055
45,22.5,917,-6.727846576032e-14,1.034119829022e-12,-2.177828137682e-13,90093.20093559,149.0841896546,-17219.56720409
45,22.5,918,-7.048974680147e-14,1.042225802429e-12,-1.881641797061e-13,85687.51980742,-57.28217916156,-17473.57583979
45,22.5,919,-6.250144992269e-14,1.01835011622e-12,-1.970466402673e-13,87552.52617999,-106.608517822,-16980.94048281
45,22.5,920,-6.102900525994e-14,1.024385903932e-12,-1.483138595369e-13,86125.01409638,35.39671505623,-17117.74844281
45,22.5,921,-6.466900433615e-14,1.041206617298e-12,-1.890225390202e-13,93463.78864735,162.6289108457,-17406.21668059
45,22.5,922,-6.55736761039e-14,1.034252618657e-12,-9.357063216349e-14,86528.95381642,170.7285267351,-17345.21320481
45,22.5,923,-6.802974893201e-14,1.047367202897e-12,-1.575780530034e-13,86559.76332135,-67.73857751058,-17384.20124928
45,22.5,924,-6.463929017119e-14,1.026851077519e-12,-2.069473875671e-13,88874.19008974,180.6352843262,-17220.97732974
45,22.5,925,-6.607747409816e-14,1.032497758344e-12,-8.880029772211e-14,84998.77368046,202.2037354107,-17296.15840106
45,22.5,926,-6.673949296994e-14,1.040289878517e-12,-1.881120128375e-13,85959.74981668,-58.11797463338,-17369.44085167
45,22.5,927,-6.707841358481e-14,1.045289571118e-12,-9.727759712725e-14,89078.12915957,158.3332854511,-17417.31453414
45,22.5,928,-6.208010617948e-14,1.028517925408e-12,-9.663585707651e-14,88773.63463662,219.7089856097,-17133.42444808
45,22.5,929,-6.43416370621e-14,1.033695394365e-12,-1.763603187031e-13,88745.64586787,-55.64744317397,-17197.49505691
45,22.5,930,-6.298305114946e-14,1.032738558932e-12,-1.3062635987e-13,87498.58269548,-7.929975028074,-17266.37370354
45,22.5,931,-6.595634709985e-14,1.028414241965e-12,-1.466514602238e-13,86338.78634862,144.7288195907,-17171.0541943
45,22.5,932,-6.983827129609e-14,1.047625216479e-12,-1.509806962771e-13,87295.43432249,271.2714841972,-17503.90728225
45,22.5,933,-6.612494871437e-14,1.034295704414e-12,-1.884245615178e-13,91629.17079649,-194.5343100195,-17284.70820049
45,22.5,934,-6.623617923798e-14,1.032825295166e-12,-1.150599189148e-13,86114.15215682,100.8012387579,-17267.23569603
45,22.5,935,-6.803630170483e-14,1.044648316028e-12,-1.734589735515e-13,86079.04366344,190.525891475,-17442.54114925
45,22.5,936,-6.062630160144e-14,1.015316678353e-12,-1.51624838941e-13,89120.58457648,-170.96531156,-16965.2933398
45,22.5,937,-6.616799839468e-14,1.040261834493e-12,-1.679820373897e-13,87209.21613146,139.5099831562,-17397.65342246
45,22.5,938,-6.516685823985e-14,1.030940407588e-12,-2.034678212759e-13,89305.14960734,-206.0161931599,-17158.67690821
45,22.5,939,-6.380695337193e-14,1.038887469945e-12,-1.622243657131e-13,85784.82861213,71.35349839185,-17357.03593736
45,22.5,940,-6.448922133385e-14,1.028879617524e-12,-2.087696606027e-13,87546.05258974,-93.7669965625,-17197.99423437
45,22.5,941,-6.487548710875e-14,1.048359170148e-12,-1.829905024475e-13,87534.43966125,-290.7269680934,-17492.82117404
45,22.5,942,-6.478382246181e-14,1.037458473848e-12,-1.522699615858e-13,85313.42494387,-173.544538173,-17332.15375404
45,22.5,943,-6.569832603883e-14,1.04297172998e-12,-1.594247182102e-13,87084.03558729,-48.62024718747,-17425.69685382
45,22.5,944,-6.471804339081e-14,1.030295473647e-12,-1.25361570361e-13,86561.01424419,-58.78956706503,-17235.63817358
45,22.5,945,-6.754690523484e-14,1.041260437288e-12,-1.703704480674e-13,89126.56523715,-174.1818969814,-17401.00233484
45,22.5,946,-6.540579463148e-14,1.040849344873e-12,-1.366935482256e-13,85418.88944259,109.8639513671,-17395.69393797
45,22.5,947,-6.554226521333e-14,1.043098682109e-12,-1.458900187823e-13,85842.45378827,141.0987021209,-17449.7772849
45,22.5,948,-6.524277043246e-14,1.029645527666e-12,-2.167629057803e-13,88060.22510752,-336.2627515584,-17246.22915243
45,22.5,949,-6.757286403671e-14,1.035888922496e-12,-1.600384774085e-13,88071.58463537,-86.49523693159,-17350.21132854
45,22.5,950,-6.610203506824e-14,1.024911921387e-12,-8.301451179954e-14,87842.62700891,-2.861289953959,-17089.54085067
45,22.5,951,-6.612995154999e-14,1.041202548786e-12,-1.416817345889e-13,86342.68182862,51.4083973611,-17385.96614495
45,22.5,952,-6.854452765951e-14,1.04499876446e-12,-1.965476262652e-13,88374.21517258,24.62231757071,-17474.30724025
45,22.5,953,-6.564542420176e-14,1.038371135572e-12,-1.264893591618e-13,85679.55662434,79.36913816782,-17363.72588874
45,22.5,954,-6.613699818972e-14,1.035465123786e-12,-1.447865571756e-13,86968.26008248,-152.1861655918,-17275.00157068
45,22.5,955,-6.660533616171e-14,1.040606093895e-12,-1.298538657834e-13,87563.8949097,-145.0666378081,-17367.73352327
45,22.5,956,-6.854442563289e-14,1.030599824412e-12,-1.440108736984e-13,92032.53648699,133.8930151544,-17269.82151524
45,22.5,957,-6.625925632104e-14,1.032022155343e-12,-2.05539928802e-13,86477.42894661,-159.5412233019,-17234.9383421
45,22.5,958,-6.430938194488e-14,1.029984499054e-12,-1.746802066656e-13,85127.87156513,182.2564009292,-17226.13898368
45,22.5,959,-6.893172418377e-14,1.03761634081e-12,-1.664166922349e-13,86820.46569614,-332.8673248894,-17328.9810275
45,22.5,960,-6.515746939293e-14,1.035177502003e-12,-1.51314681238e-13,87355.1111418,150.1539984911,-17296.1763319
45,22.5,961,-6.61780257055e-14,1.047920724606e-12,-1.607688757033e-13,87610.73643114,-106.5351101027,-17462.08712986
45,22.5,962,-6.74712661797e-14,1.043215604057e-12,-1.398376090803e-13,86463.44816093,-174.6758534719,-17424.99458961
45,22.5,963,-6.588349357349e-14,1.030560453758e-12,-1.653469268421e-13,86145.00884057,106.3044795924,-17197.93165532
45,22.5,964,-7.066395681407e-14,1.043408635611e-12,-1.286149011096e-13,88217.86289158,220.5677727924,-17502.89358406
45,22.5,965,-6.758859566757e-14,1.045489297811e-12,-1.638141561698e-13,86747.62928235,-300.8446839894,-17430.79005876
45,22.5,966,-6.793896747341e-14,1.037113041378e-12,-1.827029265713e-13,87056.10342249,-322.1116253331,-17348.06723469
45,22.5,967,-6.843118481979e-14,1.0417686256e-12,-1.319778068946e-13,88654.80277062,-14.40063280049,-17399.11344742
45,22.5,968,-6.326626738972e-14,1.038425913897e-12,-1.349366305376e-13,85663.79534405,92.74059135421,-17264.30792721
45,22.5,969,-6.560996598644e-14,1.042223581827e-12,-1.392140546545e-13,88072.65006543,245.0145049507,-17417.7634734
45,22.5,970,-6.391756137894e-14,1.046024907219e-12,-1.913332575628e-13,87120.26952953,9.910140844983,-17433.81906421
45,22.5,971,-6.617268807836e-14,1.037561373496e-12,-1.182118646019e-13,84154.9870637,175.1477830833,-17275.61458255
45,22.5,972,-6.289288793499e-14,1.032946222128e-12,-1.224621294212e-13,85700.34891545,-22.38047168986,-17257.61385479
45,22.5,973,-6.871469497415e-14,1.043854064584e-12,-1.523172477257e-13,87712.82828084,76.52405706257,-17399.24315552
45,22.5,974,-6.42801032051e-14,1.03879313744e-12,-1.636911452698e-13,85904.19317247,-217.5664641946,-17386.85611903
45,22.5,975,-6.615556141158e-14,1.030349438111e-12,-1.323757555102e-13,86793.57693837,-75.39199642661,-17194.7394573
45,22.5,976,-6.549451039467e-14,1.041270399501e-12,-1.531898119798e-13,88923.38454739,25.8228031992,-17381.4999632
45,22.5,977,-6.221125768572e-14,1.030276276198e-12,-1.406576849824e-13,88282.99804942,193.2961911932,-17235.90900893
45,22.5,978,-6.548671024539e-14,1.037784657723e-12,-1.682704518445e-13,88902.52385027,188.046581712,-17335.25067603
45,22.5,979,-6.648835500307e-14,1.043287766073e-12,-1.406842979666e-13,86330.4839731,-104.5574302609,-17438.71750508
45,22.5,980,-6.606795796922e-14,1.02663389995e-12,-1.314358215091e-13,84106.19312601,-126.4466947373,-17172.85748557
45,22.5,981,-6.681637978485e-14,1.033982658579e-12,-1.606282746733e-13,88500.76322961,-58.2827773635,-17278.42115606
45,22.5,982,-6.286328222116e-14,1.025057893923e-12,-1.594369319909e-13,86009.24890505,34.47481636847,-17133.68675575
45,22.5,983,-6.422545848868e-14,1.043609487086e-12,-1.191564713731e-13,88739.9541888,85.16840412095,-17429.57997511
45,22.5,984,-6.600835704576e-14,1.035784800494e-12,-9.792985256887e-14,87447.26147148,66.94563458152,-17317.87100204
45,22.5,985,-6.169663768859e-14,1.040217814686e-12,-1.781997226963e-13,88045.10784072,36.91329454925,-17342.85395322
45,22.5,986,-6.650631138902e-14,1.041993382549e-12,-1.893736914709e-13,85257.90884535,-36.29202651252,-17430.10835112
45,22.5,987,-6.516318801324e-14,1.03286941286e-12,-2.09625489391e-13,89131.76064179,-267.370891354,-17227.77531752
45,22.5,988,-6.816320799375e-14,1.050620116033e-12,-1.335571850231e-13,87834.30179857,55.17122328619,-17570.60191426
45,22.5,989,-6.582976130644e-14,1.039028386806e-12,-1.785801445842e-13,91137.4828089,596.4869433813,-17371.04911723
45,22.5,990,-6.942573911552e-14,1.040238663026e-12,-1.915636036083e-13,87498.80115572,-72.69029012181,-17392.92771563
45,22.5,991,-6.393644819011e-14,1.030301428183e-12,-2.310527907754e-13,88641.23692838,149.7602856392,-17220.10588758
45,22.5,992,-6.612141202952e-14,1.032129984857e-12,-2.305886958055e-13,88871.30239155,-159.5086515589,-17333.23270862
45,22.5,993,-6.95748346186e-14,1.04268652119e-12,-1.632659192173e-13,81897.08373174,-159.1790045115,-17407.12711605
45,22.5,994,-6.815381490746e-14,1.035723878735e-12,-1.378852320051e-13,87490.0667272,-59.21266964948,-17308.88465842
45,22.5,995,-6.445730628251e-14,1.030521975687e-12,-2.226188573828e-13,87263.84457331,-0.03208024499116,-17246.26529545
45,22.5,996,-6.836282451276e-14,1.042774763567e-12,-1.430674116812e-13,86468.5671077,137.8349211551,-17382.07695232
45,22.5,997,-6.533794356986e-14,1.040632822641e-12,-2.127171401666e-13,86824.64623501,-311.9526320108,-17375.25944318
45,22.5,998,-6.21427601416e-14,1.013661960164e-12,-1.615041528917e-13,83333.61178511,173.6861726658,-16921.96141489
45,22.5,999,-6.622598016616e-14,1.03418001005e-12,-1.550547744858e-13,88852.19500944,82.04708157611,-17303.7847953
45,22.5,1000,-7.076558315956e-14,1.043043332129e-12,-1.745929469048e-13,89122.64791546,-55.28004454428,-17444.76917193
50,25,1,-1.108235684854e-14,2.458686433975e-13,-1.872242040974e-14,26688.42800649,-9.767207155874,-4104.447134121
50,25,2,-9.506502248366e-15,2.427212063597e-13,-1.310156920828e-14,27693.19859474,77.13182442115,-4061.77105792
50,25,3,-9.691919724933e-15,2.463774289953e-13,-1.648693579881e-14,27633.79736239,83.84424348875,-4113.30093234
50,25,4,-1.028621622737e-14,2.475349013075e-13,-1.932777744667e-14,27016.66703256,-36.87702614887,-4130.730944788
50,25,5,-1.032932663898e-14,2.466586164289e-13,-2.270848656427e-14,28265.80486524,26.20173064843,-4135.087262372
50,25,6,-1.00671289335e-14,2.423004807571e-13,-2.248618589148e-14,27654.57483104,-26.01504742301,-4043.680005514
50,25,7,-9.596867166031e-15,2.425013723347e-13,-3.068386277643e-14,26977.94802676,6.870940789603,-4049.587150277
50,25,8,-1.03030907003e-14,2.459687882001e-13,-2.424166360754e-14,27517.08956076,8.268204138992,-4103.600236356
50,25,9,-1.052146206646e-14,2.457097381733e-13,-1.604645169878e-14,28247.94637328,132.0706111516,-4105.455306729
50,25,10,-1.008857348727e-14,2.435028859221e-13,-2.977335892271e-14,27679.6325636,-25.24708010028,-4063.768230596
50,25,11,-1.05045001142e-14,2.429893119691e-13,-3.342388094291e-14,27967.05801067,-0.2543192689405,-4055.006138641
50,25,12,-1.013030791921e-14,2.416581377555e-13,-2.152585476889e-14,26683.31585983,4.622519346388,-4032.714375962
50,25,13,-9.70917584189e-15,2.433927429934e-13,-9.390116122251e-15,27496.35336807,11.37715098697,-4064.367236674
50,25,14,-1.002637497358e-14,2.460228299256e-13,-2.709990506281e-14,27221.58763273,-1.4091284221,-4104.01352835
50,25,15,-9.933757037671e-15,2.420652854285e-13,-2.748047094027e-14,27772.74483738,15.25038027069,-4044.83166976
50,25,16,-9.579575057351e-15,2.440437039846e-13,-4.20706382922e-14,28177.47142845,29.07668956245,-4068.304420003
50,25,17,-1.070032688309e-14,2.454010077165e-13,-3.67580005194e-14,27915.54355505,-79.94177967069,-4105.738436727
50,25,18,-8.734187309962e-15,2.433376080633e-13,-2.457377855585e-14,27808.99205795,-37.11832616407,-4049.80770223
50,25,19,-9.904224704389e-15,2.45247107409e-13,-2.791966012401e-14,27479.02286933,-46.54835137223,-4088.439034859
50,25,20,-1.006961915298e-14,2.42264025176e-13,-2.628151320642e-14,26787.48926813,-20.40962922409,-4060.414644943
50,25,21,-1.013718898805e-14,2.428235981947e-13,-1.102510455676e-14,27497.16517391,-18.31792359851,-4067.15302658
50,25,22,-1.036232960179e-14,2.450377564062e-13,-2.598045576652e-14,28102.79158787,-8.120830502193,-4096.14311755
50,25,23,-9.848341945491e-15,2.423263079695e-13,-2.417342786205e-14,27045.22631969,91.4074864611,-4056.050882619
50,25,24,-1.001701065869e-14,2.447581962909e-13,-3.485251958423e-14,26801.31822624,23.03869489564,-4085.565969861
50,25,25,-1.030888461928e-14,2.430589026563e-13,-3.734174927008e-14,27695.01964112,18.95502028095,-4070.890852552
50,25,26,-9.615677981599e-15,2.427318113382e-13,-1.504781542254e-14,27123.86719549,-1.952376227051,-4052.141412702
50,25,27,-9.85609366232e-15,2.455424411153e-13,-2.344764237405e-14,26513.05026075,-19.82729772286,-4087.037732413
50,25,28,-9.953657978166e-15,2.437750203282e-13,-3.221459403438e-14,27688.94434266,64.81856315634,-4073.052293318
50,25,29,-8.802463942361e-15,2.452997139568e-13,-1.948748219526e-14,26744.23585371,-56.22234640475,-4092.038727922
50,25,30,-9.536435464194e-15,2.426556623149e-13,-3.61349307991e-14,27748.67769205,14.87411347221,-4058.127700919
50,25,31,-9.825287685822e-15,2.460940758807e-13,-3.84279132346e-14,26843.81480858,-21.80465858466,-4110.087563163
50,25,32,-1.009927307805e-14,2.426580680015e-13,-3.086979379147e-14,27274.96270683,19.30294510264,-4065.84815069
50,25,33,-1.081356207299e-14,2.463997337781e-13,-1.810933133142e-14,26681.02677316,82.00351345365,-4125.962188622
50,25,34,-1.103121687856e-14,2.46672463236e-13,-2.368855880287e-14,26686.49325157,-10.76606242661,-4111.341650923
50,25,35,-1.022135658376e-14,2.430967519072e-13,-3.321673161589e-14,27622.92427238,-19.17846735629,-4069.768155699
50,25,36,-1.082072918885e-14,2.424259729557e-13,-3.423833003278e-14,26355.93265329,14.93543331802,-4059.316972516
50,25,37,-1.052695931878e-14,2.44294428439e-13,-4.466777398058e-14,27896.66842,35.97988981759,-4096.507463022
50,25,38,-9.784290451568e-15,2.442454226078e-13,-5.303344774716e-14,28200.09639588,-1.995667586632,-4076.516388252
50,25,39,-1.048511906648e-14,2.471630944764e-13,-3.328347140315e-14,28361.12771412,-31.3180623778,-4134.65636583
50,25,40,-9.834278895804e-15,2.465164291347e-13,-4.123564151849e-14,27088.55463734,27.61240247536,-4112.648264246
50,25,41,-9.985575604824e-15,2.425537463947e-13,-2.679743584337e-14,27250.14333525,49.14826143397,-4062.355037524
50,25,42,-9.640727797391e-15,2.436818431453e-13,-3.131942352186e-14,28370.69257979,19.99610271776,-4070.848083169
50,25,43,-1.004623826152e-14,2.4511246117e-13,-3.050840383834e-14,27349.64330712,27.63882986336,-4107.451402574
50,25,44,-1.060743113835e-14,2.446524548649e-13,-2.213559058441e-14,27746.72982347,-13.82699767088,-4068.513849095
50,25,45,-1.120391690899e-14,2.469613862777e-13,-2.832245041437e-14,27587.60814297,37.68310647749,-4125.253261744
50,25,46,-1.021979246556e-14,2.423964067678e-13,-1.136236690983e-14,27028.14353986,-29.16936184626,-4051.416771606
50,25,47,-9.620054910881e-15,2.472625783574e-13,-3.662708563554e-14,27070.16574736,-76.56095419837,-4120.388377598
50,25,48,-1.086689504925e-14,2.456648358678e-13,-2.808962663876e-14,28082.30943539,-9.556208127554,-4103.572907211
50,25,49,-9.963754653482e-15,2.448094697205e-13,-3.224925112142e-14,26596.86938669,-45.60383205632,-4089.571632799
50,25,50,-9.854112031589e-15,2.442783580657e-13,-1.684841007332e-14,28332.78331886,0.3658169342568,-4084.246088919
50,25,51,-1.036070405887e-14,2.436748022515e-13,-1.328712588475e-14,27767.77388797,-53.65532975223,-4065.096707625
50,25,52,-1.097348588586e-14,2.425056778412e-13,-4.069882927047e-14,27475.66167164,41.2120899863,-4045.464062037
50,25,53,-1.019438608537e-14,2.444186336889e-13,-1.779387459509e-14,27464.33760257,-9.054945892732,-4088.589693907
50,25,54,-1.09839675389e-14,2.429170594502e-13,-1.478315070598e-14,26749.80034653,18.13159705118,-4063.157129266
50,25,55,-1.002310190921e-14,2.459656155059e-13,-4.418110570043e-14,26249.44517838,-30.28809159322,-4102.191503682
50,25,56,-1.011259220789e-14,2.449920685896e-13,-1.263224859322e-14,26447.6237368,13.56873628592,-4104.067527418
50,25,57,-1.005190986685e-14,2.436629272202e-13,-2.751163996142e-14,28018.71901992,11.54552498166,-4060.383535508
50,25,58,-1.015814049011e-14,2.461305650854e-13,-4.029058001048e-14,27085.02081149,-22.55278041564,-4106.407187683
50,25,59,-1.03352514644e-14,2.433371607548e-13,-3.98246521243e-14,27760.07135423,-77.54339542733,-4077.005920834
50,25,60,-9.708870554017e-15,2.430995535029e-13,-1.586068714945e-14,26928.63477156,8.227561075847,-4050.826233477
50,25,61,-1.033427898696e-14,2.438354722613e-13,-2.136671858731e-14,27253.24923708,40.80639958874,-4065.208449355
50,25,62,-1.046982348601e-14,2.470547608778e-13,-4.52846467643e-14,27758.2468466,-29.59800610468,-4116.117969696
50,25,63,-1.022000160629e-14,2.421724473636e-13,-3.690889271612e-14,27318.9962965,-25.75648394387,-4038.007933724
50,25,64,-1.065774575686e-14,2.465875018934e-13,-3.652485164527e-14,28279.23817568,1.840577926718,-4103.396142192
50,25,65,-1.002107964395e-14,2.448105911448e-13,-2.748180735462e-14,27422.79979292,-14.34056156362,-4087.462816645
50,25,66,-1.023386060196e-14,2.427764180604e-13,-3.615290958206e-14,27482.10506586,22.51977936458,-4048.258020714
50,25,67,-1.004216887333e-14,2.416563794802e-13,-3.712119388679e-14,27526.23080119,-10.2322459711,-4031.735407198
50,25,68,-1.032021647931e-14,2.438403498982e-13,-2.110600735091e-14,28484.12948276,-6.217490769352,-4072.202664258
50,25,69,-1.033592982606e-14,2.454076511427e-13,-3.745688489229e-14,27190.15715474,-37.04655618229,-4110.696500949
50,25,70,-9.976731288204e-15,2.454738284337e-13,-2.927786909744e-14,26746.06919094,30.74531989845,-4099.439840184
50,25,71,-1.018506067239e-14,2.448950298478e-13,-1.266875504982e-14,27397.88537011,18.02289407613,-4091.349401806
50,25,72,-9.556414961373e-15,2.439959558097e-13,-5.058674134326e-14,27826.9892941,-6.815616767671,-4094.955019638
50,25,73,-1.057008362308e-14,2.445961693265e-13,-3.506167120309e-14,28132.06806325,2.377885147085,-4098.574004347
50,25,74,-9.998240710291e-15,2.442179839896e-13,-2.398293888158e-14,27688.11839904,62.29063632253,-4073.010358775
50,25,75,-1.094670788522e-14,2.427020455704e-13,-2.011492501196e-14,27097.0368828,10.1247840225,-4059.150780858
50,25,76,-1.043121128221e-14,2.425139074658e-13,-4.028100672969e-14,26664.17275769,12.61268698254,-4052.900863477
50,25,77,-1.032250790826e-14,2.439851141569e-13,-4.291473625794e-14,27336.82227891,-34.53057078681,-4081.174364245
50,25,78,-1.072918710343e-14,2.423916398571e-13,-6.199949911177e-15,26969.8178994,25.35366800351,-4050.063849508
50,25,79,-1.081017321527e-14,2.460235280253e-13,-1.639088573934e-14,27114.50801105,12.5474160715,-4111.629897112
50,25,80,-1.10165586106e-14,2.473749835363e-13,-6.034406831587e-15,27108.59168136,-43.83776682596,-4133.60320925
50,25,81,-9.851324705141e-15,2.437441887663e-13,-2.100711970512e-14,26860.43407676,28.61991776528,-4075.8676817
50,25,82,-1.021081162704e-14,2.449204101017e-13,-3.224535490045e-14,27500.1034239,-68.24181467354,-4090.368181854
50,25,83,-1.037281973287e-14,2.461666663645e-13,-2.47952341281e-14,27252.98814063,-56.57837965539,-4111.361384269
50,25,84,-1.013074430694e-14,2.451890985851e-13,-1.222166105826e-14,26987.02117803,-11.83911861391,-4106.192613251
50,25,85,-9.798229969166e-15,2.442549006124e-13,-3.164533353558e-14,26882.60942097,-38.64150276019,-4075.143564749
50,25,86,-9.785605129583e-15,2.456901036552e-13,-2.764145752614e-14,27610.45874212,-66.01255525053,-4103.466226623
50,25,87,-1.110967857291e-14,2.445567179703e-13,-1.73867553015e-14,27878.11226943,1.195117525396,-4080.423937355
50,25,88,-9.064271787013e-15,2.448427261183e-13,-2.471655950984e-14,26512.2809747,-34.60685313977,-4098.90146539
50,25,89,-9.829771575943e-15,2.433747612554e-13,-1.731946735174e-14,26973.45354634,73.82252497339,-4064.909982414
50,25,90,-1.025625443908e-14,2.463874834622e-13,-4.058289812577e-14,27789.68294371,-34.48779967034,-4116.121016712
50,25,91,-9.66330774397e-15,2.453385457122e-13,-4.056891896501e-14,27857.48221417,-5.272465403979,-4082.645117986
50,25,92,-1.021448548992e-14,2.433374836228e-13,-4.015710877652e-14,27352.80431598,-56.90962270054,-4070.802543005
50,25,93,-9.509698184402e-15,2.435245623753e-13,-2.254392758785e-14,26920.3825378,-17.80021582656,-4066.720163029
50,25,94,-1.078096068673e-14,2.460700556138e-13,-3.012011547449e-14,27394.43603521,-56.47279700419,-4109.292751633
50,25,95,-9.301388580755e-15,2.425836794192e-13,-3.15194510263e-14,27748.58533978,8.27981609396,-4043.710926298
50,25,96,-9.608202628047e-15,2.448610066164e-13,-4.162073631324e-14,27658.51297689,-43.08018866149,-4099.746650714
50,25,97,-1.052924585894e-14,2.444183943736e-13,-2.552861539828e-14,27271.44037905,12.20471054121,-4082.433162356
50,25,98,-9.964776213649e-15,2.436831022653e-13,-1.934333692487e-14,26408.2919122,29.95059935408,-4058.035251733
50,25,99,-9.699335764057e-15,2.421633970881e-13,-2.955554401914e-14,26889.87185955,12.12493476044,-4042.401224258
50,25,100,-9.522067902751e-15,2.428762125644e-13,-2.131035035269e-14,28193.47662264,-38.13490164661,-4062.121324302
50,25,101,-1.03518441342e-14,2.451611757744e-13,-3.659395492453e-14,27656.86433394,50.32313006457,-4094.048034894
50,25,102,-9.84106516452e-15,2.448074570908e-13,-1.866885822446e-14,27331.77542444,21.93202000102,-4088.465303872
50,25,103,-9.667961678991e-15,2.427504260884e-13,-7.121359119435e-14,27344.1886899,-31.98796006658,-4040.865376127
50,25,104,-9.761857705437e-15,2.459514529416e-13,-2.862625135322e-14,27563.04964193,-41.50764013123,-4107.265999202
50,25,105,-9.348553726649e-15,2.441685273608e-13,-1.972985511234e-14,25938.30422218,27.667651971,-4072.561134107
50,25,106,-1.041307645591e-14,2.434403592702e-13,-2.068324196266e-14,26793.77238689,-6.33821208251,-4075.199716686
50,25,107,-1.072437548858e-14,2.447205729648e-13,-1.712311010889e-14,27867.37564673,-52.58426282761,-4081.016065335
50,25,108,-9.654704938462e-15,2.436521434434e-13,-3.267154035402e-14,27025.72675983,40.47968130417,-4064.45490829
50,25,109,-1.014821545119e-14,2.430885544483e-13,-2.80869142697e-14,27459.30555601,-13.99094629658,-4066.221083714
50,25,110,-1.037096771631e-14,2.426896813151e-13,-2.441004402033e-14,27570.34128733,27.70228410345,-4043.684910111
50,25,111,-9.953979018046e-15,2.438002100352e-13,-2.830287737695e-14,27706.8615769,3.15146217179,-4070.512326116
50,25,112,-1.001709443581e-14,2.449426011776e-13,-2.898352211313e-14,28357.73983243,38.6552348555,-4082.771833976
50,25,113,-9.567768195043e-15,2.447429578339e-13,-3.191537756511e-14,26405.38357406,-64.48927359598,-4097.670174083
50,25,114,-1.040267815522e-14,2.439069846534e-13,-2.109841755634e-14,28053.56898841,0.3861400986744,-4076.50837431
50,25,115,-1.022777963134e-14,2.435317493866e-13,-2.102459663962e-14,27512.51554625,60.12172867046,-4069.642019367
50,25,116,-1.11231135779e-14,2.469183373353e-13,-3.527974515867e-15,27485.13923134,2.274154197975,-4106.594079534
50,25,117,-1.029955684072e-14,2.433927285871e-13,-1.29577415625e-14,27664.3558818,46.85753911908,-4066.061013885
50,25,118,-1.034730021703e-14,2.428313456054e-13,-2.54674153154e-14,27741.06185731,0.3232830016841,-4057.938857796
50,25,119,-1.055993442894e-14,2.444640168166e-13,-2.825098880951e-14,26746.68266394,-11.24411963706,-4086.843698829
50,25,120,-1.074617730194e-14,2.434433810036e-13,-2.687758995296e-14,28404.01231696,-27.53106443031,-4054.825562282
50,25,121,-1.003703971964e-14,2.446357264454e-13,-1.011536745736e-14,27334.67875798,27.10654872252,-4086.908849335
50,25,122,-1.080794866446e-14,2.456116436079e-13,-2.347688728558e-14,27477.66330601,-8.689982301371,-4100.772738744
50,25,123,-9.940766907193e-15,2.437572881851e-13,-9.207815687299e-15,27810.41290653,-58.66510903279,-4069.280141646
50,25,124,-1.062041691372e-14,2.471213003244e-13,-2.470057008187e-14,27623.98213655,-30.49313401337,-4126.692672137
50,25,125,-1.090943892197e-14,2.460025946589e-13,-1.980021713173e-14,27486.99318856,36.99541569867,-4098.615031627
50,25,126,-1.034052883787e-14,2.44210744614e-13,-4.105993884041e-14,26789.57250062,-102.2323553956,-4085.447759811
50,25,127,-1.043650125587e-14,2.447061581866e-13,-2.94349394099e-14,26795.96835195,-29.54956818419,-4092.160589779
50,25,128,-1.043477637418e-14,2.449268489959e-13,-5.023848328463e-14,27784.71222921,-17.60232822946,-4078.217647953
50,25,129,-1.044507950079e-14,2.460934859516e-13,-2.104490204737e-14,27428.02636663,1.480067657684,-4102.567307893
50,25,130,-9.424849894714e-15,2.440918017854e-13,-1.884710328656e-14,28372.01803764,21.94777250729,-4060.440584069
50,25,131,-1.007311879885e-14,2.428977460777e-13,-2.205364747997e-14,26732.39855431,-35.42080284876,-4063.199183952
50,25,132,-1.008050705104e-14,2.441752630655e-13,-3.049404669165e-14,28536.30750637,-61.05775508066,-4073.648994091
50,25,133,-1.101218581891e-14,2.444531732815e-13,-1.738802754461e-14,27915.6006201,-12.4351009688,-4082.63764077
50,25,134,-9.252040369984e-15,2.423829479973e-13,-2.423712832739e-14,27431.2201996,30.74307449226,-4041.91939398
50,25,135,-9.866376909103e-15,2.429159859863e-13,-1.224841614381e-14,27331.01903898,38.3304080439,-4062.379769746
50,25,136,-9.843306078318e-15,2.446200368384e-13,-1.212702752113e-14,27689.14962701,31.6157928118,-4099.198718287
50,25,137,-1.044255172619e-14,2.439943715278e-13,-2.575439169382e-14,27016.36241836,-48.24411459083,-4075.168558067
50,25,138,-9.722785256842e-15,2.436574900086e-13,-2.342984845906e-15,27079.40187861,-44.55075671785,-4070.142413422
50,25,139,-9.330473940586e-15,2.442013807747e-13,-2.034606930134e-14,28175.03107822,49.48720394966,-4085.259726279
50,25,140,-8.473469267852e-15,2.437476390509e-13,-4.285266795375e-14,27625.20921566,-54.55283475932,-4057.462823288
50,25,141,-1.042733898158e-14,2.428667920878e-13,-2.430294730372e-14,27175.26337422,68.08008511065,-4052.887796906
50,25,142,-9.979265621248e-15,2.437022042563e-13,-2.243550368602e-14,26062.70009392,-26.3166218535,-4078.87790874
50,25,143,-9.994263767025e-15,2.415730569102e-13,-8.798212305611e-15,27676.27328161,19.27672585648,-4034.668005652
50,25,144,-1.06356846172e-14,2.443703670559e-13,-4.056256428903e-14,28105.14282612,-7.151137739567,-4076.38766875
50,25,145,-1.003165133464e-14,2.4409934772e-13,-3.810686361768e-14,27656.81570856,-75.23290265652,-4077.51099136
50,25,146,-1.022127615849e-14,2.459229795112e-13,-3.583497877955e-15,27184.29080763,41.49279679929,-4111.820453675
50,25,147,-1.103443183919e-14,2.484658943321e-13,-3.174385208184e-14,26279.644815,37.92772549788,-4146.662488639
50,25,148,-1.054360693863e-14,2.452331103946e-13,-1.692927403089e-14,28578.3044261,8.972930037821,-4075.23998796
50,25,149,-9.659742945753e-15,2.449422084747e-13,-2.333832439287e-14,27024.08016706,-24.74722857845,-4093.21943257
50,25,150,-1.02103595631e-14,2.438794587863e-13,-3.15979058224e-14,26839.88612712,8.706047582795,-4076.819530713
50,25,151,-9.916896192186e-15,2.46293104427e-13,-2.313444630131e-14,27257.79811634,-14.12967501604,-4105.619494592
50,25,152,-1.038715580342e-14,2.446000804529e-13,-1.700920738822e-14,27735.77285787,-7.409017109135,-4084.979499097
50,25,153,-9.883213408833e-15,2.41939516439e-13,-2.542135494974e-14,28005.91724175,0.7376655657159,-4053.341874457
50,25,154,-1.001492115555e-14,2.439527003223e-13,-1.549714619659e-14,27156.01162687,-8.559921587739,-4078.067735581
50,25,155,-1.034218484116e-14,2.434793381086e-13,-2.217178950878e-14,26543.78187757,-11.06100984041,-4055.975654624
50,25,156,-9.560984842168e-15,2.443689637979e-13,-3.265580386287e-14,26620.37214054,46.63521161365,-4072.008209402
50,25,157,-1.070325717971e-14,2.479280985017e-13,-3.236461467539e-14,28181.38403103,29.96296235201,-4141.545131869
50,25,158,-9.78541679264e-15,2.462691353848e-13,-3.067876776141e-14,27918.10165578,29.55627429852,-4107.617637422
50,25,159,-1.008213368123e-14,2.445365069203e-13,-3.916211180143e-14,27790.45456971,-99.6830540352,-4084.546715566
50,25,160,-1.013431373888e-14,2.430276361858e-13,-3.339819951139e-14,26571.24872836,-24.04313168284,-4051.937648747
50,25,161,-1.003428175624e-14,2.448910168695e-13,-4.477238702271e-14,27017.6731822,27.55245018531,-4100.637780322
50,25,162,-9.397191876092e-15,2.433710109435e-13,-4.730668847131e-14,27778.01967631,-60.10206486306,-4072.237709395
50,25,163,-1.04697566174e-14,2.447100294481e-13,-1.75767309975e-14,27762.48157263,46.75110845156,-4092.313439782
50,25,164,-9.201298947614e-15,2.443674647834e-13,-2.767060676862e-14,27011.428367,-2.729189724924,-4081.11225441
50,25,165,-1.062315797746e-14,2.449748070626e-13,-3.022640538207e-14,27702.67711119,-107.9339175779,-4082.775086651
50,25,166,-1.052339775776e-14,2.432423187734e-13,-2.066283471235e-14,27725.01843033,7.892761521405,-4053.564615959
50,25,167,-9.84914333356e-15,2.424527421979e-13,-1.257544836298e-14,27636.40918077,91.16272573793,-4055.289987052
50,25,168,-1.085882361312e-14,2.467927127388e-13,-3.310749268288e-14,26814.73801943,-15.86190746151,-4120.442145005
50,25,169,-1.05568208315e-14,2.449276750635e-13,-1.82878269153e-14,27973.69762248,36.26480216274,-4103.827186415
50,25,170,-1.025290290891e-14,2.447964629951e-13,-2.422508201881e-14,27725.83713677,-26.82681390933,-4092.107061806
50,25,171,-1.042689853849e-14,2.453025887461e-13,-3.679444673357e-14,27342.727294,-79.95924528297,-4089.840608814
50,25,172,-1.000984443991e-14,2.451634919667e-13,-1.673071335521e-14,26932.7387255,41.5157328836,-4096.82619726
50,25,173,-9.706337392256e-15,2.461689585192e-13,-2.601818216319e-14,26785.97348449,-24.64855300761,-4114.74892704
50,25,174,-1.01147062472e-14,2.463264005387e-13,-1.207060651505e-14,27329.8365561,60.18825846241,-4107.917202373
50,25,175,-1.098749093186e-14,2.44743554589e-13,-3.177995469816e-14,27090.80717861,-2.86570587655,-4078.093040525
50,25,176,-9.508689902807e-15,2.434521217444e-13,-1.31366268331e-14,27196.82202139,-25.92639103685,-4068.418467284
50,25,177,-1.004768017136e-14,2.449656346256e-13,-2.691098882568e-14,27978.51325136,38.58930394745,-4098.282037736
50,25,178,-9.900992871894e-15,2.437313584942e-13,-3.924824581343e-14,27602.04826934,9.14529844404,-4075.973831662
50,25,179,-9.99389596423e-15,2.446358918383e-13,-3.195420647325e-14,27799.61192434,-3.133723188224,-4075.670703807
50,25,180,-9.152632122957e-15,2.425369077455e-13,-2.941269208683e-14,27414.50148024,6.48723026915,-4052.843291497
50,25,181,-1.107277090005e-14,2.442470776437e-13,-3.407776548496e-14,26585.64721173,2.575336519127,-4090.972098492
50,25,182,-9.813221103376e-15,2.451501868772e-13,-1.537206677245e-14,27116.61698098,36.09845681915,-4100.252410405
50,25,183,-1.016427242309e-14,2.461061781113e-13,-1.08858005582e-14,27694.73705626,-52.39951783804,-4110.946520545
50,25,184,-1.028865963065e-14,2.434023543466e-13,-3.047344185657e-14,28004.39723809,46.55127277273,-4065.925555395
50,25,185,-1.023986453073e-14,2.46340461713e-13,-2.743245462306e-14,28467.75927814,-50.00477104279,-4101.377744617
50,25,186,-1.003502448251e-14,2.463580664864e-13,-1.542778299299e-14,27165.24767691,-37.80985204703,-4103.789946452
50,25,187,-9.757518224064e-15,2.426119545085e-13,-4.515831214934e-14,28236.86328859,-65.90346280215,-4043.729260493
50,25,188,-9.993024885773e-15,2.438041565623e-13,-3.558224034228e-14,27755.45625335,25.91812592751,-4062.186059982
50,25,189,-9.962782984718e-15,2.462507387397e-13,-6.763628755088e-15,26734.88441136,15.58441168726,-4121.649734835
50,25,190,-9.978861555398e-15,2.419361270012e-13,-2.258748746936e-14,27060.430084,-41.29681686252,-4059.362584853
50,25,191,-1.020550430468e-14,2.445006491707e-13,-1.155159163206e-14,28278.1775289,38.73359224585,-4094.490042213
50,25,192,-9.420971759639e-15,2.445054714618e-13,-5.789421724949e-14,29150.40354266,-87.21436479784,-4075.236634011
50,25,193,-1.016895183622e-14,2.423121193061e-13,-3.576276087883e-14,27777.69515086,-9.396720491019,-4046.145899088
50,25,194,-1.066431747687e-14,2.464079077193e-13,-3.258516320289e-14,26830.3774663,-6.428188346885,-4108.650160258
50,25,195,-9.951759847543e-15,2.442802856529e-13,-3.157824368481e-14,26650.93362688,-59.97130126662,-4078.872160239
50,25,196,-9.962419385571e-15,2.460140447361e-13,-3.201821541449e-14,26778.65623716,-8.621016840635,-4100.393902539
50,25,197,-1.011852366842e-14,2.479214736371e-13,-1.772271159202e-14,28182.22549514,-24.24013548222,-4138.506023413
50,25,198,-1.12117122747e-14,2.457437335232e-13,-2.251937718058e-14,26667.51053384,12.91016876165,-4104.302293279
50,25,199,-9.837042045172e-15,2.430548970949e-13,-3.44436564926e-14,27339.2914174,10.23221196035,-4067.473874336
50,25,200,-1.022815547759e-14,2.423435695277e-13,-4.438595679197e-14,26882.46286994,16.48715456091,-4058.104023593
50,25,201,-9.815413796139e-15,2.444326894528e-13,-3.893452301649e-14,27751.4562915,25.84752847392,-4069.498917875
50,25,202,-1.013830316022e-14,2.457972845124e-13,-3.255495380413e-14,27343.41484174,-8.046836079517,-4109.765579858
50,25,203,-9.523419854084e-15,2.434020371256e-13,-5.683519161651e-15,27468.79433762,-2.837189585029,-4072.213383127
50,25,204,-1.053612578673e-14,2.453202757192e-13,-1.589053598532e-14,28279.35834377,-46.70359682051,-4102.550470389
50,25,205,-1.076410461709e-14,2.444414875731e-13,-1.83784828026e-14,27252.73588354,-34.94823893088,-4082.78373623
50,25,206,-9.947718894247e-15,2.452890554617e-13,-2.734666838913e-14,28446.29661673,-11.18274626648,-4095.723640046
50,25,207,-9.26041785445e-15,2.436895981899e-13,-3.073496022369e-14,27037.17691048,3.333458356902,-4082.801134446
50,25,208,-9.439804852675e-15,2.44358227315e-13,-3.308352775066e-14,26903.02089579,-24.91508082831,-4082.649511479
50,25,209,-1.083656390744e-14,2.470290080225e-13,-1.156682739033e-14,27660.46236742,18.64327003553,-4112.331551342
50,25,210,-1.057109926262e-14,2.430693148979e-13,-2.923156778347e-14,27706.07999948,-31.2280051042,-4076.825772972
50,25,211,-1.08016907716e-14,2.440117573363e-13,-9.879643886299e-15,27222.96620125,8.365736804667,-4072.775398137
50,25,212,-1.021461694479e-14,2.458547139209e-13,-2.021718666134e-14,26564.79819511,21.2879121089,-4112.293780355
50,25,213,-9.265432522846e-15,2.440179870488e-13,-2.214493620804e-14,26606.24522215,3.007303457481,-4070.316656691
50,25,214,-9.66546994398e-15,2.452097476871e-13,-2.148374301648e-14,26838.54938045,-37.50112580626,-4101.261920461
50,25,215,-1.024324325567e-14,2.444453856663e-13,-4.946657175306e-14,27719.4503369,6.138040247927,-4091.962488559
50,25,216,-1.018673167443e-14,2.442255473987e-13,-2.655681559113e-14,27299.39558155,-46.61232565505,-4089.593601044
50,25,217,-1.059415817415e-14,2.446031484512e-13,-3.351524917238e-14,27233.69723373,-24.64718412527,-4077.570891455
50,25,218,-9.84055274516e-15,2.419456989455e-13,-4.605553690001e-14,28054.41100177,35.89178953924,-4042.376542865
50,25,219,-1.04014654248e-14,2.44985084813e-13,-4.297496071116e-14,28111.28436745,-30.83308508368,-4079.287657072
50,25,220,-9.865350820609e-15,2.432367034578e-13,-3.767344624661e-14,27965.04318212,-53.69229042932,-4058.700569265
50,25,221,-9.990349316418e-15,2.455392964126e-13,-1.091321815283e-14,27129.0851307,54.63867924317,-4112.04699926
50,25,222,-1.081251112421e-14,2.474548833058e-13,-4.164277500804e-14,28059.60404442,18.54120467138,-4140.180819545
50,25,223,-1.002698740409e-14,2.434163288808e-13,-4.035798420691e-14,27735.85914606,-16.92989929691,-4073.140373102
50,25,224,-9.873980425635e-15,2.435486692809e-13,-2.119189861769e-14,26409.84470331,66.86432264877,-4072.08347665
50,25,225,-1.024174726451e-14,2.426691247639e-13,-1.268004631081e-14,26180.15514914,-11.62549018385,-4048.535672135
50,25,226,-1.017860563953e-14,2.454127875384e-13,-2.914643728908e-14,27912.90136586,31.77072734961,-4096.924629978
50,25,227,-9.952041010674e-15,2.434936007881e-13,-2.966633556835e-14,28423.42145347,48.37454883283,-4076.91325437
50,25,228,-1.054126928311e-14,2.464267225785e-13,-1.637793013058e-14,27561.42042194,72.16724493373,-4114.559055967
50,25,229,-1.03724188356e-14,2.445743183838e-13,-3.429139101994e-14,28508.77579717,-7.080394997846,-4102.404098291
50,25,230,-9.834775087981e-15,2.44234938852e-13,-2.587508231569e-14,28279.5234637,6.008685923969,-4083.079566869
50,25,231,-1.007601093294e-14,2.436250616416e-13,-2.49541712818e-14,27423.69826276,-64.08371036429,-4079.111493018
50,25,232,-1.026179556446e-14,2.451218265356e-13,-3.921219672208e-14,27336.56574757,12.99406801753,-4101.403334361
50,25,233,-1.014171043313e-14,2.436657939454e-13,-2.982270297475e-14,27713.39050161,35.78681092306,-4063.798397433
50,25,234,-9.996035467583e-15,2.453160407399e-13,-3.058069192448e-14,27452.25621821,-42.2326972997,-4093.076669764
50,25,235,-9.366003736631e-15,2.439704574782e-13,-3.851429154958e-14,28275.252585,-95.24488253594,-4070.251343579
50,25,236,-1.029399296803e-14,2.445388904319e-13,-2.890186007189e-14,26551.01121903,22.11006408103,-4095.577496533
50,25,237,-9.995986844775e-15,2.442686049371e-13,-1.897315531878e-14,28128.82417525,15.38372386938,-4067.673047539
50,25,238,-1.02650174629e-14,2.464270898251e-13,-4.028310981431e-14,28497.69354201,17.21592577835,-4129.866847303
50,25,239,-1.026634097306e-14,2.426077173673e-13,-2.431672389589e-14,27206.86964282,11.2850778661,-4058.051883982
50,25,240,-1.068502592125e-14,2.437031582166e-13,-4.765263305084e-14,27763.05404177,-32.45790583629,-4069.593713432
50,25,241,-9.848570647172e-15,2.433845740129e-13,-2.853840076631e-14,27380.84563021,71.62375008608,-4068.470559801
50,25,242,-9.366199240322e-15,2.461142857601e-13,-1.424709621463e-14,27010.31341239,107.4060128596,-4118.908573859
50,25,243,-1.079088554554e-14,2.449641349117e-13,-2.963392622936e-14,26362.06914069,37.67080325693,-4093.045003409
50,25,244,-1.052819178995e-14,2.437970523419e-13,-1.185261035075e-14,26963.86098518,-0.1431131423003,-4066.289492923
50,25,245,-1.081083194959e-14,2.454295699386e-13,-2.253152451326e-14,27298.41429745,-3.823800066277,-4093.799598248
50,25,246,-9.285137418347e-15,2.422099985016e-13,-4.339463110394e-14,28127.04756065,-1.274735320635,-4039.355065127
50,25,247,-1.000126521263e-14,2.443602748159e-13,-2.328613635666e-14,27268.51810754,-21.15283500197,-4087.914399298
50,25,248,-1.078094802155e-14,2.433365301274e-13,-1.564003407271e-14,26971.70444539,6.454863770117,-4074.78936107
50,25,249,-1.006746861726e-14,2.463379103679e-13,-3.215077272265e-14,28179.75524969,-52.42424722879,-4110.19088487
50,25,250,-9.457405586709e-15,2.456600583817e-13,-2.85050011898e-14,28112.17656471,-50.95095600778,-4111.017329299
50,25,251,-1.030054688475e-14,2.423139707954e-13,-3.204303354309e-14,26922.72820833,-56.11407695784,-4049.261150432
50,25,252,-9.674225281222e-15,2.435872169725e-13,-4.530317492031e-14,27890.38482968,-8.665647429885,-4068.211385338
50,25,253,-1.004576129584e-14,2.44720830345e-13,-1.73353785846e-14,27880.32053091,19.58559520078,-4098.203415828
50,25,254,-1.021623530769e-14,2.448047757741e-13,-4.882555988857e-14,28319.62341237,-18.3724334377,-4096.07056991
50,25,255,-9.617302003159e-15,2.414031893215e-13,-2.57209625248e-14,27615.91199909,65.27498074966,-4032.715761052
50,25,256,-9.947374655578e-15,2.431526489629e-13,-3.045300014834e-14,28216.98446975,-16.65611122326,-4072.791426768
50,25,257,-1.008866711737e-14,2.454752994864e-13,-3.030270275869e-14,27494.2536316,6.747515953193,-4112.193779448
50,25,258,-1.011377184565e-14,2.445040874002e-13,-1.801107622395e-14,26844.24181063,-17.39738876658,-4082.597149311
50,25,259,-9.965446640287e-15,2.471723892089e-13,-1.209040461645e-14,27118.40378809,58.34701744036,-4117.586779223
50,25,260,-9.726734584441e-15,2.443113074669e-13,-5.717730786043e-14,27843.57178138,-28.8120900309,-4081.764126294
50,25,261,-9.623745654241e-15,2.429083186628e-13,-4.490940356622e-14,27942.11498384,31.32641741957,-4050.970742751
50,25,262,-9.972432361753e-15,2.434160472539e-13,-4.972482188115e-14,27764.95642772,36.86765535649,-4075.730563101
50,25,263,-1.020624271865e-14,2.433726034127e-13,-3.797477084017e-14,27129.7226617,0.6618238691754,-4065.101649285
50,25,264,-9.842859577013e-15,2.425911343237e-13,-4.020275147378e-14,26762.53751974,32.38705204373,-4052.914920628
50,25,265,-1.045236119892e-14,2.420466649057e-13,-1.786717773109e-14,27889.08365759,-35.61940037992,-4058.599064301
50,25,266,-1.074621731169e-14,2.466110575855e-13,-3.230477866163e-14,27555.49831312,36.15452358209,-4125.812242706
50,25,267,-1.032254671704e-14,2.426102118681e-13,-3.285237360694e-14,27713.06787303,-29.162853948,-4047.08434864
50,25,268,-1.045614666541e-14,2.452460656001e-13,-4.043890326793e-14,27240.79442114,-33.80732753206,-4096.631758031
50,25,269,-1.067375145764e-14,2.451127943315e-13,-3.523114534365e-14,28636.84032669,-20.41147790298,-4081.297551637
50,25,270,-9.937482522882e-15,2.447690413219e-13,-3.319432001531e-14,26877.39054647,-26.68984485642,-4094.953104796
50,25,271,-1.020827343613e-14,2.465213904491e-13,-1.724347980215e-14,27449.29962132,13.47355956671,-4118.422998377
50,25,272,-9.513398886026e-15,2.443082547149e-13,-2.788235800824e-14,27313.72907147,5.104163718553,-4072.700027784
50,25,273,-9.642920354363e-15,2.447058852309e-13,-2.474299149753e-14,27153.75371089,-2.062271445165,-4089.084248233
50,25,274,-1.026615208828e-14,2.423049535827e-13,-1.794898697662e-14,27572.48071086,47.31879965326,-4048.217226682
50,25,275,-1.050508271544e-14,2.433076409027e-13,-3.043982591802e-14,27131.12397325,-11.53624186973,-4062.660254519
50,25,276,-1.063939568624e-14,2.444793305519e-13,-4.225320516881e-14,28441.11684554,25.50286985847,-4081.629675989
50,25,277,-1.025230080899e-14,2.445937058693e-13,-3.14850776365e-14,28456.78296326,-34.40133448382,-4084.120237329
50,25,278,-9.745058240069e-15,2.454018166251e-13,-2.469579712995e-14,27435.92168382,-42.86541387049,-4088.25628548
50,25,279,-9.02520155575e-15,2.433948702462e-13,-1.702174744595e-14,27830.57736506,-2.602662737268,-4063.021560836
50,25,280,-9.825573209659e-15,2.421465072326e-13,-2.385245385062e-14,27743.53540355,18.69851246127,-4059.96486012
50,25,281,-1.029774068628e-14,2.448409494206e-13,-2.453376267062e-14,27530.70457176,22.99627332402,-4080.750853585
50,25,282,-1.020349695664e-14,2.46322343509e-13,-3.179635275574e-14,27163.44211863,-51.26657732641,-4120.05865992
50,25,283,-1.009629933252e-14,2.445522074506e-13,-2.580521035776e-14,27885.03270641,-21.30338503611,-4091.48761987
50,25,284,-9.227414521421e-15,2.427086211831e-13,-1.935866129102e-14,27850.25970548,-42.40073561876,-4060.859123529
50,25,285,-9.957500650722e-15,2.430103567218e-13,-1.565092322751e-14,27288.25914505,-21.68555633887,-4067.916750479
50,25,286,-9.151268593189e-15,2.41444347104e-13,-1.862049374489e-14,27872.92372285,-12.36767754915,-4035.634520777
50,25,287,-1.072906901145e-14,2.437006075974e-13,-3.250558894786e-14,27535.31373623,63.66253602494,-4073.286742026
50,25,288,-9.836386102636e-15,2.415634383611e-13,-2.716879319762e-14,27385.20115372,-5.684020396232,-4047.203646854
50,25,289,-9.963736628795e-15,2.433981536038e-13,-1.626285597951e-14,26409.382819,63.59660093886,-4086.218353244
50,25,290,-9.213347254387e-15,2.432221672287e-13,-2.03638535037e-14,27018.5336042,-3.339887181888,-4067.098779237
50,25,291,-1.049286846615e-14,2.464230380503e-13,-1.506765459773e-14,27704.64078375,7.549064400918,-4102.933187551
50,25,292,-9.135437105887e-15,2.451096089216e-13,-3.708217233503e-14,27348.66131599,11.75437181918,-4089.34074634
50,25,293,-1.072347019663e-14,2.447170483853e-13,-3.956217160378e-15,26722.83089176,26.34118541817,-4086.630182128
50,25,294,-9.900868841762e-15,2.449146682885e-13,-2.970327782025e-14,26656.89734709,17.022745997,-4086.630590894
50,25,295,-9.521155222828e-15,2.450574312903e-13,-2.03355590118e-14,27440.23764482,-0.7199202076543,-4094.935813814
50,25,296,-1.071930255683e-14,2.45477602469e-13,-3.298597335696e-14,26351.04055709,-9.886637049951,-4099.253509033
50,25,297,-1.033130527109e-14,2.447800405065e-13,-3.3496815865e-14,27530.28965661,36.16561299896,-4094.940757218
50,25,298,-9.058213794031e-15,2.424441671285e-13,-4.728849835979e-14,28332.58200667,-41.73786738369,-4049.850217544
50,25,299,-9.918701066948e-15,2.457794255885e-13,-2.517074798231e-14,28568.74373795,45.86781656959,-4096.975875
50,25,300,-1.023944569244e-14,2.445980870331e-13,-1.196047929625e-15,27359.11717679,1.215450039998,-4081.510600674
50,25,301,-1.080926821045e-14,2.445355919763e-13,-4.49114024814e-14,27253.1838216,-7.702794176362,-4110.342368138
50,25,302,-1.032911127697e-14,2.436778243983e-13,-2.469077983065e-14,27562.46547111,-7.097104501546,-4071.953130066
50,25,303,-1.051940644024e-14,2.427204927664e-13,-2.48992658482e-14,27164.23600324,-8.462801515783,-4060.389417734
50,25,304,-1.046041401365e-14,2.46946129219e-13,-1.947775938963e-14,26834.47418953,-5.447809946623,-4118.463291743
50,25,305,-9.469563698511e-15,2.422653815255e-13,-1.894686528652e-14,27274.09683895,-1.109134964728,-4055.756856378
50,25,306,-1.035179338247e-14,2.464602470595e-13,-2.837506984204e-14,27230.884111,-1.183286445851,-4107.672519558
50,25,307,-1.006209292024e-14,2.442574692319e-13,-1.80725566079e-14,26235.73476885,3.430861649506,-4068.120275376
50,25,308,-9.694816350408e-15,2.428383613955e-13,-2.116708210806e-14,27125.84336947,-7.663582736812,-4059.377249933
50,25,309,-1.019153674794e-14,2.445957697895e-13,-4.472369150344e-15,26726.30000465,-14.70638563705,-4089.729477284
50,25,310,-9.645928084826e-15,2.422864457771e-13,-3.397237804189e-14,27925.74972357,11.22834266762,-4057.233821143
50,25,311,-1.059228144948e-14,2.458965388778e-13,-4.234427249472e-14,27944.68061136,-88.5794672107,-4120.127858469
50,25,312,-9.852367837471e-15,2.460152007264e-13,-2.934858621571e-14,27832.4107485,38.27311477605,-4115.58608339
50,25,313,-1.00459773815e-14,2.452229353233e-13,-2.472754800483e-14,26331.65205042,1.015726465935,-4094.214472516
50,25,314,-9.784904000252e-15,2.443241101945e-13,-2.37282140468e-14,27325.41303437,-15.83206222361,-4069.249090288
50,25,315,-1.070672135937e-14,2.447777968385e-13,-4.589642373613e-14,28542.70044963,20.17887216841,-4096.656345219
50,25,316,-9.941276307188e-15,2.420067115381e-13,-2.151588684761e-14,27951.33836583,-15.99075708095,-4039.055019201
50,25,317,-9.798464229326e-15,2.43065722209e-13,-2.677247373509e-14,26994.57361764,-20.26643079673,-4067.948033047
50,25,318,-1.049962360584e-14,2.444401852248e-13,-3.092151176556e-14,27698.56060437,-50.01351795864,-4084.237950014
50,25,319,-1.081714850414e-14,2.418424622027e-13,-1.690783864441e-14,27155.84748249,-15.70737865922,-4031.427637252
50,25,320,-9.737423683646e-15,2.437492982055e-13,-1.660974494277e-14,27069.65774602,27.06190360077,-4072.59695608
50,25,321,-9.812824351056e-15,2.432431695967e-13,-3.579901776753e-14,27615.81245165,17.80956907795,-4069.206257662
50,25,322,-9.920482383602e-15,2.447992018835e-13,-1.23940473756e-14,28120.3544301,9.999403376435,-4089.556833596
50,25,323,-1.011309315291e-14,2.458220024645e-13,-2.772204515793e-14,27361.97256838,-0.8458466151504,-4100.157528943
50,25,324,-1.025727054357e-14,2.442437272634e-13,-2.988331408045e-14,27539.96755764,6.526829963572,-4085.734280497
50,25,325,-9.91077911078e-15,2.46617227191e-13,-5.236746826144e-14,27566.31031396,-52.11321199421,-4118.10966926
50,25,326,-1.039435854987e-14,2.44579929677e-13,-2.005903762404e-14,27606.3293343,45.44691212986,-4094.414898347
50,25,327,-9.530906412084e-15,2.430549116334e-13,-2.822474329319e-14,27450.46909067,-0.04660886554552,-4068.384202902
50,25,328,-1.121718683167e-14,2.430478319312e-13,-3.174591774483e-14,27221.68352648,-51.14660345166,-4058.692899062
50,25,329,-9.577907087862e-15,2.446244460709e-13,-2.456372703978e-14,27119.97348513,-8.807521571942,-4074.793537537
50,25,330,-1.000858925925e-14,2.430716806277e-13,-9.810509189174e-15,27790.08442062,-29.65171089785,-4061.620438449
50,25,331,-1.101351946136e-14,2.473695982123e-13,-3.393109878796e-14,27845.86815121,-98.41809899322,-4127.758701044
50,25,332,-1.095616155137e-14,2.464621978948e-13,-2.245973346279e-14,26990.30569405,-30.14776115393,-4125.162684409
50,25,333,-1.02819121119e-14,2.4599053883e-13,-2.246523602736e-14,27044.85858801,80.0441092972,-4105.725694963
50,25,334,-9.92855293755e-15,2.421342021076e-13,-2.682211765922e-14,27346.31934698,15.28937853579,-4033.784699156
50,25,335,-9.687478749179e-15,2.447681384297e-13,-1.861302345378e-14,28688.80595856,-41.70555131648,-4084.342332829
50,25,336,-9.993710106836e-15,2.422183541243e-13,-3.646999615364e-14,28072.41256876,19.72217047009,-4045.391053059
50,25,337,-9.950881643008e-15,2.436616186867e-13,-3.282478476766e-14,28117.03416449,40.06918172173,-4064.267470733
50,25,338,-1.006749919757e-14,2.438882648636e-13,-3.496111743342e-14,27695.37943325,41.56387410665,-4077.304292204
50,25,339,-9.541415956652e-15,2.448800489507e-13,-2.58094007989e-14,27780.48909041,-17.85800815482,-4076.248618762
50,25,340,-9.427936504782e-15,2.444376942334e-13,-2.663101785158e-14,28170.57461847,-53.18636464433,-4079.482198536
50,25,341,-1.012948535213e-14,2.455955508535e-13,-3.584614902668e-14,27442.33325377,10.10985397385,-4098.653057038
50,25,342,-1.008338721563e-14,2.464781124353e-13,-3.549240717459e-14,27391.25635106,43.58858425964,-4113.035291724
50,25,343,-9.259549568184e-15,2.451159804891e-13,-2.887518351195e-14,27031.63740091,-16.21924753151,-4083.023141971
50,25,344,-9.819724906411e-15,2.430687944869e-13,-5.138595562242e-15,27091.13998238,89.7882048936,-4063.539990584
50,25,345,-9.01211374152e-15,2.398977725073e-13,-3.077736355819e-14,27621.44710588,22.7348283785,-4010.472390911
50,25,346,-1.071680872109e-14,2.469910942741e-13,-2.30122920363e-14,27744.42961213,19.83074933496,-4116.624250566
50,25,347,-8.75771484652e-15,2.44106850091e-13,-2.752347602376e-14,28353.47894046,-3.72355963357,-4092.393952101
50,25,348,-1.084167810209e-14,2.449812003427e-13,-3.60860054114e-14,28418.27519238,-17.20596542224,-4099.769560032
50,25,349,-9.600181938724e-15,2.447909634674e-13,-1.356128112673e-14,27022.79939882,27.02338531556,-4085.09360649
50,25,350,-9.887731512686e-15,2.45523462196e-13,-2.916248295247e-14,27201.2534278,-13.91001327621,-4093.446134721
50,25,351,-1.017793716481e-14,2.439275240011e-13,-1.268950574375e-14,27440.50334074,34.63324207146,-4079.742536088
50,25,352,-9.296786662443e-15,2.429410527306e-13,-3.492248846349e-14,27775.70571962,-49.78351675877,-4055.477681974
50,25,353,-1.01903420664e-14,2.465678020914e-13,-2.077654351901e-14,28471.05412714,-42.52892110446,-4105.008917431
50,25,354,-9.884680732741e-15,2.414652609374e-13,-3.689970022407e-14,28464.74836826,34.41503147059,-4035.638697748
50,25,355,-1.07024971649e-14,2.456768055498e-13,-1.861213342593e-14,27830.8538315,50.55266955944,-4091.687121208
50,25,356,-1.017327354305e-14,2.42523041081e-13,-1.874010226676e-14,28488.94779831,21.4483581349,-4062.855143321
50,25,357,-9.644524503602e-15,2.425875515086e-13,-3.260669949642e-14,27349.74071779,-0.8733794164795,-4055.463050742
50,25,358,-1.071491144801e-14,2.443697600818e-13,-2.123910165508e-14,26778.50674843,21.95046302253,-4079.131629265
50,25,359,-9.856787745837e-15,2.437845686958e-13,-2.483124400886e-14,28119.70499128,-31.29219017218,-4069.511248776
50,25,360,-1.08454817991e-14,2.433665043515e-13,-3.760040430526e-14,26965.27029239,-7.115978074844,-4065.755704347
50,25,361,-9.549099782106e-15,2.437309029364e-13,-4.072221239041e-14,28275.88801287,28.39961681171,-4066.524659298
50,25,362,-9.963073029524e-15,2.457218197849e-13,-1.585792096886e-14,26540.10664023,69.02353538045,-4092.456964641
50,25,363,-9.611300388517e-15,2.416838298613e-13,-1.871408497354e-14,27490.13367061,45.94322885747,-4041.040996751
50,25,364,-9.905063710185e-15,2.424041322404e-13,-4.047684338773e-14,27774.356229,31.49061435128,-4051.804728331
50,25,365,-1.061405269383e-14,2.431351737878e-13,-3.743550013836e-14,28141.31579701,-31.22979989408,-4068.05051261
50,25,366,-1.014616075162e-14,2.448318411772e-13,-3.090351236423e-14,27161.66087807,-43.52566713117,-4093.536753935
50,25,367,-9.985221465981e-15,2.455538708746e-13,-2.425849030031e-14,27294.05072958,-12.92685194064,-4103.437850908
50,25,368,-9.744454744494e-15,2.429775139354e-13,-2.22535506646e-14,28240.6623434,2.523364618856,-4053.20325435
50,25,369,-1.076451405473e-14,2.461222029556e-13,-3.901335661401e-14,25939.11850806,27.45674437429,-4115.424040407
50,25,370,-1.027668499003e-14,2.440703822455e-13,-3.227780689091e-14,26611.81310448,-19.22788812994,-4078.268222522
50,25,371,-1.064712604859e-14,2.444987048768e-13,-2.458087825486e-14,27229.14988378,31.86116285458,-4082.434466411
50,25,372,-1.084870468675e-14,2.459860805734e-13,-4.048677174631e-14,27690.91730233,-26.79849310712,-4105.513467801
50,25,373,-9.296426493892e-15,2.409327386977e-13,-3.57984132571e-14,28008.74154244,12.27212311112,-4036.973072725
50,25,374,-1.036254335838e-14,2.472126212726e-13,-3.335383260433e-14,27890.56655366,20.71114460424,-4120.317867053
50,25,375,-1.046588403967e-14,2.45121233692e-13,-3.968719195204e-15,27608.27460122,-31.06000274295,-4089.893468241
50,25,376,-8.738467184987e-15,2.397427276525e-13,-3.006283179441e-14,27837.52399402,25.16271862673,-4012.361209572
50,25,377,-1.013635275766e-14,2.428785208374e-13,-1.00746238303e-14,27635.046868,13.34698931443,-4067.446947304
50,25,378,-1.037127241862e-14,2.454290984917e-13,-2.990337192332e-14,29246.84401607,-24.30027254823,-4093.812457099
50,25,379,-1.016385664829e-14,2.451902610763e-13,-2.023859246226e-14,27334.05776365,-45.7125052482,-4101.69899699
50,25,380,-1.023436448195e-14,2.448039735225e-13,-1.785648923853e-14,27400.62608325,11.24966013006,-4088.227723099
50,25,381,-1.003186334339e-14,2.447115699272e-13,-2.626099557092e-14,28105.4005178,-96.60769787589,-4099.160593015
50,25,382,-9.713972429476e-15,2.43702034489e-13,-3.832899844606e-14,28016.4863622,-28.08755291021,-4067.023352038
50,25,383,-9.812461572713e-15,2.434448695878e-13,-2.417237933009e-14,28717.68772016,-94.36023571333,-4073.268745304
50,25,384,-1.053587673434e-14,2.461381037155e-13,-1.623791417092e-14,26945.80978727,14.66190237749,-4098.642551496
50,25,385,-9.153116954512e-15,2.441397498287e-13,-2.669419820735e-14,27556.0244949,17.54300141791,-4080.157281846
50,25,386,-9.914687942627e-15,2.407806145297e-13,-2.32818101071e-14,26388.49794298,34.50000491043,-4028.117026979
50,25,387,-9.849273932265e-15,2.438974332791e-13,-1.44639288914e-14,27548.79068885,-10.27664783014,-4071.722440303
50,25,388,-9.258225038309e-15,2.436646144148e-13,-2.069822527771e-14,27070.54518201,10.61615563686,-4069.695708415
50,25,389,-9.519676516066e-15,2.430416639385e-13,-1.96684112711e-14,27839.73713889,-52.26318462783,-4047.293784295
50,25,390,-1.063923968375e-14,2.448337590135e-13,-1.446168854188e-14,27490.46489052,-66.26800776571,-4104.032290417
50,25,391,-9.648992948324e-15,2.428038216699e-13,-9.600655438988e-15,28115.94937914,66.31676156874,-4049.218545981
50,25,392,-9.912210249077e-15,2.456300992027e-13,-2.252674967852e-14,27317.35559749,38.14966964363,-4094.808941913
50,25,393,-9.731597093603e-15,2.423035059401e-13,-2.791350591604e-14,27265.2140547,-43.59289007546,-4054.114082984
50,25,394,-9.821743056956e-15,2.432758149986e-13,-1.734812051015e-14,27152.76635203,-25.5840787504,-4064.804040712
50,25,395,-1.033878580112e-14,2.446657556149e-13,-3.344313311166e-14,27040.73526807,4.771020390045,-4083.564975759
50,25,396,-1.003783218678e-14,2.446968141873e-13,-2.030809402928e-14,26662.91100715,-35.92241449572,-4088.245834927
50,25,397,-1.000651651861e-14,2.418677392244e-13,-1.896546909581e-14,26882.19904954,7.693968806718,-4043.846442884
50,25,398,-1.144407335449e-14,2.445380294783e-13,-2.02382003709e-14,27956.27202778,-9.920325898694,-4095.565018133
50,25,399,-9.679488569086e-15,2.456590172206e-13,-4.182055637389e-14,26989.977057,32.65798413265,-4098.541127404
50,25,400,-1.03334198581e-14,2.441987343361e-13,-2.684334903983e-14,28066.36522865,2.462250893694,-4082.227886113
50,25,401,-1.011000089871e-14,2.479668825457e-13,-1.540081792025e-14,27020.53190085,60.09259128499,-4138.293542376
50,25,402,-1.023507507258e-14,2.433422707095e-13,5.199163027758e-15,27160.14640224,70.6184676948,-4067.078793791
50,25,403,-1.023574457158e-14,2.475515112889e-13,1.288685912455e-15,27420.85517593,52.24463657759,-4134.815846604
50,25,404,-1.000183472222e-14,2.431495662495e-13,-1.202584166112e-14,27040.4219861,49.15648610641,-4069.030843557
50,25,405,-1.070805897248e-14,2.455231884891e-13,-3.885357343493e-14,27330.03249184,-24.46549385556,-4101.763074085
50,25,406,-1.027740761209e-14,2.425609760092e-13,-3.613853497757e-14,27180.37771031,-26.05454094481,-4061.502991477
50,25,407,-1.047404893202e-14,2.467323521801e-13,-1.367313870485e-14,27412.38426521,-24.79171853876,-4110.430427271
50,25,408,-1.083536792642e-14,2.453407376431e-13,-2.583837761743e-14,27574.29057054,42.52979076236,-4100.394882088
50,25,409,-1.000459245252e-14,2.436224061231e-13,-4.045245699686e-14,27410.89036218,67.28898780635,-4064.213827482
50,25,410,-9.312892756787e-15,2.439001234471e-13,-2.915741094607e-14,27390.17038205,33.1841434102,-4067.455376256
50,25,411,-1.027435726213e-14,2.454996018908e-13,-4.156576951428e-14,27074.83491018,64.99695458854,-4100.404214061
50,25,412,-9.75271093559e-15,2.42861673182e-13,-4.802974974546e-14,28076.77349164,9.921244076272,-4053.055720086
50,25,413,-9.322508908057e-15,2.420399533651e-13,-3.767793219788e-14,26496.51400479,-54.99694186287,-4037.222748213
50,25,414,-1.049050910525e-14,2.433459664366e-13,-2.529618816034e-14,27169.77260073,10.5014586223,-4065.834549249
50,25,415,-1.082507038368e-14,2.430744692668e-13,-1.849433392961e-14,27173.72973838,33.70356448779,-4062.914111617
50,25,416,-1.044263149068e-14,2.447554093585e-13,-1.978491026115e-14,27334.76599138,15.22310698886,-4091.324825731
50,25,417,-9.613690244621e-15,2.440426920501e-13,-3.299529606898e-14,28207.63313965,75.91130992851,-4070.569871995
50,25,418,-1.094074873838e-14,2.455149760624e-13,-2.488126653975e-14,27143.72868106,-23.93292198633,-4103.558789403
50,25,419,-1.012631639733e-14,2.433651001641e-13,-8.333624424409e-15,26562.44015067,-23.93617692969,-4063.47554943
50,25,420,-9.972909224695e-15,2.451579795539e-13,-2.271590789233e-14,28523.63426569,-13.93628683713,-4089.434298125
50,25,421,-1.008845139547e-14,2.472158112264e-13,-4.310176388039e-14,27375.60753967,5.069761959491,-4119.641335755
50,25,422,-1.071603462316e-14,2.440865505062e-13,-1.913360255624e-14,27092.9045792,-27.1951968579,-4075.418853385
50,25,423,-9.550550692338e-15,2.431627482285e-13,-3.158413583246e-14,27244.27464813,74.46735355051,-4061.054513399
50,25,424,-1.000462441706e-14,2.458684292103e-13,-3.662711091353e-14,27151.31609014,48.29744745578,-4092.666295028
50,25,425,-9.586180376858e-15,2.440705571206e-13,-3.709236193756e-15,27505.51278266,45.57701207873,-4074.865501303
50,25,426,-1.041366121204e-14,2.480491061327e-13,-2.028644501544e-14,27031.96568295,2.994835166511,-4141.571500515
50,25,427,-1.036120091363e-14,2.437838810482e-13,-1.347857012532e-14,26304.65300822,20.08656486244,-4075.254874323
50,25,428,-9.669363869647e-15,2.423826331813e-13,-4.448719006795e-14,27276.53597426,39.75519296599,-4050.340529389
50,25,429,-1.022238917457e-14,2.459163637758e-13,-2.893523091979e-14,27639.10290303,0.4332876084036,-4113.416669415
50,25,430,-9.885993088044e-15,2.45289494374e-13,-2.86582358375e-14,27229.79896675,-60.67236740694,-4088.372087074
50,25,431,-9.69429446396e-15,2.449636307677e-13,-2.505997919923e-14,27447.10671021,-9.443397194363,-4096.562920619
50,25,432,-1.120326558722e-14,2.44632332279e-13,-4.444945713739e-14,26764.49994898,-68.00675427226,-4082.812040313
50,25,433,-9.735280919745e-15,2.431646167488e-13,-2.163593986955e-14,27508.68015126,6.012238074302,-4067.056994105
50,25,434,-9.881772338493e-15,2.430899133628e-13,-3.102125358879e-14,27954.97998714,-1.597478824341,-4060.829914602
50,25,435,-1.04006499542e-14,2.435538130982e-13,-2.922392621384e-14,27725.63376609,19.28920306468,-4065.432710981
50,25,436,-1.012199111504e-14,2.44162482704e-13,-4.294999699227e-14,26953.26834045,-45.36888664652,-4087.59540569
50,25,437,-9.962587005794e-15,2.464938559651e-13,-1.787407816212e-14,27089.25984389,71.09386200287,-4104.962327432
50,25,438,-9.872593007707e-15,2.453570157806e-13,-3.032434304852e-14,27894.37530802,46.55654680766,-4096.650524658
50,25,439,-9.383187432037e-15,2.44175889501e-13,-1.29936378018e-14,26807.63230178,-24.58538055843,-4066.750343578
50,25,440,-9.679055921246e-15,2.460189583513e-13,-2.757436852712e-14,27379.5052225,22.90645128737,-4099.865144475
50,25,441,-9.349790527118e-15,2.441006498326e-13,-3.567783217797e-14,28486.30754605,18.12498427736,-4066.254455587
50,25,442,-9.828109004633e-15,2.460842532728e-13,-1.609648122408e-14,26693.44743965,21.29157467404,-4107.982133675
50,25,443,-9.924046438751e-15,2.449629307315e-13,-2.190331777481e-14,27959.74105895,-6.236954587533,-4097.433387294
50,25,444,-1.029860028918e-14,2.449852204515e-13,-2.833198657918e-14,27362.00729497,25.86373852035,-4084.559459372
50,25,445,-9.405527634125e-15,2.415206984345e-13,-4.626005611384e-14,28474.24755018,19.01326723877,-4034.833453575
50,25,446,-9.909756643083e-15,2.43537523399e-13,-5.877427504019e-15,27125.50899036,13.00305201579,-4068.476537404
50,25,447,-9.84960484654e-15,2.433138232218e-13,-2.404021918223e-14,27287.70617768,11.56508499183,-4055.057182362
50,25,448,-1.002065228304e-14,2.444160216465e-13,-2.537099000317e-14,27325.34023486,-13.30074508054,-4084.941611065
50,25,449,-1.033149975912e-14,2.444261326842e-13,-3.119012104612e-14,28014.31896079,-12.74945149339,-4087.219650611
50,25,450,-9.649239965397e-15,2.441324161501e-13,-2.530466366801e-14,28095.0190653,49.15776246881,-4070.211324895
50,25,451,-1.043157476086e-14,2.453233283996e-13,-4.760073508087e-15,27298.04225555,-9.459471886556,-4092.943184274
50,25,452,-9.801527974394e-15,2.420178610621e-13,-3.007792741418e-14,27695.08325268,13.32572428091,-4048.790085055
50,25,453,-9.214476005829e-15,2.43745816584e-13,-1.980237246685e-14,26945.51014632,0.1294154373834,-4065.731091432
50,25,454,-1.062581092182e-14,2.447979031401e-13,-3.507108246546e-14,28226.86233403,-35.68038233301,-4089.939962727
50,25,455,-9.894319413978e-15,2.426615193987e-13,-9.418624354275e-15,28224.668881,38.27262749711,-4055.560531373
50,25,456,-1.095261674822e-14,2.446655010737e-13,-3.465213861789e-14,27190.97466659,-20.28699853635,-4094.184777806
50,25,457,-9.844404701519e-15,2.461737980988e-13,-3.021029073635e-14,27287.07049651,-52.7827944354,-4102.116012154
50,25,458,-1.114046148687e-14,2.441377565243e-13,-2.531853046133e-14,28696.25910128,47.30586930978,-4089.151658502
50,25,459,-9.807845360604e-15,2.432319472428e-13,-3.818308190046e-14,28105.66355609,-4.707913525607,-4075.21914048
50,25,460,-8.862393798663e-15,2.423731385918e-13,-9.304829585787e-15,27136.79025429,-3.521853006383,-4052.091870793
50,25,461,-1.025600937561e-14,2.435101027737e-13,-3.049807196486e-14,27120.72677449,-48.83656209824,-4064.8317136
50,25,462,-1.053512210671e-14,2.47230525375e-13,-3.425791039038e-14,28084.94528241,1.376523756778,-4125.113271977
50,25,463,-9.483266973824e-15,2.446912810387e-13,-2.377170957696e-14,27853.85725037,-33.88861880217,-4087.680090388
50,25,464,-9.11858777513e-15,2.454551321058e-13,-2.385066094607e-14,27272.40747429,13.75599979516,-4105.593031674
50,25,465,-1.066852564302e-14,2.44956594233e-13,-1.806325152943e-14,27661.19100343,-31.76841929403,-4099.94481012
50,25,466,-1.002555791666e-14,2.445386428344e-13,-1.030828852681e-14,25909.8140697,-16.42600238445,-4084.224344389
50,25,467,-1.024988818703e-14,2.461454611872e-13,-3.313328269759e-14,28072.38900033,16.61989758758,-4109.522425717
50,25,468,-9.709630210915e-15,2.416577715887e-13,-2.03234404013e-14,27661.51643997,-39.1121614044,-4045.076237316
50,25,469,-1.064005707209e-14,2.464287418873e-13,-4.048430476423e-14,29261.42505867,8.054952462498,-4102.101292673
50,25,470,-1.0361734829e-14,2.436123810182e-13,-3.777770444862e-14,27016.46875329,10.25209020369,-4068.341195941
50,25,471,-1.042624502858e-14,2.469394573631e-13,-2.89330945653e-14,27754.47530698,-38.5192299453,-4128.367215363
50,25,472,-1.010679683294e-14,2.441116330956e-13,-1.551101318422e-14,25615.03126568,20.07536478764,-4077.227503869
50,25,473,-9.571833683446e-15,2.420681203788e-13,-2.615843780838e-14,26964.64015894,25.52961340368,-4042.791017239
50,25,474,-1.014568511546e-14,2.464828235124e-13,-3.436954586341e-14,26824.9513129,39.76922812123,-4101.545802416
50,25,475,-9.80603792956e-15,2.455628621284e-13,-3.31468539551e-14,27434.65596276,17.89765457821,-4096.814951491
50,25,476,-1.044369152022e-14,2.436059230162e-13,-2.936511277828e-14,27907.82331347,74.01424462305,-4074.730704287
50,25,477,-9.423644227637e-15,2.451761643999e-13,-3.532623440163e-14,27466.85232684,-88.92738972673,-4105.855026343
50,25,478,-9.704239839734e-15,2.434874102605e-13,-3.153694107426e-14,27468.29342503,3.340368063309,-4067.578359367
50,25,479,-9.974132898558e-15,2.453171392038e-13,-1.426633165403e-14,27272.26839341,19.9673452217,-4091.612873996
50,25,480,-1.019303678137e-14,2.448727943903e-13,-2.594587301638e-14,27525.0327832,-41.81407036521,-4090.563540446
50,25,481,-9.778031235577e-15,2.44502792684e-13,-1.059787978206e-14,27691.98064038,1.510962291007,-4079.85682911
50,25,482,-1.034895181127e-14,2.455875386526e-13,-3.998545107159e-14,28106.6219004,16.80047650312,-4097.208034411
50,25,483,-9.246578195491e-15,2.45335621997e-13,-3.277795668057e-14,27702.13101493,0.9034682264798,-4089.49388207
50,25,484,-1.020492386099e-14,2.431904856137e-13,-3.533471993679e-14,27359.00989539,-34.85541665436,-4070.326589888
50,25,485,-9.31085587096e-15,2.478775056588e-13,-1.717956811034e-14,27700.44533663,50.94886664938,-4133.302727472
50,25,486,-1.081153952253e-14,2.431177764533e-13,-2.443096132264e-14,26302.54763796,9.962852853471,-4074.144724111
50,25,487,-1.03039793509e-14,2.452406100388e-13,-2.396695159297e-14,27410.47385276,5.141790468389,-4082.804650244
50,25,488,-1.013568803816e-14,2.409086567713e-13,-3.285413390612e-14,27763.91431629,43.01370461621,-4014.80867677
50,25,489,-9.364671076482e-15,2.423633874165e-13,-4.866651399644e-14,27474.47544673,-11.57355219581,-4047.522589666
50,25,490,-9.647416626693e-15,2.433519816201e-13,-1.854850934028e-14,27228.99271076,16.05679469512,-4058.464215427
50,25,491,-1.055475487192e-14,2.449437937281e-13,-2.246847319145e-14,28093.04634925,-2.283784181536,-4084.044925151
50,25,492,-1.028207856651e-14,2.445549917273e-13,-1.413493799594e-14,27552.536481,47.9614336438,-4091.422885317
50,25,493,-9.635754608688e-15,2.41667653445e-13,-3.821516737158e-14,28060.50309894,24.76648270973,-4040.66508389
50,25,494,-9.973265150592e-15,2.451074905484e-13,-1.313634379385e-14,28121.42371128,-21.90951383311,-4100.354763387
50,25,495,-1.060237278505e-14,2.444986229981e-13,-3.632244517102e-14,27299.91312113,-31.33871989255,-4082.604091054
50,25,496,-9.483500384884e-15,2.447848021206e-13,-4.009226091011e-14,27639.25467717,-18.91794028235,-4101.597521019
50,25,497,-9.675944111907e-15,2.451172298342e-13,-4.953024900809e-14,27793.47522862,-5.664116925914,-4088.43983934
50,25,498,-1.111283106961e-14,2.454813499888e-13,-1.423285978361e-14,26620.11096179,46.89520418875,-4096.437040546
50,25,499,-9.967294384189e-15,2.449204236614e-13,-3.302186006912e-14,27785.33536305,-0.7195387731915,-4093.236987888
50,25,500,-9.53806341508e-15,2.441471705093e-13,-3.054202040972e-14,27881.82688867,-37.12790474585,-4073.558605313
50,25,501,-9.848537555876e-15,2.451390081039e-13,-2.481381207879e-14,27634.49402193,36.44701578801,-4090.874989257
50,25,502,-1.067462267676e-14,2.448611697778e-13,-3.065610323201e-14,27403.96498269,6.569302940279,-4091.235493611
50,25,503,-1.023827589264e-14,2.43140423514e-13,-1.016680796871e-14,27643.01250737,66.55521613179,-4073.06284127
50,25,504,-9.862586753963e-15,2.443384839621e-13,-2.896575373914e-14,27555.57459195,-38.99506403626,-4069.598976307
50,25,505,-9.464252780223e-15,2.443277240306e-13,-1.245265461615e-14,26837.05137476,56.96489809464,-4081.726802744
50,25,506,-1.047559123973e-14,2.446741843933e-13,-1.842438511598e-14,27512.20605711,58.65169518594,-4096.931357629
50,25,507,-9.077027370806e-15,2.452970664655e-13,-2.493907324744e-14,28135.80353386,16.04430287937,-4104.164150787
50,25,508,-1.011155332361e-14,2.456071786236e-13,-3.950636482795e-14,27259.71178095,-60.31824761731,-4095.668744808
50,25,509,-1.001930807392e-14,2.436450525532e-13,-2.686528215409e-14,27675.84973868,3.212309268069,-4075.774190016
50,25,510,-9.863607763889e-15,2.437073234756e-13,-2.323792292534e-14,27487.71146663,-4.051782218178,-4075.124456589
50,25,511,-1.020738766471e-14,2.442290762887e-13,-2.097278422798e-14,27077.39166379,-1.896238031522,-4076.631613935
50,25,512,-9.634287665745e-15,2.440510235055e-13,-3.186302297355e-14,27280.7948146,3.80608125937,-4076.233493931
50,25,513,-1.058761629616e-14,2.451212006397e-13,-2.282857629563e-14,27878.07277784,11.65508201674,-4117.491319069
50,25,514,-9.785603655747e-15,2.443554886779e-13,-3.292760352848e-14,27348.91869886,12.62224520247,-4075.567611082
50,25,515,-1.021789471664e-14,2.453597057699e-13,-2.864359172312e-14,27680.17453513,-3.521956146678,-4103.425363442
50,25,516,-1.065780595858e-14,2.443233490059e-13,-2.382928680441e-14,27437.74358821,-27.82788988018,-4077.514931851
50,25,517,-9.832522467932e-15,2.455297726385e-13,-2.264554099814e-14,27199.89283163,-11.68409264351,-4097.413661315
50,25,518,-9.956112072944e-15,2.450627479906e-13,-2.307801564177e-14,26894.25168837,-10.76245027236,-4088.813262299
50,25,519,-9.99776832775e-15,2.446860498762e-13,-1.201519009138e-14,27681.48694302,22.18071016616,-4086.637324904
50,25,520,-1.056450395392e-14,2.461734407732e-13,-3.796102065271e-14,27142.2213796,8.020414347543,-4110.592020362
50,25,521,-1.021951447847e-14,2.420126538767e-13,-4.451219110751e-14,28058.66420318,-14.62549423309,-4053.537225153
50,25,522,-1.044667384514e-14,2.444495663028e-13,-2.974549470771e-14,27606.150305,74.37840496406,-4071.660796796
50,25,523,-9.862079960062e-15,2.450454225408e-13,-3.963184633249e-14,28479.6026178,-0.1686966410445,-4085.629578541
50,25,524,-1.041285289411e-14,2.444412253608e-13,-3.648835477925e-14,27062.48895188,-11.93819062078,-4092.137754406
50,25,525,-9.962611060687e-15,2.434051743734e-13,-3.041918560471e-14,27574.47147084,-7.233244818962,-4069.205252966
50,25,526,-1.067430987419e-14,2.486023485842e-13,-2.766122739417e-14,26737.18447195,39.29452014567,-4149.046992909
50,25,527,-9.040938912063e-15,2.417223877152e-13,-2.419595794739e-14,27494.66653963,-7.447332791814,-4050.198956006
50,25,528,-1.011359846437e-14,2.419564368912e-13,-2.147378104312e-14,27565.83242946,-7.039222223481,-4047.154220191
50,25,529,-1.030787256367e-14,2.425718520547e-13,-1.845297866092e-14,27420.70213922,60.85529382667,-4041.492076273
50,25,530,-1.003666980284e-14,2.437826135761e-13,-2.257864612194e-14,27876.09866171,-16.64283956276,-4067.668493331
50,25,531,-1.04431804008e-14,2.40845198131e-13,-4.676071064214e-14,27906.03863841,-19.19241265221,-4028.32412411
50,25,532,-9.728683583258e-15,2.431590594491e-13,-1.991626831925e-14,26285.49458676,15.28076013416,-4057.419933575
50,25,533,-1.033880952686e-14,2.474606673345e-13,-2.391564988035e-14,28747.21312305,-31.66690723097,-4120.844405395
50,25,534,-9.965125387134e-15,2.46000748636e-13,-1.414717830617e-14,27470.58615047,30.10757666888,-4118.303692763
50,25,535,-1.021165080114e-14,2.435878103726e-13,-2.39364336622e-14,27678.94052947,29.14398944702,-4067.571316519
50,25,536,-9.898252287257e-15,2.448984339463e-13,-3.306649552596e-14,28062.52966402,-23.60426807416,-4088.914674302
50,25,537,-1.025962680911e-14,2.453839988732e-13,-2.365958940011e-14,28335.36136199,-68.67399017413,-4092.124165919
50,25,538,-1.019924397613e-14,2.471597421812e-13,-4.026151459398e-14,27325.85022426,-10.56840185176,-4115.699411143
50,25,539,-1.054077476431e-14,2.471723681546e-13,-3.588373421228e-14,27852.35334957,-12.00259211662,-4129.535662238
50,25,540,-1.070901439793e-14,2.446711560098e-13,-1.0700995744e-14,27027.97005023,61.05528779392,-4097.625535868
50,25,541,-1.024524646855e-14,2.425246599552e-13,-3.484623853056e-14,27959.86695626,2.560364148497,-4056.697871455
50,25,542,-1.001901060143e-14,2.43814013218e-13,-4.669853106502e-15,28181.09573903,-17.88568423748,-4072.671114598
50,25,543,-9.525236306142e-15,2.435860044834e-13,-2.756474163733e-14,26695.6429077,-37.35969842943,-4075.202889448
50,25,544,-1.0116336129e-14,2.43851770942e-13,-3.270419242713e-14,27242.01859521,-30.53561210753,-4076.88062518
50,25,545,-9.860966492235e-15,2.45012078407e-13,-2.736086032551e-14,27220.76627357,69.10969245796,-4091.828603733
50,25,546,-1.034944920584e-14,2.400396133123e-13,-1.876723497604e-14,27417.26605731,-46.20084518227,-4007.942059124
50,25,547,-9.656668040821e-15,2.442928404906e-13,-2.724598801732e-14,27602.36038651,-68.91711947886,-4076.295806359
50,25,548,-1.035916237548e-14,2.441838985414e-13,-3.184912859076e-14,26946.69580278,-38.94946946629,-4083.408607712
50,25,549,-9.94375992966e-15,2.425992387567e-13,-2.950598953194e-14,26957.32239619,2.556071435604,-4058.484666418
50,25,550,-1.024319171408e-14,2.415770881117e-13,-2.602661549152e-14,27195.6172626,39.54102790108,-4053.443254
50,25,551,-9.878027529934e-15,2.431770814056e-13,-2.64385909614e-14,27431.5516496,2.875837215407,-4057.181607349
50,25,552,-1.003139600618e-14,2.432585789096e-13,-3.804487968628e-14,28848.14359873,-20.51924639454,-4054.030937575
50,25,553,-1.066297263504e-14,2.448174909761e-13,-2.688160429172e-14,28008.50537983,30.01951341471,-4089.202944652
50,25,554,-9.644091535784e-15,2.432322334613e-13,-5.444235109091e-14,28287.07033423,-46.57482582528,-4065.547506223
50,25,555,-9.493191164744e-15,2.438924249833e-13,-3.638276275812e-14,28415.25223392,-25.68837004382,-4067.595825953
50,25,556,-1.015459762748e-14,2.451048576872e-13,-2.693304974887e-14,27197.86304225,-21.58839159992,-4096.25016985
50,25,557,-1.030087802748e-14,2.435835802823e-13,-1.883838045324e-14,28249.53354914,18.51011422528,-4062.530900963
50,25,558,-1.049532625477e-14,2.448942961838e-13,-3.583321832649e-14,28418.33290531,-46.92402387673,-4099.069338116
50,25,559,-9.421120343148e-15,2.436882794097e-13,-2.489445067744e-14,28064.22419839,31.86934194445,-4078.710517203
50,25,560,-9.637910362251e-15,2.443729018679e-13,-1.74496506831e-14,27363.97490602,-16.51739597226,-4081.564779932
50,25,561,-1.122863728867e-14,2.440957297038e-13,-2.305609943804e-14,27805.30144603,36.10423719351,-4085.652837685
50,25,562,-1.077960371307e-14,2.438287693604e-13,-3.455661173718e-14,27338.30544946,-66.40819249362,-4071.451983546
50,25,563,-9.647991794896e-15,2.433181669649e-13,-4.069884129406e-14,27693.87283624,-31.66352477213,-4065.206056863
50,25,564,-9.652860225167e-15,2.428285427804e-13,-3.574209624339e-14,27977.52433877,-25.97264077684,-4065.332761288
50,25,565,-1.018409404492e-14,2.44980801762e-13,-2.550724681893e-14,27083.86181504,-38.06207677245,-4088.07178263
50,25,566,-9.849963214137e-15,2.463874834347e-13,-1.679277065714e-14,26992.57837493,-60.48860153695,-4124.944181204
50,25,567,-1.054031857952e-14,2.43275406509e-13,-2.431077951687e-14,27135.01089168,-10.10286002397,-4058.728095629
50,25,568,-9.788546135725e-15,2.416116181072e-13,-3.119264678944e-14,27274.39135505,-42.59642191646,-4042.274508104
50,25,569,-1.013436424107e-14,2.435568774622e-13,-4.037428131746e-14,26879.34825453,1.111070396472,-4082.137632899
50,25,570,-1.020983337907e-14,2.427249691509e-13,-2.365473061806e-14,27950.51352066,18.07283793573,-4053.283891483
50,25,571,-9.92075528182e-15,2.437515149893e-13,-2.976227160012e-14,27393.60947816,44.32317725868,-4072.684415315
50,25,572,-1.017863174849e-14,2.423108496666e-13,-2.910961270969e-14,27430.63611611,-10.83254982926,-4057.901061909
50,25,573,-9.306623374953e-15,2.454437229964e-13,-2.207662888124e-14,27513.89410741,-7.462229351633,-4103.045448312
50,25,574,-1.007746021814e-14,2.442627510949e-13,-4.263136026933e-14,26605.11524657,-17.52115610272,-4074.198234889
50,25,575,-9.87327500294e-15,2.442624118709e-13,-1.38284830824e-14,27304.10560759,27.99770467579,-4084.176230581
50,25,576,-9.525001318732e-15,2.415593426536e-13,-2.979974219159e-14,27401.56545612,-43.07073059825,-4031.793335181
50,25,577,-9.612727614047e-15,2.424059951904e-13,-1.665532452488e-14,26652.18574218,-25.43016406919,-4051.006922279
50,25,578,-1.03506848082e-14,2.443830930345e-13,-2.705507665316e-14,27820.15616603,24.83581000052,-4085.74722257
50,25,579,-9.688285217755e-15,2.426337747377e-13,-2.721548961396e-15,28662.42501846,-25.8926746234,-4058.642781559
50,25,580,-1.028399266107e-14,2.438000980428e-13,-1.315456951223e-14,26017.63913373,69.03492828921,-4074.695306398
50,25,581,-9.96038622399e-15,2.47405597048e-13,-2.278923240864e-14,26346.93275721,55.79795312803,-4122.142256659
50,25,582,-9.911938496191e-15,2.421355070514e-13,-4.205003999152e-14,27270.20976637,-19.98552359394,-4052.13334003
50,25,583,-9.787954037239e-15,2.434931864729e-13,-3.549052725052e-14,28176.34983304,-26.13903885266,-4074.313931315
50,25,584,-1.072314782533e-14,2.441541806732e-13,-3.423375174689e-14,27212.14712999,-55.78018175038,-4085.731464354
50,25,585,-1.086683600309e-14,2.469801860615e-13,-3.650741782659e-14,27370.48688927,6.443410960174,-4133.800375154
50,25,586,-9.713565630723e-15,2.441056790302e-13,-2.914533301269e-14,28278.83571921,-18.14217637968,-4083.78259392
50,25,587,-9.514489997949e-15,2.431695069393e-13,-2.970738038402e-14,27682.47850924,-20.85175128978,-4061.689645438
50,25,588,-9.497907587409e-15,2.422914172015e-13,-4.553047958048e-14,28018.02390824,35.12277959256,-4042.024876448
50,25,589,-1.042307532963e-14,2.459002512718e-13,-3.052741169144e-14,27256.61489151,84.28131854611,-4106.551752868
50,25,590,-1.115011981478e-14,2.44864732515e-13,-1.75795285983e-14,27468.72134748,31.35214042196,-4094.040228171
50,25,591,-1.029290511508e-14,2.434736022446e-13,-4.424261386927e-15,27741.46344672,-19.87711375752,-4072.847073488
50,25,592,-9.813021739135e-15,2.446028562085e-13,-4.565536410962e-14,27273.33924535,-45.0838105363,-4078.752794785
50,25,593,-1.061242864643e-14,2.460485150263e-13,-3.498947492408e-14,27881.62492146,-21.29376281768,-4101.243065989
50,25,594,-1.013576991257e-14,2.461138224343e-13,-3.161984063524e-14,28107.63659402,27.30435794525,-4112.482022781
50,25,595,-1.041786916356e-14,2.460831790598e-13,-3.075120149088e-14,27278.3077784,0.7112646057849,-4106.528672442
50,25,596,-1.039121608736e-14,2.423942452175e-13,-1.580108622511e-14,27341.26835533,-9.905001453397,-4056.614332996
50,25,597,-1.051655564473e-14,2.438432825925e-13,-1.573754949075e-14,26992.71338263,6.12108399776,-4083.742261696
50,25,598,-1.060020376494e-14,2.445052250117e-13,-1.966080357536e-14,28882.37068359,-40.10905064311,-4097.244763065
50,25,599,-9.754175543923e-15,2.42989855945e-13,-3.134500142051e-14,26987.39272725,-13.33284131957,-4068.950154511
50,25,600,-9.934975061762e-15,2.439201781039e-13,-2.792178986178e-14,26839.93498852,-51.54893077346,-4075.356493885
50,25,601,-1.015063900662e-14,2.436755996786e-13,-4.271805921698e-14,27899.99056114,23.74844843172,-4072.362231427
50,25,602,-1.030456318472e-14,2.46037881343e-13,-3.638686160986e-14,27122.60074941,-42.12747938921,-4100.760904996
50,25,603,-1.071874546607e-14,2.452151796548e-13,-4.055966072209e-14,27622.54232329,13.46881022293,-4107.111266449
50,25,604,-1.006478361707e-14,2.461809108458e-13,-2.492036505213e-14,27361.01543218,-32.96097210555,-4099.543991651
50,25,605,-9.73439034299e-15,2.457362025615e-13,-2.974210765683e-14,27529.64108021,-65.1363646414,-4104.580230512
50,25,606,-9.828794405572e-15,2.43616649108e-13,-2.75565126087e-14,27305.19251351,48.81939493046,-4068.663738308
50,25,607,-1.055739409576e-14,2.424070399456e-13,-3.125215355202e-14,26857.84018338,-5.798350570399,-4044.539949307
50,25,608,-9.223624109053e-15,2.445450396672e-13,-2.079800168706e-14,27546.35358306,-45.58839435015,-4098.582711844
50,25,609,-1.076695737126e-14,2.462988289401e-13,-2.277596850378e-14,27747.60492483,-15.91157028417,-4126.871204572
50,25,610,-1.050192996151e-14,2.445936981668e-13,-3.971933928639e-14,27977.64391243,8.280448938329,-4083.777945796
50,25,611,-9.737456715595e-15,2.434212957106e-13,-1.3779978093e-14,27349.63351023,-23.51979358726,-4065.419856356
50,25,612,-1.00528370946e-14,2.430148242704e-13,-1.957243926724e-14,28284.71681591,-6.32719007863,-4055.47863294
50,25,613,-1.043889758925e-14,2.450979981987e-13,-6.618864732699e-15,27676.94557844,21.70900654106,-4099.630810135
50,25,614,-1.016128513343e-14,2.458367430886e-13,-1.661871026214e-14,27449.82437392,-19.19600962498,-4102.697771558
50,25,615,-1.002863975133e-14,2.443181887642e-13,-1.966091462212e-14,27539.17015482,42.12739004247,-4073.106389278
50,25,616,-1.030598756958e-14,2.447089898746e-13,-2.38673638836e-14,28053.23764576,23.94429026915,-4075.019344857
50,25,617,-1.030594802138e-14,2.428620660635e-13,-2.857113964755e-14,27813.04486152,70.78038762764,-4067.873784609
50,25,618,-1.019789546195e-14,2.427482195665e-13,-3.32066109228e-14,27547.76124613,-2.133751331461,-4054.572909743
50,25,619,-9.713532626045e-15,2.439322325626e-13,-2.009276168013e-14,27365.04698762,9.630210965137,-4071.514609353
50,25,620,-9.84009164447e-15,2.451805454205e-13,-2.463172132689e-14,27675.92476373,26.50190827157,-4104.367929116
50,25,621,-9.649350227322e-15,2.466019118023e-13,-2.121370700096e-14,27260.1114801,-17.0259791828,-4112.344416242
50,25,622,-1.00787137509e-14,2.438816896377e-13,-3.210659411178e-14,26791.91534435,-57.65498573226,-4063.636622699
50,25,623,-1.031773689019e-14,2.471322847358e-13,-1.633743197832e-14,27570.6761166,6.18846611371,-4111.519713957
50,25,624,-9.688497669379e-15,2.426559057102e-13,-4.238322107909e-14,28047.50901931,97.77303286274,-4055.357097873
50,25,625,-1.053210082014e-14,2.435020129746e-13,-2.494220418598e-14,28367.62702682,73.75416867629,-4080.907376534
50,25,626,-9.362077806342e-15,2.431236447588e-13,-2.230696948954e-14,28046.21477858,31.22753749755,-4051.751348278
50,25,627,-1.089168470277e-14,2.444643067317e-13,-3.500200587527e-14,28017.19980717,-8.686696690645,-4086.812788276
50,25,628,-1.031919793184e-14,2.452385484265e-13,-5.215387014261e-15,27422.70720802,46.02009533089,-4095.157498603
50,25,629,-9.089315167188e-15,2.424254443257e-13,-4.148875056675e-14,28362.22344606,-30.4172191711,-4047.155817688
50,25,630,-9.555980383254e-15,2.430347684186e-13,-1.960778902198e-14,27223.57748358,32.06592562101,-4049.944686116
50,25,631,-1.028226625411e-14,2.422988408553e-13,-3.80740479112e-14,27327.5475428,1.203795729166,-4045.10300996
50,25,632,-1.034162012781e-14,2.459793263973e-13,-2.647025542336e-14,28226.6077827,-44.62960715683,-4098.332205365
50,25,633,-1.06311085022e-14,2.457678876569e-13,-3.095050835624e-14,27214.4194185,4.084639717671,-4111.711027196
50,25,634,-1.017258786965e-14,2.411722765212e-13,-2.154137751589e-14,27718.96430821,32.86974419772,-4022.695430229
50,25,635,-1.014064467386e-14,2.466353478003e-13,-2.008252557663e-14,27120.97542045,3.063344363725,-4124.231439687
50,25,636,-9.881955250818e-15,2.425221911937e-13,-3.541603514038e-14,27759.86303616,14.4813438259,-4058.540548491
50,25,637,-1.022299013866e-14,2.470348842984e-13,-1.450395799261e-14,27106.28614753,-9.745739769045,-4118.400509267
50,25,638,-1.024948933399e-14,2.449905055977e-13,-4.319933378179e-14,27601.26462884,47.66845054939,-4093.444655805
50,25,639,-1.069770170191e-14,2.436906422058e-13,-2.030038026623e-14,26959.15989142,30.38544622952,-4064.85497974
50,25,640,-1.05484543441e-14,2.444237483115e-13,-4.994204902853e-14,28675.70369005,14.47744888598,-4082.332943574
50,25,641,-9.663951679824e-15,2.411097630893e-13,-3.672841501446e-14,27236.15111639,4.471740244839,-4027.863155862
50,25,642,-9.283943854766e-15,2.43569740302e-13,-1.829135003204e-14,26818.75509606,5.32196542967,-4059.982435368
50,25,643,-9.999923655142e-15,2.460180714051e-13,-2.813764856572e-14,27470.04098494,-37.46091598737,-4103.214963051
50,25,644,-9.83878703451e-15,2.437004580984e-13,-1.602402591219e-14,27581.56474011,45.26342954106,-4082.733824829
50,25,645,-1.066033774645e-14,2.434181744132e-13,-2.988455282932e-14,26857.9529453,51.94764232392,-4069.018757833
50,25,646,-9.483412929262e-15,2.461335555892e-13,-4.598929427314e-14,28031.61181152,-79.7740164278,-4101.279890607
50,25,647,-1.00335570102e-14,2.422204308648e-13,-4.776202396627e-14,27609.50128194,-25.53220108677,-4037.795441481
50,25,648,-9.930274944674e-15,2.434109752564e-13,-3.22553556128e-14,28761.36595543,22.84271429652,-4067.321045841
50,25,649,-9.387725533938e-15,2.430484753983e-13,-2.773634448982e-14,27561.11863215,53.94357818211,-4071.786472984
50,25,650,-1.011070023208e-14,2.438043010405e-13,-3.463060177083e-14,28114.94959335,23.02486382213,-4072.489961325
50,25,651,-1.023023379311e-14,2.437687997278e-13,-3.763738061444e-14,28561.96949266,1.6892119552,-4069.493037505
50,25,652,-9.576562688032e-15,2.435566008516e-13,-9.368726030243e-15,27325.8975152,40.42210726277,-4071.628421567
50,25,653,-9.413588061093e-15,2.442813937525e-13,-3.901863431036e-14,27535.91391995,-15.4530285648,-4062.31110881
50,25,654,-9.171210366812e-15,2.44451789769e-13,-3.4675704462e-14,27716.93755999,-1.977582931587,-4075.132763461
50,25,655,-9.685773787391e-15,2.440424100828e-13,-2.433141267256e-14,27629.2732163,-9.573571568219,-4081.196959094
50,25,656,-1.048306215404e-14,2.449388612066e-13,-5.114469901145e-14,27653.246234,-56.75122823482,-4086.631201409
50,25,657,-9.838595588377e-15,2.461828472441e-13,-1.446323890387e-14,27212.4045746,21.86334022461,-4106.24741099
50,25,658,-9.393453015562e-15,2.431082431733e-13,-2.996110165221e-14,25668.90266747,-35.71264061791,-4057.237630287
50,25,659,-1.082945590944e-14,2.469045670867e-13,-2.80924990069e-14,27854.96275071,34.46022980145,-4118.855304079
50,25,660,-9.707185880224e-15,2.459368773728e-13,-1.862007889705e-14,28433.9750979,5.940096325295,-4102.862962326
50,25,661,-1.0051469863e-14,2.453406718859e-13,-4.070924303806e-14,27821.79616264,-62.79937582192,-4088.414251354
50,25,662,-1.023606837685e-14,2.444250733896e-13,-3.96311258589e-14,27620.5071979,-35.09475115521,-4078.179955984
50,25,663,-9.607797254914e-15,2.458982742706e-13,-2.646096724925e-14,27244.01658143,-28.90484292405,-4104.955063749
50,25,664,-9.732768633112e-15,2.429745281823e-13,-3.017034126579e-14,28458.86345227,-7.641371726169,-4057.421652733
50,25,665,-1.124895134154e-14,2.467290628635e-13,-1.675493464111e-14,27066.99578724,-27.57323000165,-4117.794743382
50,25,666,-9.62784797218e-15,2.431459705088e-13,-2.533554495276e-14,27345.05244154,73.84169010626,-4062.484801422
50,25,667,-1.000832302155e-14,2.441452772537e-13,-4.462520145771e-14,26790.11787937,-52.13640271177,-4064.124129704
50,25,668,-9.148822256572e-15,2.426654384009e-13,-2.068564523513e-14,27627.30754633,68.93552716939,-4041.86353266
50,25,669,-1.143949710431e-14,2.462593009259e-13,-3.372433248613e-14,27036.30350616,25.85484340061,-4117.806815923
50,25,670,-9.909924592989e-15,2.430847890859e-13,-2.019467876796e-14,26598.24934749,13.2670892671,-4050.799016162
50,25,671,-1.096656052341e-14,2.471430938099e-13,-2.911745804634e-14,27456.36314694,17.80834611483,-4110.784354547
50,25,672,-1.109818566381e-14,2.455441468572e-13,-1.843005180034e-14,27667.14368196,41.39318049307,-4106.398318241
50,25,673,-9.649830644034e-15,2.429012697137e-13,-4.866343792827e-14,27086.87717957,42.05544716349,-4059.950524691
50,25,674,-1.027116349577e-14,2.418338079632e-13,-1.855798104711e-14,27440.30327345,30.3250857257,-4027.577547013
50,25,675,-9.563844993207e-15,2.44056271782e-13,-3.930911272761e-14,26635.67180596,-44.20633007645,-4081.058023096
50,25,676,-1.05146257168e-14,2.42587910331e-13,-3.331230313687e-14,28554.92578907,32.31109895695,-4041.727906896
50,25,677,-1.02172492439e-14,2.437414382252e-13,-3.450481599446e-14,27933.36971477,12.47590947268,-4072.819044114
50,25,678,-1.082851242403e-14,2.445271173001e-13,-1.116176184078e-14,27919.11119637,19.16606202117,-4086.170632615
50,25,679,-1.096593168401e-14,2.441135649024e-13,-1.99192344813e-14,26647.23567915,-95.38216994209,-4090.247016854
50,25,680,-9.032727785513e-15,2.414654049715e-13,-2.552500826865e-14,26702.18399961,-20.4497949842,-4041.031371216
50,25,681,-1.108677376019e-14,2.434705988217e-13,-3.975723084588e-14,27422.20676844,-85.5715043324,-4065.148913342
50,25,682,-1.026529752924e-14,2.439305222728e-13,-8.24230501141e-15,26969.59057528,68.67964964214,-4067.198418586
50,25,683,-1.041925641233e-14,2.464699771607e-13,-1.840122511772e-14,27486.61224955,2.25220851202,-4112.963741169
50,25,684,-1.052817198045e-14,2.438635848874e-13,-1.337617564383e-14,27171.84338669,-45.06342016171,-4067.232343496
50,25,685,-1.024026294219e-14,2.434140597147e-13,-2.71437608708e-14,27436.6347935,-7.246427128083,-4071.515207852
50,25,686,-1.043399453586e-14,2.453596418918e-13,-1.479261506533e-14,27244.6014532,35.52373684872,-4087.300097153
50,25,687,-9.844348924762e-15,2.442366401995e-13,-1.058976914758e-14,28634.97024744,-27.19620719251,-4073.341389014
50,25,688,-1.066116360329e-14,2.443946768087e-13,-3.615768671954e-14,27989.71634986,-7.438501283316,-4084.855565963
50,25,689,-9.665418359779e-15,2.430971517621e-13,-3.938271736026e-14,27560.54588813,63.1207581926,-4054.62902144
50,25,690,-1.072075929792e-14,2.474824378222e-13,-2.859909133768e-14,27568.69512996,-47.55878715986,-4123.258805341
50,25,691,-1.001087453699e-14,2.455300901411e-13,-4.147965294346e-14,27057.41253397,-27.00646202185,-4100.68682197
50,25,692,-9.971429039996e-15,2.426890675177e-13,-5.21272057393e-14,28298.25754696,-37.59484394931,-4069.593837436
50,25,693,-9.896142690479e-15,2.421345173508e-13,-2.811451168038e-14,26680.05158639,-76.86148890255,-4059.045531783
50,25,694,-9.848824325161e-15,2.427493396565e-13,-3.808178991691e-14,27743.92524429,3.308713583069,-4045.624304241
50,25,695,-9.457174041025e-15,2.441246513492e-13,-1.878880713957e-14,27686.66854034,-32.41641650711,-4075.914127691
50,25,696,-9.320555907165e-15,2.470665399059e-13,-8.889662564405e-15,26810.39598409,63.8374823877,-4121.936283298
50,25,697,-9.983365877348e-15,2.457378289237e-13,-4.616390345654e-14,27429.71291013,-64.99359555948,-4120.698118563
50,25,698,-9.860579080056e-15,2.447815143043e-13,-3.513823440653e-14,26539.67259957,-31.79781701037,-4091.078423433
50,25,699,-1.040149780064e-14,2.450868289764e-13,-4.213233115433e-14,26849.262233,-29.55248301663,-4098.171774155
50,25,700,-9.347388715832e-15,2.437989670664e-13,-3.018459693358e-14,27831.53700087,24.38686607989,-4073.442095567
50,25,701,-9.929685961179e-15,2.42037024668e-13,-1.813946648284e-14,27276.89331824,22.36326800091,-4050.492176111
50,25,702,-9.588020382623e-15,2.412968448466e-13,-2.569770339374e-14,28882.20805269,54.47694053628,-4032.967718367
50,25,703,-9.833707015884e-15,2.425537327897e-13,-4.739930871545e-14,28018.20051286,23.1269621602,-4055.101234528
50,25,704,-1.020199843793e-14,2.451610725165e-13,-2.908422793171e-14,27496.32509049,-9.653806002469,-4105.194084795
50,25,705,-9.921680278631e-15,2.430390456036e-13,-2.821969110921e-14,28370.53147382,2.894662178831,-4069.790771367
50,25,706,-1.020929616821e-14,2.4497721726e-13,-3.899242103335e-14,27351.69903866,12.55192344998,-4097.936440675
50,25,707,-1.038883444922e-14,2.459812102167e-13,-2.785364819064e-14,27645.28981078,20.11686170922,-4111.478295414
50,25,708,-9.656424691398e-15,2.439691697869e-13,-1.083028303059e-14,27090.0613456,35.86724386469,-4067.895193955
50,25,709,-1.056324329277e-14,2.463902916736e-13,-1.926703445665e-14,27372.4666638,49.81050024331,-4107.364441943
50,25,710,-1.045524746321e-14,2.412248154407e-13,-2.196982726887e-14,27921.54869381,19.19818636529,-4039.802906534
50,25,711,-9.625725301962e-15,2.431179620781e-13,-3.661421327854e-14,28338.18137743,-9.404621744183,-4067.287001054
50,25,712,-9.841917497308e-15,2.437115571645e-13,-3.232340635181e-14,26932.63336686,-25.8548460688,-4065.280739027
50,25,713,-9.707188767718e-15,2.448108362164e-13,-3.593586158853e-14,27521.50800672,4.110097391518,-4083.859994442
50,25,714,-1.01857398584e-14,2.459922716399e-13,-2.594082758359e-14,26363.72211186,5.981570162278,-4094.676225697
50,25,715,-9.761677028135e-15,2.447895865207e-13,-3.116680086424e-14,27175.54003431,-32.70090130829,-4092.189311675
50,25,716,-1.000814189288e-14,2.448036982891e-13,-3.2402400249e-14,27018.06663358,-13.73216022024,-4094.933592374
50,25,717,-1.041930291659e-14,2.452292827289e-13,-1.058287177484e-14,27093.31091481,38.17845873559,-4099.09504457
50,25,718,-1.036599033383e-14,2.398550875671e-13,-1.50352090076e-14,26018.91010702,33.00160705027,-4008.263827029
50,25,719,-9.50244932905e-15,2.436550184766e-13,-2.240059234164e-14,27112.28386429,7.638224787265,-4055.873037649
50,25,720,-9.249793494642e-15,2.455929128798e-13,-4.088880190316e-14,27931.66937263,-45.23821867343,-4100.411871795
50,25,721,-9.73308543979e-15,2.436836241336e-13,-2.253947611842e-14,27344.40050811,82.31003331327,-4081.978655149
50,25,722,-9.521069459468e-15,2.427234870365e-13,-4.56081052367e-14,28135.85395027,-87.70663419679,-4059.752379672
50,25,723,-1.000702528627e-14,2.456205645725e-13,-1.785977986701e-14,27418.18026803,-32.21611527373,-4099.303119244
50,25,724,-1.020164450759e-14,2.435291205344e-13,-2.916693221375e-14,27432.64232771,-15.66879080498,-4071.239507954
50,25,725,-1.092484790251e-14,2.437828332172e-13,-4.586021171458e-14,27392.53492228,-52.11000295283,-4065.531694682
50,25,726,-1.014948882937e-14,2.44598494743e-13,-3.909419705559e-14,27425.49522316,-5.319270695037,-4094.365292937
50,25,727,-1.048566096355e-14,2.477548542285e-13,-3.323504407755e-14,27600.19375437,-64.7401327103,-4127.198960198
50,25,728,-9.987995400366e-15,2.442755415399e-13,-4.889300972773e-14,27394.92176258,-91.35817926478,-4081.610685777
50,25,729,-1.036535856555e-14,2.461874420717e-13,-4.184284332709e-14,25756.78408227,18.71431404444,-4102.796077555
50,25,730,-1.070308928257e-14,2.443023141953e-13,-3.049355720101e-14,27095.5918607,2.390889164541,-4082.184496824
50,25,731,-1.035843477674e-14,2.462260258858e-13,-2.963440748718e-14,28257.61029454,38.89087146124,-4112.288783135
50,25,732,-1.029038919177e-14,2.44014717654e-13,-3.048924385353e-15,26837.36914557,-11.7478073134,-4095.446073878
50,25,733,-9.962941253103e-15,2.448833304524e-13,-2.894853465462e-14,26927.07716471,-24.10836209876,-4082.493740528
50,25,734,-1.059732342527e-14,2.441250453e-13,-2.634403550114e-14,27140.34516709,-17.09980428035,-4063.259301092
50,25,735,-1.029335811562e-14,2.456285880142e-13,-1.632967087575e-14,26390.57518739,28.77576350457,-4089.612247075
50,25,736,-9.312656935109e-15,2.445998719291e-13,-3.12049031222e-14,27010.1849381,-1.424050290619,-4087.426642053
50,25,737,-1.044082924922e-14,2.4384323948e-13,-1.032999297478e-14,27663.82754093,-77.54277299558,-4075.126973979
50,25,738,-1.097563763654e-14,2.428170627969e-13,-1.870568699754e-14,27315.06890427,12.83444176504,-4068.549791817
50,25,739,-1.024056372889e-14,2.45119570979e-13,-2.468849620231e-14,27537.31523455,-7.078878867844,-4096.893368938
50,25,740,-9.779003609848e-15,2.445586220389e-13,-4.243490252225e-14,27741.54063559,14.9012497856,-4074.513977614
50,25,741,-9.89233268164e-15,2.411503283331e-13,-2.090781768286e-14,27897.46218844,21.54018376224,-4046.625728119
50,25,742,-1.043797355347e-14,2.437278475744e-13,-1.809223823551e-14,28496.9220481,38.10656063323,-4074.151455933
50,25,743,-9.810812252102e-15,2.459786781105e-13,-2.076361646711e-14,27329.20015787,8.982663330011,-4104.838918792
50,25,744,-1.01776784977e-14,2.458322232799e-13,-2.147199056052e-14,26567.85504672,75.78599428527,-4111.152050355
50,25,745,-1.027753887167e-14,2.443420779507e-13,-2.729177448898e-14,26709.74828082,23.22923530728,-4077.269640792
50,25,746,-9.633539388313e-15,2.460370442148e-13,-2.449838403559e-14,27261.18996141,-23.83533161759,-4107.810540114
50,25,747,-9.614229032732e-15,2.453278240166e-13,-2.98509874177e-14,26717.34090247,-46.49039502369,-4095.393542653
50,25,748,-1.003294395049e-14,2.420693218329e-13,-3.232531120826e-14,27296.49019709,-19.55172552556,-4055.040953523
50,25,749,-8.638222596486e-15,2.431801052571e-13,-1.301440052294e-14,27155.55428691,-35.03796941554,-4059.857533417
50,25,750,-1.09487066423e-14,2.460684568839e-13,-4.006266381384e-14,28021.88420404,-16.98035131384,-4109.79993477
50,25,751,-1.012887675755e-14,2.44336036408e-13,-2.847890172636e-14,27613.904572,54.31900418825,-4082.606902949
50,25,752,-1.010827679687e-14,2.431510538595e-13,-2.713038200167e-14,28310.30439373,8.756799525074,-4058.089686381
50,25,753,-1.01461536245e-14,2.451155524394e-13,-3.545696667178e-14,27725.96243761,21.09502446784,-4076.053874658
50,25,754,-9.74432953449e-15,2.423986293679e-13,-2.661385682187e-14,27523.28701482,-40.25524308822,-4057.506548415
50,25,755,-9.485894378127e-15,2.460456149665e-13,-2.146839777496e-14,26806.33167605,21.32390640253,-4108.982912604
50,25,756,-1.010440996356e-14,2.444727182982e-13,-2.647040729076e-14,27839.48164945,-0.5270431620625,-4089.986607621
50,25,757,-1.02592395243e-14,2.444418113046e-13,-3.280362057758e-14,27970.86003867,7.740781374098,-4076.965480667
50,25,758,-9.940209335709e-15,2.451948483465e-13,-2.738498896671e-14,27622.642176,-16.86899583056,-4103.330869107
50,25,759,-9.897398115197e-15,2.432306972842e-13,-9.723694870102e-15,27680.39665502,-27.17886386729,-4067.157024531
50,25,760,-9.781599092714e-15,2.462765915158e-13,-1.069832723015e-14,28112.00542536,66.93783550766,-4105.653466392
50,25,761,-9.452028224125e-15,2.429598380481e-13,-2.385513812381e-14,28487.02454686,-43.78347443248,-4044.837555828
50,25,762,-1.068093330112e-14,2.445286636611e-13,-3.262316552411e-14,27635.70162255,53.02297313481,-4077.729994432
50,25,763,-9.697195634631e-15,2.449441281901e-13,-1.496556956585e-14,27897.83251494,-15.38338151252,-4090.655248281
50,25,764,-9.470381827563e-15,2.444013804878e-13,-2.917830745115e-14,28794.36567596,-8.23981079576,-4073.783219276
50,25,765,-1.106235149897e-14,2.451047342442e-13,-2.343786789392e-14,27757.89964831,72.99745349896,-4106.021962503
50,25,766,-1.0017362081e-14,2.469326426452e-13,-5.636878176137e-15,27617.29542838,13.10271129748,-4120.087512383
50,25,767,-1.001883380907e-14,2.441969282653e-13,-1.581051416162e-14,27363.95278061,14.50960263222,-4077.136269116
50,25,768,-1.009413313663e-14,2.412075301102e-13,-1.654965538018e-14,28363.37843525,27.02868819291,-4032.862953131
50,25,769,-9.518862903958e-15,2.448831837477e-13,-2.132740607211e-14,26435.69299688,33.06272949788,-4088.752489256
50,25,770,-1.002051700752e-14,2.434359046754e-13,-2.878443780131e-14,27342.69304913,-19.2726891631,-4070.436462477
50,25,771,-1.054716837066e-14,2.458391936951e-13,-2.20031679309e-14,28170.61432837,-27.10610943032,-4117.512810276
50,25,772,-9.877505604655e-15,2.440650462688e-13,-3.193302476963e-14,27620.10241719,8.433271231759,-4077.540110984
50,25,773,-9.492771378783e-15,2.43983304599e-13,-3.806189371063e-14,28125.56582071,-31.242591586,-4089.064712855
50,25,774,-9.996584154066e-15,2.451898174079e-13,-1.565352075657e-14,28265.75565307,-62.60715950718,-4098.080046086
50,25,775,-1.081078956277e-14,2.44252929772e-13,8.227636457713e-16,27120.33698054,15.79187834789,-4091.992161782
50,25,776,-9.768508666249e-15,2.422437768373e-13,-1.496927059579e-14,27056.17432809,-18.04214494042,-4036.537824192
50,25,777,-1.03152233136e-14,2.446249766518e-13,-4.581242575647e-14,27934.54378448,-35.93523481921,-4091.278016151
50,25,778,-9.607261854153e-15,2.453423553866e-13,-5.236403800153e-14,27413.14780119,-36.232450571,-4100.916164727
50,25,779,-1.02705571082e-14,2.426182941911e-13,-2.391068496386e-14,28162.60383519,-14.25398871337,-4071.205641101
50,25,780,-1.033140727702e-14,2.459913455106e-13,-1.90283535704e-14,26375.17617588,8.171553252222,-4101.024029817
50,25,781,-1.09446466889e-14,2.475080799056e-13,-2.188127986654e-14,28140.28959834,-22.58700655982,-4125.405490807
50,25,782,-1.049821771697e-14,2.466322899887e-13,-4.241600377418e-14,27388.17895293,11.74895717608,-4113.939048506
50,25,783,-1.059203541782e-14,2.416678770459e-13,-3.671860678718e-14,27141.80174539,-49.3200983374,-4046.524714263
50,25,784,-1.091348722181e-14,2.441738044008e-13,-4.533628754213e-14,27761.46978225,-55.15877606367,-4079.520959651
50,25,785,-1.049754623039e-14,2.463636950807e-13,-3.006611535693e-14,27900.19065163,-22.78422324937,-4115.716392596
50,25,786,-1.0128877429e-14,2.439415703172e-13,-4.55705198224e-14,27374.72017609,-63.48710238788,-4076.752814115
50,25,787,-9.825827693577e-15,2.437802072971e-13,-1.744377924256e-14,27876.53113996,-42.22541623648,-4070.373047206
50,25,788,-9.275032672022e-15,2.431774807598e-13,-4.06422435838e-14,26790.68595921,18.86764003683,-4053.457123672
50,25,789,-1.042082859686e-14,2.454231459881e-13,-3.221200419879e-14,27375.49889078,7.962275570765,-4079.45253996
50,25,790,-1.03544324621e-14,2.462637498056e-13,-2.786931015448e-14,28032.47394079,6.388620218568,-4110.342407991
50,25,791,-9.985022898789e-15,2.44556810791e-13,-2.435721647645e-14,27163.44751139,69.18877347966,-4077.942098309
50,25,792,-1.041537278555e-14,2.431380422409e-13,-4.526744566078e-14,27640.54669902,-40.48599599504,-4061.020982716
50,25,793,-9.875061023786e-15,2.425431476488e-13,-2.672799605435e-14,27482.43689783,2.523145372933,-4065.917527238
50,25,794,-1.053071050962e-14,2.45875457724e-13,-1.341122729545e-14,27858.6388476,-21.86950127668,-4102.509962709
50,25,795,-9.397665784095e-15,2.453780744441e-13,-2.239382419209e-14,28013.79960922,-5.997833370015,-4109.286016083
50,25,796,-1.062698129216e-14,2.455138844988e-13,-3.313623669433e-14,27354.45795691,14.77621077752,-4108.707604675
50,25,797,-1.012988675455e-14,2.457564122352e-13,-3.829089580809e-14,26769.5216261,15.50598291524,-4103.71492119
50,25,798,-1.077709448176e-14,2.437819111115e-13,-1.917845974652e-14,27593.79830973,37.96280740941,-4067.435872371
50,25,799,-1.00957869094e-14,2.437114551809e-13,-2.420563563652e-14,27350.22734237,10.18651849956,-4083.548347042
50,25,800,-1.001742906705e-14,2.478898879809e-13,-3.415077823869e-14,27816.13946318,20.34322881201,-4136.991138306
50,25,801,-9.977800807434e-15,2.455121550795e-13,-3.301499446255e-14,28577.50503133,-11.34984794454,-4098.801722679
50,25,802,-9.221137933758e-15,2.420795178747e-13,-1.564761140486e-14,26659.38252496,-3.767803084807,-4046.146911687
50,25,803,-9.616166115494e-15,2.433474229837e-13,-2.472515805312e-14,27341.12510961,51.86880374925,-4071.700795457
50,25,804,-1.03607153682e-14,2.4384735254e-13,-3.040842967108e-14,26101.70222028,46.77007895307,-4074.173080757
50,25,805,-9.990943246996e-15,2.451372452306e-13,-8.182916785303e-15,26045.05681019,-12.22026890103,-4092.116744003
50,25,806,-1.007461050968e-14,2.460596921617e-13,-3.250631551773e-14,27165.90967069,12.3113300743,-4102.623015326
50,25,807,-1.023108221183e-14,2.450200404967e-13,-2.454304846495e-14,26969.36863766,-50.80880339736,-4087.508868323
50,25,808,-9.851869761005e-15,2.429564286874e-13,-2.418952113645e-14,27094.73235763,2.230599663868,-4066.570499266
50,25,809,-9.979459249197e-15,2.458139811591e-13,-1.507126238943e-14,27835.0900332,31.51284630273,-4108.62003112
50,25,810,-1.070399950954e-14,2.429297138323e-13,-2.694497347718e-14,27266.50046761,-1.009875753225,-4040.432693657
50,25,811,-1.07120538999e-14,2.425847858982e-13,-3.114578205756e-14,27544.20140068,26.20392181782,-4062.99635628
50,25,812,-1.018330278154e-14,2.44614049392e-13,-4.355190268929e-14,27511.08640821,-59.39510340651,-4078.372643214
50,25,813,-9.431750526813e-15,2.45144466703e-13,-1.172012468433e-14,26183.35170761,-0.3971435730799,-4078.647742335
50,25,814,-1.058318503991e-14,2.459863392104e-13,-2.621116680769e-14,28820.39227531,3.819396322255,-4109.464188908
50,25,815,-1.016903443282e-14,2.448351114538e-13,-2.49623832811e-14,27209.553886,20.51079163645,-4092.756176457
50,25,816,-9.610627067697e-15,2.422721230812e-13,-1.819950702921e-14,27784.17408299,50.97906556188,-4058.972664929
50,25,817,-9.476746846369e-15,2.459124999636e-13,-2.95291637298e-14,27604.55903648,23.56729913827,-4109.050784066
50,25,818,-1.060878135696e-14,2.436591766437e-13,-1.538403691164e-14,28218.86991794,45.53178047418,-4056.352745655
50,25,819,-1.100377250994e-14,2.460706742247e-13,-7.871242847874e-15,27259.06894695,74.44004876019,-4104.782943334
50,25,820,-9.290624819318e-15,2.429218161374e-13,-3.059688976813e-14,27698.10044656,-15.36801173336,-4062.866441963
50,25,821,-1.046878986627e-14,2.452290558005e-13,-2.655177850733e-14,26718.34185985,7.669483967477,-4103.227210638
50,25,822,-8.977560448796e-15,2.446378678498e-13,-2.445364667862e-14,28463.19473286,-22.33883184564,-4091.916189229
50,25,823,-1.015544037982e-14,2.442922735819e-13,-1.716845798739e-14,26022.58164941,63.55899534641,-4085.876872935
50,25,824,-1.040184040091e-14,2.453911573797e-13,-2.031583682441e-14,27176.32647643,-10.39878133941,-4103.276591033
50,25,825,-1.02751784346e-14,2.453731298028e-13,-2.013429810436e-14,27211.75338297,-15.92593811576,-4097.825320561
50,25,826,-1.080411264258e-14,2.433519657762e-13,-2.363230869252e-14,26641.8626752,-9.373006118821,-4076.070430902
50,25,827,-9.91868642211e-15,2.454857247195e-13,-1.175989605501e-14,27197.48634337,-52.70310527972,-4097.894519616
50,25,828,-1.038407128626e-14,2.452592958465e-13,-2.23288465027e-14,28486.8678482,44.81609291167,-4098.41677287
50,25,829,-9.803645830612e-15,2.429423528507e-13,-2.559584172182e-14,26890.37836946,6.391802464169,-4051.796178006
50,25,830,-1.048016107513e-14,2.411256764445e-13,-3.925860505583e-14,28149.78664706,17.59554421506,-4049.477695217
50,25,831,-1.015050842591e-14,2.418975648073e-13,-3.178470831645e-14,27221.76020181,-6.676203550227,-4048.573275134
50,25,832,-1.076626329128e-14,2.462751097551e-13,-3.481897354765e-14,27250.5585362,-60.44714269847,-4103.28637282
50,25,833,-9.863437257555e-15,2.436001410737e-13,-2.787581115437e-14,26434.12336371,22.99420507748,-4074.641702745
50,25,834,-1.003800220858e-14,2.461492831356e-13,-1.94315098542e-14,27194.51347697,-27.05667244076,-4113.865824926
50,25,835,-1.028605409205e-14,2.427025012057e-13,-3.84397387992e-14,27539.05983649,-29.84832845438,-4053.722826016
50,25,836,-9.663062102579e-15,2.435187185344e-13,-6.886330385513e-15,26932.82027275,44.65677013581,-4060.792036995
50,25,837,-9.271521602875e-15,2.449676953201e-13,-1.5918491169e-14,27222.28946567,-55.82701976989,-4099.53338542
50,25,838,-1.044171801885e-14,2.430938713378e-13,-7.48304692171e-15,27174.51718821,64.69591232308,-4069.401345286
50,25,839,-1.053127190383e-14,2.459636036668e-13,-2.064431335835e-14,26869.09032084,36.24325961186,-4100.352121392
50,25,840,-1.08213603609e-14,2.443622506543e-13,-3.943242705689e-14,28412.57849037,-5.490114639232,-4081.883598458
50,25,841,-1.021606417298e-14,2.443507103506e-13,-3.540907809128e-14,27684.55058849,41.8369054351,-4082.344557647
50,25,842,-1.013142041735e-14,2.413426846785e-13,-2.084433111776e-14,27987.60329669,-9.56307218524,-4048.743284006
50,25,843,-9.945646720469e-15,2.438333530127e-13,-2.114840915486e-14,27357.31963226,30.21967154888,-4085.771146235
50,25,844,-1.088017952176e-14,2.433872755321e-13,-3.260717432445e-14,27339.89739808,41.3671799448,-4046.17949187
50,25,845,-1.04237610109e-14,2.495164443429e-13,-1.726072027036e-14,26851.85649644,-49.40031254639,-4169.329282428
50,25,846,-1.075190675159e-14,2.472989213383e-13,-2.19275755953e-14,28486.37010094,-27.50166549071,-4124.031183779
50,25,847,-1.080190822693e-14,2.467936755227e-13,-4.331625856676e-14,27636.13931574,72.74860145245,-4125.407270774
50,25,848,-1.033050312932e-14,2.44389980006e-13,-2.533211677341e-14,27829.057732,39.81022501811,-4077.826820914
50,25,849,-9.275710550381e-15,2.447608150408e-13,-9.495245094784e-15,27201.70251928,97.09056447949,-4085.873902368
50,25,850,-1.003941656991e-14,2.426615150964e-13,-4.623302440513e-14,27957.88954082,-74.01012147741,-4037.820086998
50,25,851,-1.082292533047e-14,2.446809279869e-13,-4.38494667972e-14,26951.00044397,20.14295325775,-4079.186704694
50,25,852,-9.873346637477e-15,2.431673878205e-13,-3.943193626809e-14,27532.51347281,-41.3864194844,-4057.567644925
50,25,853,-1.051656550999e-14,2.401149865514e-13,-1.773436322995e-14,27107.47996819,4.188074964804,-4020.794433555
50,25,854,-9.77003409816e-15,2.442025354922e-13,3.395863478095e-15,28277.57476644,-0.3463547439798,-4070.999449227
50,25,855,-1.097020041214e-14,2.461687257216e-13,-3.51891491827e-14,27723.29666988,0.6358350602302,-4114.232319131
50,25,856,-1.109561444039e-14,2.431664700605e-13,-2.089862334094e-14,27196.27943921,1.987900863125,-4058.53349777
50,25,857,-9.748547978531e-15,2.46179078745e-13,-2.660797988035e-14,26977.98213823,24.11795116228,-4115.749423014
50,25,858,-1.083213788358e-14,2.457032438154e-13,-3.782937830266e-14,27782.99538795,-75.36018791559,-4095.017991693
50,25,859,-1.020839050843e-14,2.426712427936e-13,-1.824510375066e-14,26342.85882588,-18.72918500143,-4055.990804438
50,25,860,-1.034931839541e-14,2.455680587508e-13,-1.860267376188e-14,27559.73546866,-27.78421702433,-4109.028164475
50,25,861,-1.074843758616e-14,2.449189430743e-13,-2.675263018939e-14,27708.94275816,-52.99918626914,-4074.724652278
50,25,862,-1.023204349978e-14,2.432329649592e-13,-1.650700614925e-14,27675.70087106,-1.897918937626,-4071.511831232
50,25,863,-1.006129557247e-14,2.449480142244e-13,-4.144303815276e-14,27551.29998958,40.8233060686,-4088.112566266
50,25,864,-1.098921001395e-14,2.470351772123e-13,-2.742846528838e-14,26881.02968066,5.261729590053,-4113.75390713
50,25,865,-9.809569978366e-15,2.416206074362e-13,-2.807747942485e-14,27766.60852359,-45.41204904564,-4044.059125236
50,25,866,-1.025354312836e-14,2.44465134703e-13,-2.848492033367e-14,27278.9090161,32.04278873823,-4083.712965115
50,25,867,-9.444290876292e-15,2.417571037755e-13,-3.906697193284e-14,27071.01851626,50.74415723148,-4045.944034672
50,25,868,-1.01443817692e-14,2.464544931736e-13,-3.50466482159e-14,27170.4726769,32.27422348644,-4110.863669944
50,25,869,-1.068141622724e-14,2.447157834386e-13,-3.658356741188e-14,27692.78084186,17.47326862504,-4089.452031085
50,25,870,-9.733623597531e-15,2.436335087787e-13,-1.986728242691e-14,27456.1463101,27.74099541381,-4055.444666965
50,25,871,-1.048095984818e-14,2.447108532466e-13,-1.990043012798e-14,27917.89542984,45.93866771408,-4087.979777438
50,25,872,-1.052792122393e-14,2.442113428292e-13,-1.871383246512e-14,27667.30368197,-40.70515804364,-4075.403788124
50,25,873,-1.063921177786e-14,2.454809967729e-13,-1.537569609241e-14,26482.74120396,73.69897795057,-4099.9768446
50,25,874,-9.772050835317e-15,2.412463333701e-13,-3.678383502342e-14,27880.84241126,-24.325125602,-4046.998437491
50,25,875,-1.047793169316e-14,2.451825192923e-13,-1.613599860276e-14,27847.93850497,31.16358736479,-4085.639409001
50,25,876,-9.646422019253e-15,2.437921374156e-13,-1.940555886565e-14,27475.87359536,-17.35541831298,-4076.716887598
50,25,877,-9.332793633137e-15,2.445278376376e-13,-2.957466087218e-14,27302.88269319,-15.16135543158,-4079.284926901
50,25,878,-9.331374503322e-15,2.442249463518e-13,-2.139604491304e-14,28470.98430991,-10.72113873979,-4079.08898559
50,25,879,-9.597488217055e-15,2.436180773762e-13,-2.605653728372e-14,27336.58775254,53.19930829891,-4078.882898353
50,25,880,-1.038269025211e-14,2.424796272987e-13,-4.972329679512e-15,26239.64240727,17.97692046122,-4045.863051101
50,25,881,-1.067899943887e-14,2.450972489409e-13,-2.365686641241e-14,27845.48577855,-10.84326027814,-4080.331990664
50,25,882,-9.348596388774e-15,2.420975705554e-13,-2.544552766488e-14,27240.13406274,58.47234632394,-4050.726684036
50,25,883,-1.08350722842e-14,2.478726068316e-13,-3.069513654053e-14,27066.5608705,15.30421396052,-4129.705085192
50,25,884,-1.043326388355e-14,2.459766002028e-13,-3.337998988884e-14,27342.2867499,-7.391292192244,-4100.340510346
50,25,885,-1.014961949778e-14,2.443675105936e-13,-3.333009993241e-14,27362.9350201,-24.46415506071,-4077.622008866
50,25,886,-1.007833475883e-14,2.42836550284e-13,-3.90296331977e-14,28162.9988389,101.4931147146,-4068.698753729
50,25,887,-9.688677084035e-15,2.442976279272e-13,-3.709473742441e-14,26832.06073968,-75.06612392999,-4085.0180852
50,25,888,-1.05773055557e-14,2.439409141201e-13,-4.605471552833e-14,27878.02722856,30.93722472709,-4077.515893151
50,25,889,-1.056553124677e-14,2.449817829123e-13,-5.761355959805e-14,27876.74296268,-34.58644146735,-4088.879142323
50,25,890,-9.660913686064e-15,2.401749020637e-13,-2.941554580465e-14,26994.99290869,22.40052542042,-4021.184503166
50,25,891,-1.009348481269e-14,2.464757917674e-13,-1.879173667646e-14,27261.70341341,41.98380753659,-4117.676943541
50,25,892,-9.590995327918e-15,2.421569977508e-13,-1.635014802118e-14,27151.82000475,34.07858512517,-4050.562658909
50,25,893,-1.001594283134e-14,2.433521637242e-13,-2.717730027673e-14,26984.79731993,-42.01498028936,-4063.670809735
50,25,894,-1.008346750297e-14,2.419700593392e-13,-3.300965800842e-14,27226.61911911,-17.85588419161,-4053.006019993
50,25,895,-1.018661916176e-14,2.447585187969e-13,-2.937147531746e-14,27884.58314685,-13.37558027003,-4092.378219627
50,25,896,-9.854956302641e-15,2.45490216554e-13,-2.528400051576e-14,27245.70873808,-7.004401095381,-4094.369785196
50,25,897,-9.73911736324e-15,2.44840983289e-13,-3.166070522181e-14,27695.15205811,-41.52494865947,-4084.851454023
50,25,898,-9.645914212164e-15,2.448453484509e-13,-2.428590370728e-14,28170.5372646,58.79726247059,-4090.337311644
50,25,899,-1.002993857121e-14,2.441032323838e-13,-2.776284946275e-14,27173.68997309,67.81882475744,-4080.763765188
50,25,900,-9.690020138567e-15,2.440915184559e-13,-5.386178782799e-14,26996.26017806,16.00596739259,-4077.757074132
50,25,901,-9.540823231489e-15,2.448477857687e-13,-1.652076643582e-14,27380.66020581,-36.75713562035,-4073.479957759
50,25,902,-1.024243697927e-14,2.448167569818e-13,-3.97706324295e-14,27369.87066,-96.87581152338,-4095.328684925
50,25,903,-9.471341323404e-15,2.435272377708e-13,-1.911178688622e-14,27561.11120943,10.38161403899,-4061.154073265
50,25,904,-1.021365609741e-14,2.426146295862e-13,-1.197212136319e-14,27580.65304592,-9.069086139838,-4057.571200833
50,25,905,-1.142548003656e-14,2.44260114418e-13,-3.767094691357e-14,26977.55752503,-20.64585939733,-4084.152225081
50,25,906,-1.003199221973e-14,2.448400116674e-13,-2.894312721941e-14,27515.42538495,65.09002318831,-4086.351410297
50,25,907,-1.080329506352e-14,2.441903083343e-13,-2.128939311037e-14,26850.65458718,31.74291145554,-4075.126097922
50,25,908,-1.016583710936e-14,2.43758107948e-13,-4.238379565668e-14,27027.2761069,-36.37509009972,-4069.573122422
50,25,909,-1.064961912167e-14,2.462269243216e-13,-7.883698848561e-15,27779.31303944,-11.45204278006,-4104.704265979
50,25,910,-1.004464747022e-14,2.451627445394e-13,-2.503499031814e-14,28032.90967576,73.34181596584,-4099.075671603
50,25,911,-1.034593420873e-14,2.452089518659e-13,-1.973390183404e-14,27734.01534678,53.47689110724,-4100.402260218
50,25,912,-1.009253947749e-14,2.46155309469e-13,-3.204568440925e-14,26708.68294906,-34.39683036504,-4104.352360896
50,25,913,-9.946608608369e-15,2.428736261789e-13,-2.607485434975e-14,26719.82956488,-44.54725341831,-4060.949234119
50,25,914,-9.952207512477e-15,2.462645869718e-13,-3.328795306983e-14,27244.51969187,-33.23858278459,-4108.635511778
50,25,915,-1.070230872726e-14,2.443804742103e-13,-1.848772496655e-14,28045.69228476,-38.55613644502,-4074.203709602
50,25,916,-9.501656219552e-15,2.433339350685e-13,-1.694079485733e-14,28246.71734067,-23.85976183681,-4068.609290177
50,25,917,-9.395872267852e-15,2.420847537757e-13,-2.092772496857e-14,28033.16394657,132.8615746701,-4044.449245453
50,25,918,-1.017480018415e-14,2.464455892699e-13,-2.097753957361e-14,26728.08906237,66.60789772244,-4101.360772009
50,25,919,-1.020878078916e-14,2.399416556371e-13,-2.429183001414e-14,27387.28759315,73.18792462361,-4010.292950974
50,25,920,-1.007630469631e-14,2.41381787364e-13,-3.086132043828e-14,27077.17017088,42.1189112974,-4049.29261957
50,25,921,-1.061396802733e-14,2.457111898928e-13,-2.75325449979e-14,29405.4189623,15.44364423191,-4108.600108121
50,25,922,-1.034173828191e-14,2.455085342542e-13,-1.83837102738e-14,27386.79019965,-85.87167137909,-4093.994952282
50,25,923,-8.921189439013e-15,2.437520406463e-13,-2.292257375244e-14,27254.74204577,-43.76167056297,-4071.475814856
50,25,924,-1.091188104641e-14,2.439813463584e-13,2.263478032338e-15,27705.10366855,1.476851236349,-4070.246791525
50,25,925,-9.995754982678e-15,2.442830654459e-13,-4.322157161595e-14,26870.27705177,-9.83356705281,-4074.688042448
50,25,926,-9.979892836044e-15,2.446378569916e-13,-2.577509049971e-14,26874.09319438,32.62093450947,-4082.606837743
50,25,927,-9.177135419603e-15,2.442482885031e-13,-3.655437081727e-14,28295.95743209,-54.0419606584,-4084.327986891
50,25,928,-1.003319879212e-14,2.419811132185e-13,-3.379413360515e-14,28130.24084765,-45.83278989796,-4045.965262824
50,25,929,-9.140952713551e-15,2.420634900089e-13,-2.294645528006e-14,27960.39007223,-28.37890147189,-4045.882383034
50,25,930,-9.815937206749e-15,2.443694355444e-13,-2.914846543743e-14,27590.38940614,10.22005897715,-4079.535801892
50,25,931,-9.97281198845e-15,2.422912631393e-13,-2.955036012014e-14,27101.01296779,27.7476950256,-4049.145974368
50,25,932,-9.539193794034e-15,2.464996893159e-13,-1.878720948173e-14,27350.8129613,0.1071022971634,-4106.431939707
50,25,933,-9.786524918259e-15,2.433306728844e-13,-3.947775948113e-14,28990.10461421,20.57805659415,-4065.699603129
50,25,934,-9.93086461608e-15,2.434875087628e-13,-2.976904099814e-14,27132.49576559,16.00203878553,-4063.987064673
50,25,935,-9.534332329609e-15,2.455291568527e-13,-1.995480123944e-14,26836.12079148,47.19897458794,-4104.944184891
50,25,936,-1.031872070599e-14,2.394728239987e-13,-2.784225185748e-14,28237.19304612,-8.563145244474,-4021.779397692
50,25,937,-9.635771346918e-15,2.452785666659e-13,-1.966772414852e-14,27276.5501057,55.16574435812,-4093.874274388
50,25,938,-9.170546001902e-15,2.416882354211e-13,-2.974139075035e-14,28093.39099883,23.19891085414,-4040.723414056
50,25,939,-1.048962029424e-14,2.446492794776e-13,-1.109527233481e-14,26875.34953085,-32.34163227063,-4100.687454051
50,25,940,-1.009715266387e-14,2.426126667021e-13,-1.520668917402e-14,27425.91793527,15.0216790191,-4057.597940117
50,25,941,-1.000762892592e-14,2.465112759196e-13,-2.963970437067e-14,27603.10322015,-32.13535684504,-4124.374042105
50,25,942,-1.032948360416e-14,2.450353679429e-13,-4.252189892393e-14,26883.1639095,18.18874644717,-4093.789535864
50,25,943,-9.501823952403e-15,2.457498038443e-13,-2.884391433158e-14,27364.77454539,12.28429748787,-4101.695352256
50,25,944,-1.044617077154e-14,2.429510565202e-13,-2.616601532752e-14,27360.44964677,-9.875245980724,-4063.820927855
50,25,945,-1.011525960358e-14,2.4523160857e-13,-3.020344378245e-14,28120.22961336,-3.522623947443,-4087.250164553
50,25,946,-1.061385000942e-14,2.454241392423e-13,-3.240132757735e-14,26822.81609894,8.884429837914,-4103.416349309
50,25,947,-9.70430859258e-15,2.461836574578e-13,-1.823436694808e-14,26865.99092056,11.26251871488,-4115.948953766
50,25,948,-1.01196183977e-14,2.434349220965e-13,-2.940270901165e-14,27692.00161837,7.617293181666,-4068.198358183
50,25,949,-1.044379916532e-14,2.45050141251e-13,-3.560315438626e-14,27762.88227687,17.61904343389,-4086.097181302
50,25,950,-9.730229248867e-15,2.40895233578e-13,-3.79006411877e-14,27947.0195606,-42.90545869647,-4020.91995218
50,25,951,-1.050907768757e-14,2.44517456697e-13,-3.026899688962e-14,27177.26231357,-7.044366842065,-4095.904767866
50,25,952,-1.034259670966e-14,2.464855223261e-13,-9.92284048401e-15,27580.47993533,43.45846685817,-4112.436407289
50,25,953,-1.041308728536e-14,2.449073220513e-13,-3.289969317511e-14,26996.02308208,-0.9171919599166,-4094.740195067
50,25,954,-9.644134750194e-15,2.436374788029e-13,-3.873003324547e-14,27411.20441903,50.60680620037,-4061.578751665
50,25,955,-1.015683913146e-14,2.450186112164e-13,-3.382903423561e-14,27676.48304421,12.55205997474,-4091.799079817
50,25,956,-1.012014240936e-14,2.442129399164e-13,-2.902175402445e-14,29021.65413432,34.04931976895,-4062.352538951
50,25,957,-9.482453576258e-15,2.428549262817e-13,-2.3402354167e-14,27104.01102641,26.06097843514,-4053.250965827
50,25,958,-9.705695334932e-15,2.43231692366e-13,-1.178420158807e-14,26524.16094099,-4.159656619042,-4063.99018565
50,25,959,-9.356353568573e-15,2.436688106293e-13,-4.024615636986e-14,27471.6021593,9.958356465159,-4067.340992225
50,25,960,-1.039383650127e-14,2.44178765407e-13,-2.519871681349e-14,27373.07407975,40.65943053927,-4084.733384615
50,25,961,-9.784705520574e-15,2.455977324204e-13,-3.819541498116e-14,27693.74516687,-43.87514654645,-4106.395609654
50,25,962,-1.012864536358e-14,2.44913074043e-13,-4.692561101739e-14,27448.86254136,-62.65113728678,-4100.243579887
50,25,963,-9.605052697328e-15,2.423703133533e-13,-2.383698282691e-14,26966.02062444,45.20194962471,-4046.45311902
50,25,964,-9.824961461495e-15,2.468844388593e-13,-1.428956925715e-14,27752.86876951,-34.41652177777,-4108.986972693
50,25,965,-1.054172850494e-14,2.448372418231e-13,-3.111136381694e-14,27393.14595362,7.685854667082,-4097.174072064
50,25,966,-1.092171030584e-14,2.444154244679e-13,-3.649845512574e-14,27375.02462265,83.7015034198,-4091.485790897
50,25,967,-1.02150409288e-14,2.449951886481e-13,-3.233481903384e-14,27989.33145004,18.61863490518,-4089.780933953
50,25,968,-9.653099439565e-15,2.431235717064e-13,-2.59868570831e-14,26934.00183886,-1.618244514262,-4075.331327589
50,25,969,-1.025783660038e-14,2.458220968297e-13,-1.234762086346e-14,27654.63475228,-26.78285334616,-4104.043770325
50,25,970,-1.056323271375e-14,2.456655539883e-13,-2.340366467272e-14,27248.29481409,7.63168534308,-4111.35794876
50,25,971,-1.000189133101e-14,2.429099774152e-13,-2.105440003883e-14,26430.43592248,-21.72993423393,-4067.035016398
50,25,972,-1.024055301447e-14,2.43600928783e-13,-3.739069797389e-14,27127.68760494,-68.82278832801,-4085.853892402
50,25,973,-9.284100935254e-15,2.443868553558e-13,-3.106610302213e-14,27655.49123361,-30.71046172138,-4073.85653456
50,25,974,-1.029940680892e-14,2.457538204886e-13,-3.8407185672e-14,27007.17657671,66.01742145345,-4102.663481304
50,25,975,-9.98057784721e-15,2.423231323188e-13,-3.01425548602e-14,27501.60917262,-68.57863966041,-4040.885092298
50,25,976,-9.98817295453e-15,2.447918110337e-13,-3.768407170912e-14,28070.99379098,3.646228166237,-4092.782764644
50,25,977,-1.066313941849e-14,2.441012609699e-13,-2.598647011101e-14,27841.80590149,-51.11055700132,-4075.309084003
50,25,978,-1.010015195623e-14,2.44313046625e-13,-2.037011920998e-14,27895.03924311,32.01168635847,-4080.853265348
50,25,979,-1.013636275721e-14,2.461063266589e-13,-3.562708334362e-14,27245.28997871,-3.3280178176,-4107.122817158
50,25,980,-1.035861838378e-14,2.424779480527e-13,-2.21013502537e-14,26544.67213438,-51.2043319778,-4049.594013825
50,25,981,-9.929905706364e-15,2.43273056534e-13,-3.2149661702e-14,27927.16251889,7.688937114276,-4064.130314416
50,25,982,-9.945480725189e-15,2.426049734693e-13,-1.095389693945e-14,26958.563918,7.336254447175,-4045.227589946
50,25,983,-1.01274967857e-14,2.457655603773e-13,-2.025790001448e-14,28080.54743472,-25.46921006644,-4115.687918012
50,25,984,-1.015422985431e-14,2.44117111257e-13,-3.54955577385e-14,27699.24092807,-14.62799516106,-4080.079694649
50,25,985,-1.02939798973e-14,2.446112906915e-13,-2.060009630519e-14,27644.40859158,-13.01251957239,-4090.961618867
50,25,986,-1.057752847997e-14,2.46375325965e-13,-2.32613068514e-14,26691.65431643,-16.12544897166,-4107.277727732
50,25,987,-9.798442850763e-15,2.431225641646e-13,-2.910771240966e-14,28047.42949342,11.83599965589,-4060.874530611
50,25,988,-9.979548751085e-15,2.478095738615e-13,-3.403272011236e-14,27712.55990076,-17.49430110468,-4130.988863735
50,25,989,-1.036707076832e-14,2.453308884493e-13,-1.123823619665e-14,28405.14027011,35.86908177102,-4090.682636619
50,25,990,-1.014809368731e-14,2.450460755696e-13,-1.780244843028e-14,27347.55034479,44.38779307439,-4089.004049195
50,25,991,-1.117010488348e-14,2.429809861536e-13,1.088079767863e-14,27464.59652739,88.72397525972,-4062.434474606
50,25,992,-1.037569875284e-14,2.453577798595e-13,-1.891703567606e-14,27800.32502111,15.52432403344,-4083.928156265
50,25,993,-9.614107486679e-15,2.442994507811e-13,-2.787530958241e-14,25695.58644362,-20.81396981617,-4080.936445822
50,25,994,-9.843617260069e-15,2.439771004895e-13,-2.806055582712e-14,27622.56101515,-7.670144438635,-4074.226898311
50,25,995,-1.095837243363e-14,2.436633004596e-13,-1.324607935469e-14,27167.5218372,32.92393382713,-4072.977337964
50,25,996,-9.992230634235e-15,2.444187446835e-13,-1.99346201094e-14,27104.90880751,0.9589656703976,-4082.566606788
50,25,997,-1.03852204049e-14,2.450897165442e-13,-3.824994806674e-14,27211.90680934,82.44855640012,-4092.230132895
50,25,998,-9.941358169375e-15,2.39222695504e-13,-2.111609224736e-14,26054.48006981,-33.35392642316,-4002.90536399
50,25,999,-1.043410225147e-14,2.443124748719e-13,-2.797814781296e-14,27952.00786934,6.294315382137,-4083.259500297
50,25,1000,-9.419031960562e-15,2.450408486696e-13,-2.367261835884e-14,28003.97890634,44.16294291669,-4092.099560431
55,27.5,1,-2.527661482584e-15,9.098492641614e-14,-8.93881157465e-15,12966.86578401,4.07902799696,-1518.140893821
55,27.5,2,-3.006949590415e-15,9.019918732962e-14,-4.834652809992e-15,13439.82646893,5.35260631628,-1511.901106537
55,27.5,3,-2.94860195074e-15,9.130360332542e-14,-1.345956718548e-14,13418.95193394,-5.34149323965,-1528.520850291
55,27.5,4,-2.792039704078e-15,9.147922473384e-14,-1.942557576278e-14,13162.89034991,12.59873261323,-1533.541980487
55,27.5,5,-2.597876644533e-15,9.186867043831e-14,-1.105381262762e-14,13731.98000302,3.953168654898,-1534.001319943
55,27.5,6,-2.89307656079e-15,8.958919309839e-14,-1.608374376389e-14,13482.99117349,1.202478493385,-1502.903849332
55,27.5,7,-2.885185083866e-15,8.983829147362e-14,-1.850952480229e-15,13042.41704241,18.92553555042,-1505.238847864
55,27.5,8,-2.643454924095e-15,9.105211210454e-14,-2.766784184182e-15,13351.54423357,-3.404622914589,-1520.849298234
55,27.5,9,-2.856404337393e-15,9.126168408128e-14,1.430461809083e-17,13661.78702532,5.506752181946,-1521.274204795
55,27.5,10,-2.4769889022e-15,9.023711995781e-14,-1.166658105663e-14,13471.79353308,-12.88126564487,-1505.931748899
55,27.5,11,-2.753199303835e-15,9.00160487387e-14,-6.407249134489e-15,13567.82336803,-2.52611576866,-1502.529672894
55,27.5,12,-2.560457517002e-15,8.949003820479e-14,-1.314532751196e-14,12971.79068615,-1.369663554521,-1495.173608683
55,27.5,13,-2.582897761906e-15,9.033990526571e-14,-1.268599622434e-14,13415.88514898,-11.50871782265,-1507.718478893
55,27.5,14,-2.763687597876e-15,9.104204743302e-14,-4.297148958953e-15,13203.36593619,1.321610657468,-1522.421817311
55,27.5,15,-2.661199397473e-15,8.972018442249e-14,-1.052934744667e-14,13503.61817976,-11.70654211127,-1502.520495324
55,27.5,16,-2.601585076787e-15,9.005457062979e-14,-6.890126269137e-15,13626.63347318,12.73717294729,-1510.979887633
55,27.5,17,-2.565267783798e-15,9.134620465008e-14,-1.934912170916e-14,13607.35920372,5.145033958156,-1519.85821612
55,27.5,18,-2.666856309312e-15,8.96431163812e-14,-1.519995307013e-14,13555.72049072,2.181739975389,-1506.384474422
55,27.5,19,-2.6483085087e-15,9.069593816963e-14,-1.963937280558e-14,13393.52508543,3.934683428348,-1516.530132056
55,27.5,20,-2.927401263759e-15,9.025856840289e-14,-1.111798681095e-14,13030.60869438,-11.56705843163,-1508.384728291
55,27.5,21,-2.686229274319e-15,9.037438281202e-14,-2.039189155368e-14,13443.81136426,-8.104340371962,-1508.854835205
55,27.5,22,-2.668175219672e-15,9.099495127007e-14,-3.30761714968e-15,13659.00797065,-8.325860782166,-1517.92258508
55,27.5,23,-2.639846780914e-15,9.002819483083e-14,-4.321474451369e-15,13103.81562114,-19.80007444991,-1506.616152027
55,27.5,24,-2.998968232948e-15,9.070327446815e-14,-6.816370138457e-15,12956.89101254,11.52769106596,-1516.978254752
55,27.5,25,-2.468073780211e-15,9.060325358022e-14,1.347362048443e-15,13401.43920894,-7.182651622539,-1508.680214988
55,27.5,26,-2.770650424085e-15,8.99028813295e-14,-1.042638964931e-14,13203.34611798,5.18823834909,-1504.834062897
55,27.5,27,-2.721429409069e-15,9.046984157891e-14,-1.296289038134e-14,12888.04555258,5.034841523557,-1516.979317235
55,27.5,28,-2.74061389852e-15,9.040200804459e-14,-1.225106650629e-15,13364.19079451,20.46754318966,-1512.275435723
55,27.5,29,-2.985481650863e-15,9.088941694922e-14,-1.67031488681e-14,13043.72478908,5.410045791739,-1524.02795302
55,27.5,30,-2.978870963801e-15,9.030828079061e-14,-1.346949323449e-15,13416.83167513,15.03879422888,-1508.604303694
55,27.5,31,-2.917038629595e-15,9.135786976463e-14,-4.641915621095e-15,12986.54091449,17.26635532639,-1526.566722879
55,27.5,32,-2.645428910997e-15,9.058092545654e-14,-8.212335054661e-15,13240.09987093,-14.3894772746,-1507.621170388
55,27.5,33,-2.843094945096e-15,9.18366445271e-14,-4.775255893771e-15,12902.53419458,3.932253477621,-1527.806837795
55,27.5,34,-2.39614682287e-15,9.114814103409e-14,-1.228427736187e-14,12979.97542023,-6.035215851388,-1519.106417234
55,27.5,35,-2.932075662066e-15,9.056115797214e-14,-4.515730223503e-15,13390.03609787,7.892932054122,-1511.077073428
55,27.5,36,-2.535669327653e-15,9.008823762262e-14,4.729022785204e-15,12724.28484459,-3.754866072164,-1504.103212423
55,27.5,37,-2.814942017918e-15,9.119573527648e-14,7.262731246065e-16,13459.61594373,11.07857661803,-1519.050936542
55,27.5,38,-2.671720076023e-15,9.043339023077e-14,-3.377790004437e-15,13609.18839559,19.33506743211,-1513.402622288
55,27.5,39,-2.652188573528e-15,9.206517594361e-14,-1.22115702382e-14,13778.22116459,16.27121774764,-1531.243890561
55,27.5,40,-2.797895105956e-15,9.119702440826e-14,-7.244905567167e-16,13083.70374739,-2.264372508304,-1525.742386272
55,27.5,41,-2.724138258059e-15,9.032365617408e-14,-7.678387307398e-15,13204.08216214,0.5762720760805,-1508.713541852
55,27.5,42,-2.761964473595e-15,9.032587826708e-14,-7.843700513126e-15,13779.13467538,-8.688158239228,-1512.481758662
55,27.5,43,-2.772632420503e-15,9.133054098536e-14,-1.198807301684e-15,13249.52293,-10.20491689474,-1524.781659503
55,27.5,44,-2.668401809151e-15,9.003324545404e-14,-1.3661072977e-14,13510.32318179,-0.3504830706971,-1506.516775331
55,27.5,45,-2.562116039696e-15,9.132837563792e-14,-5.951582217677e-15,13371.35497492,-6.125588305737,-1526.355157046
55,27.5,46,-2.717008796748e-15,8.991452400171e-14,-1.281832291399e-14,13198.02933497,-11.6086636194,-1503.164545466
55,27.5,47,-2.728497698545e-15,9.141765629274e-14,-1.688315642712e-14,13173.47944412,7.838952244713,-1528.868788286
55,27.5,48,-2.74239102732e-15,9.107650528591e-14,2.383940543558e-16,13629.64615425,-3.045747262086,-1520.027543434
55,27.5,49,-2.875087954951e-15,9.068932086898e-14,-1.152888046653e-14,12922.67144825,-0.7229653457101,-1518.930895289
55,27.5,50,-2.950184128359e-15,9.089277504701e-14,-1.463627010676e-14,13844.70979687,-24.06446539879,-1516.393752287
55,27.5,51,-2.64539088843e-15,9.008824765447e-14,-2.169563029175e-14,13586.02645626,-5.09417379337,-1507.586064497
55,27.5,52,-2.504867922067e-15,8.972723376179e-14,-3.072810046052e-15,13285.58876708,-1.468950046565,-1494.666513489
55,27.5,53,-2.859696497399e-15,9.111832057561e-14,-1.057603193373e-14,13368.25005802,3.197028178928,-1516.367332733
55,27.5,54,-2.687776931285e-15,9.019616573119e-14,-1.376517327679e-14,13006.95839257,12.73651929572,-1505.391014233
55,27.5,55,-2.739678596007e-15,9.101252568127e-14,-3.330762744405e-15,12674.12985533,11.6913455799,-1521.878638921
55,27.5,56,-2.843398415192e-15,9.151062214594e-14,-1.551061209229e-14,12882.91043716,-11.57797396296,-1522.210518506
55,27.5,57,-2.562528289473e-15,8.999940607365e-14,-5.086542439018e-15,13610.62659358,-4.226889350446,-1505.457804965
55,27.5,58,-2.783906673872e-15,9.112577487806e-14,-1.029693615333e-14,13118.45091664,8.952192579133,-1523.687423067
55,27.5,59,-3.11263491912e-15,9.077461747265e-14,-9.589665782646e-15,13504.77101648,-6.699136543629,-1513.450270348
55,27.5,60,-2.841160014791e-15,8.996108170537e-14,-9.56455837847e-15,13118.84315468,-22.58563979549,-1503.8141716
55,27.5,61,-2.599346441235e-15,9.014850812844e-14,-1.28328372678e-14,13238.99806633,-6.768288775897,-1507.217190679
55,27.5,62,-2.801514156279e-15,9.115155099054e-14,-1.049450310737e-14,13448.02694798,14.15629295234,-1525.727101585
55,27.5,63,-2.615891688513e-15,8.946761594637e-14,-1.251718725542e-14,13255.78913578,14.65055667841,-1497.318610985
55,27.5,64,-2.467490810039e-15,9.094570965171e-14,-7.354996499116e-16,13680.40851599,19.79421571484,-1517.660542162
55,27.5,65,-2.770555939393e-15,9.067725060709e-14,-7.895258023805e-15,13311.61340167,13.16721851407,-1517.890106999
55,27.5,66,-2.460499543301e-15,8.976863022687e-14,-5.241302033785e-15,13306.95835528,4.857006773188,-1500.084645006
55,27.5,67,-2.617099373463e-15,8.953016286487e-14,-5.589228847768e-15,13340.68197174,9.281977840677,-1494.431891913
55,27.5,68,-2.602346292996e-15,9.026486675802e-14,-9.044679729692e-15,13872.43095564,-13.13274298027,-1509.590890897
55,27.5,69,-2.663856715905e-15,9.144584959489e-14,-1.177861858311e-14,13192.3254384,0.08663900305976,-1523.417415927
55,27.5,70,-2.894899359263e-15,9.086800694821e-14,-6.053223781074e-16,12922.23987351,5.139305115358,-1523.595445331
55,27.5,71,-2.856808565671e-15,9.080047154074e-14,-8.03530281219e-15,13355.56323371,-22.03390609408,-1518.489896171
55,27.5,72,-2.941752297346e-15,9.128179415178e-14,-3.55873647294e-15,13426.98693387,23.41275929464,-1521.482402636
55,27.5,73,-2.842194548185e-15,9.114680893045e-14,-1.065844691793e-14,13649.83088402,9.585370292821,-1520.558178005
55,27.5,74,-2.703682567326e-15,9.036072785389e-14,-4.961051877345e-15,13404.70193898,3.686246593029,-1512.078576953
55,27.5,75,-2.603155167922e-15,9.008349220164e-14,-6.381824615263e-15,13177.92056149,-14.43978697738,-1501.599347707
55,27.5,76,-2.657374839266e-15,8.994497520792e-14,-1.069409915086e-15,12860.45148507,13.12178321673,-1502.641118289
55,27.5,77,-2.71724478767e-15,9.053463839703e-14,-9.121330443463e-15,13255.92924517,-2.793653709181,-1514.012928386
55,27.5,78,-2.701599825703e-15,8.979167462592e-14,-8.487251268785e-15,13135.80244378,-8.212082903091,-1501.704515528
55,27.5,79,-2.614323423124e-15,9.11396280847e-14,-1.077397552859e-14,13189.75032697,-2.318316940272,-1522.581138159
55,27.5,80,-2.622611510443e-15,9.165843958216e-14,-1.707421073417e-14,13295.03279175,-42.46625957215,-1529.24700832
55,27.5,81,-3.009052349298e-15,9.071303428859e-14,-1.890198924546e-15,13023.69694918,-5.572229551178,-1513.965189318
55,27.5,82,-2.63627052365e-15,9.078337795862e-14,-1.778766893339e-14,13405.7098575,-4.718901270475,-1517.324013092
55,27.5,83,-2.660823533267e-15,9.126805238988e-14,-1.805167318448e-14,13273.14211099,14.01421565703,-1523.281888699
55,27.5,84,-3.008338180736e-15,9.132791351906e-14,-1.674103902668e-14,13166.1081105,-3.675476179444,-1525.486692351
55,27.5,85,-2.695011623647e-15,9.028308292222e-14,-1.450958949331e-14,13054.10395706,23.91455305302,-1513.060988031
55,27.5,86,-2.627918020866e-15,9.094664409815e-14,-2.021054012131e-14,13467.80249432,6.519524237293,-1523.796077617
55,27.5,87,-2.462693943594e-15,9.042775449325e-14,-1.204928816002e-14,13596.56837246,-14.46637517624,-1508.297332777
55,27.5,88,-3.080336498424e-15,9.117149454852e-14,-1.220769520317e-14,12895.4002076,3.521180726515,-1525.631947422
55,27.5,89,-2.944641369424e-15,9.039474105943e-14,-3.353186436162e-15,13081.31921742,-13.17348693358,-1509.514430065
55,27.5,90,-2.723291137546e-15,9.120200900066e-14,-4.842995923538e-15,13465.79229643,6.683139397821,-1527.867775265
55,27.5,91,-2.73143201206e-15,9.044981631368e-14,-2.700373299244e-15,13469.06801498,15.90054459443,-1513.940213692
55,27.5,92,-2.73380496451e-15,9.039928368123e-14,-1.143600093123e-14,13269.30625335,12.27296705987,-1510.779010151
55,27.5,93,-2.889321767582e-15,9.036365256996e-14,-8.557611038026e-15,13090.49185929,-4.755641272791,-1510.682404088
55,27.5,94,-2.739910063588e-15,9.118773815386e-14,-1.566188425427e-14,13341.51402999,-1.138344003103,-1521.934392957
55,27.5,95,-2.858179033691e-15,8.977697606268e-14,-7.215386716997e-15,13456.27578319,2.257817025022,-1502.395691953
55,27.5,96,-2.756927550654e-15,9.128843335244e-14,-9.511890192922e-15,13412.53910743,8.691322577049,-1522.858676465
55,27.5,97,-2.606080263838e-15,9.054101893561e-14,-1.233863526634e-14,13270.81206909,-16.45667217576,-1512.164463501
55,27.5,98,-2.45694861683e-15,8.987191935049e-14,-1.091595339823e-14,12805.88783673,16.03713961515,-1502.694405654
55,27.5,99,-2.83939090849e-15,8.988047969845e-14,-9.645716549125e-15,13034.42058173,6.681878026096,-1500.572569458
55,27.5,100,-3.110834197092e-15,9.044584438711e-14,-1.085775017849e-14,13740.03890575,6.457719551232,-1509.514131904
55,27.5,101,-2.704922647015e-15,9.080096275973e-14,1.799932638423e-15,13342.94845848,10.83250909099,-1517.442998043
55,27.5,102,-2.762397949002e-15,9.066217477882e-14,-1.328566026192e-14,13284.81220901,10.78694681723,-1517.32237174
55,27.5,103,-2.378786199965e-15,8.93435731642e-14,4.552344401019e-15,13124.53383873,32.12582387037,-1499.302679305
55,27.5,104,-2.642087669327e-15,9.101466715429e-14,-9.105746723314e-15,13405.70437509,-0.3994798362146,-1524.772934236
55,27.5,105,-2.974924096886e-15,9.041731546152e-14,-8.136763412471e-15,12571.83163364,8.723018287208,-1514.140941919
55,27.5,106,-2.672966059315e-15,9.057861461633e-14,-1.300574334229e-14,13023.6544417,8.303340024113,-1511.647708116
55,27.5,107,-2.493470837861e-15,9.045339272497e-14,-1.765086580108e-14,13614.65043664,1.999672993221,-1510.466524022
55,27.5,108,-2.705104641702e-15,9.007404362906e-14,-5.959655345103e-15,13074.06440045,5.834168344439,-1510.062160282
55,27.5,109,-2.918796788018e-15,9.031899170691e-14,-9.165285478068e-15,13361.33631552,-12.86765811911,-1509.196760132
55,27.5,110,-2.68586712889e-15,8.959034679612e-14,-2.685909727107e-15,13367.21948344,2.74086668158,-1498.35607151
55,27.5,111,-2.749795336008e-15,9.034668380146e-14,-6.554793627213e-15,13459.34552681,-4.474989351854,-1510.400633964
55,27.5,112,-2.508073872996e-15,9.057318990141e-14,-8.972438981811e-15,13753.77833569,6.952640735088,-1512.764911574
55,27.5,113,-3.027618631626e-15,9.122860052822e-14,-1.41147906666e-14,12855.86009629,-21.16895536373,-1524.658422473
55,27.5,114,-2.613319884687e-15,9.045137432577e-14,-1.076760470641e-14,13652.32506593,5.881062965466,-1510.107192275
55,27.5,115,-2.689530506572e-15,9.038391043015e-14,-5.472593704493e-15,13325.39591342,16.95885744146,-1509.372868688
55,27.5,116,-2.561533430093e-15,9.076873821285e-14,-1.317360748928e-14,13435.70072845,-20.73800839787,-1518.341663652
55,27.5,117,-2.736890451265e-15,9.011698784152e-14,-9.973166404162e-15,13432.93481564,18.86487319854,-1508.447800743
55,27.5,118,-2.695688678043e-15,9.006819077427e-14,-8.94843613828e-15,13484.20437276,3.312553802121,-1504.855160197
55,27.5,119,-2.684051800157e-15,9.080068520799e-14,-5.509638309954e-15,12977.73378367,-8.254393753109,-1513.417491605
55,27.5,120,-2.270377799292e-15,8.978502563006e-14,-1.261647638875e-14,13821.78405022,10.0999503094,-1499.852494834
55,27.5,121,-2.874680914213e-15,9.075993559908e-14,-1.264960348989e-14,13333.4052967,-25.98528978228,-1517.348638173
55,27.5,122,-2.753601177773e-15,9.090771631154e-14,-1.201896848161e-14,13346.75147654,20.14097811176,-1519.273686585
55,27.5,123,-2.737834386478e-15,9.03697315509e-14,-1.775573747454e-14,13630.33656467,-20.74683924163,-1509.125998469
55,27.5,124,-2.750553598726e-15,9.174825064301e-14,-1.214114344103e-14,13443.35020748,4.198815916869,-1528.163256671
55,27.5,125,-2.575050291431e-15,9.084792370567e-14,-1.002745216653e-14,13361.06328881,-10.14595927873,-1516.30836862
55,27.5,126,-2.569620906041e-15,9.073346761535e-14,-1.469821018984e-14,13008.92217684,28.08714517419,-1514.834971365
55,27.5,127,-2.963898993233e-15,9.102038617438e-14,-1.098482748379e-14,12997.77978001,20.83737656667,-1517.541452977
55,27.5,128,-2.569795499027e-15,9.025434200917e-14,-5.531909504288e-15,13413.23240536,29.06325416095,-1510.72289068
55,27.5,129,-2.694356539421e-15,9.109354584333e-14,-1.15614415731e-14,13341.29838218,0.9645014616165,-1519.464046255
55,27.5,130,-2.569084392848e-15,8.977836001648e-14,-1.399063281207e-14,13818.65247573,-2.986080595803,-1508.861948307
55,27.5,131,-2.805330589376e-15,9.026057783302e-14,-8.383713624424e-15,12998.77301658,8.206337656478,-1508.367795383
55,27.5,132,-2.983315138182e-15,9.038383710931e-14,-1.893264744011e-14,13930.47564181,-3.471468340756,-1512.398140409
55,27.5,133,-2.621839986533e-15,9.060067681263e-14,-1.471087583916e-14,13633.41212354,-21.50567254913,-1510.283448945
55,27.5,134,-2.871801708662e-15,8.965762481219e-14,-1.199763000788e-14,13302.99902752,20.75106326456,-1503.383654456
55,27.5,135,-2.851709782549e-15,9.019354919667e-14,-1.038839095549e-14,13294.37762783,-0.4517574181594,-1509.345693673
55,27.5,136,-2.960095361057e-15,9.127944305817e-14,-9.128537950596e-15,13492.31324808,-12.54689387053,-1521.8913976
55,27.5,137,-2.460430431031e-15,9.03935332311e-14,-1.839719920027e-14,13167.78249026,-1.433021492058,-1509.447108125
55,27.5,138,-2.566012861799e-15,9.036310283798e-14,-2.297410925355e-14,13263.20805634,3.746629047851,-1509.800266563
55,27.5,139,-2.920124122972e-15,9.091852985165e-14,-1.581072027652e-15,13680.36498777,-16.55449035443,-1518.414563354
55,27.5,140,-2.854171883669e-15,9.004335340931e-14,-1.360221865144e-14,13402.28342146,22.7952228999,-1509.98416328
55,27.5,141,-2.499689520619e-15,8.985435707634e-14,-1.205007401035e-15,13159.00686266,-11.54888338655,-1500.688235188
55,27.5,142,-2.873275099822e-15,9.078793963154e-14,-7.718060354066e-15,12679.28133455,-21.63648420851,-1513.939879737
55,27.5,143,-2.659510985089e-15,8.954840811577e-14,-1.517104350283e-14,13507.09077118,-0.2210977143479,-1497.196402434
55,27.5,144,-2.512781208636e-15,9.034886222144e-14,-6.198847143215e-15,13617.29419143,3.047386743126,-1509.647367406
55,27.5,145,-2.608933484192e-15,9.039302594955e-14,-1.34097653042e-14,13452.31023284,1.988496661169,-1511.452732424
55,27.5,146,-2.655330696799e-15,9.138254783106e-14,-1.458949919635e-14,13257.82074033,-11.07922245463,-1524.233630627
55,27.5,147,-2.870121414975e-15,9.197096219689e-14,-4.028386706791e-16,12672.93331132,10.75391634831,-1535.27561837
55,27.5,148,-2.349622756647e-15,9.00842575678e-14,-1.510603645692e-14,13943.01448197,-4.359846307569,-1507.19612594
55,27.5,149,-2.606471725692e-15,9.097788985334e-14,-1.487757006844e-14,13169.63007286,-14.36411313136,-1518.67465433
55,27.5,150,-2.540166657466e-15,9.060290633812e-14,-5.450352287269e-15,13000.6122923,-1.396033802402,-1511.382477364
55,27.5,151,-2.535261595197e-15,9.09718825873e-14,-1.385451090123e-14,13279.27995414,-14.88117719804,-1522.355875998
55,27.5,152,-2.564240932578e-15,9.070382218528e-14,-1.565797698823e-14,13527.88600493,-4.359867857524,-1513.615980991
55,27.5,153,-2.75338439983e-15,9.019988892645e-14,-7.56323032772e-15,13619.29275877,-2.522395717871,-1504.884908002
55,27.5,154,-2.727953029759e-15,9.068083727996e-14,-1.003389059722e-14,13250.54736412,-22.69399399329,-1512.630822357
55,27.5,155,-2.451575760772e-15,8.971675060279e-14,-1.090212701349e-14,12889.44264008,10.59661526093,-1502.512460441
55,27.5,156,-2.898807575231e-15,9.039885974864e-14,-6.062586404573e-16,12859.45417139,-1.767397910013,-1512.005837715
55,27.5,157,-2.740983515338e-15,9.188140674313e-14,2.600509717679e-16,13642.47852256,1.094867909331,-1534.307122356
55,27.5,158,-2.736182432483e-15,9.122886834303e-14,-1.124158323987e-14,13526.64096637,16.76689801144,-1524.067151353
55,27.5,159,-2.914387483759e-15,9.068221755392e-14,-9.364845049745e-15,13523.64665247,1.542353811856,-1516.21916002
55,27.5,160,-2.552506085538e-15,8.996074713795e-14,-1.14161517508e-14,12893.04400878,2.979440559829,-1500.960219401
55,27.5,161,-2.984170788794e-15,9.113878176916e-14,-2.793712607228e-15,13019.19184343,11.05680100473,-1523.789962098
55,27.5,162,-2.843263087314e-15,9.039409708468e-14,-8.971645414494e-15,13454.36344725,25.4022995188,-1515.377053027
55,27.5,163,-2.886429361925e-15,9.108463799507e-14,-7.14301314987e-15,13502.04085067,-18.73009914445,-1516.724435963
55,27.5,164,-2.977754749329e-15,9.064700508979e-14,-9.100791455667e-15,13107.51698952,8.012674441729,-1518.360067184
55,27.5,165,-2.323789472471e-15,9.037400462783e-14,-1.831923211557e-14,13520.01588104,6.267835197929,-1511.93507388
55,27.5,166,-2.30496696777e-15,8.97196932156e-14,-9.55383602113e-15,13493.89861222,-12.97449070118,-1499.520051269
55,27.5,167,-2.85684334079e-15,9.01564086959e-14,-4.274864076681e-15,13424.91026998,-24.23038451987,-1505.243830369
55,27.5,168,-2.563398447531e-15,9.119931705305e-14,-9.746121522122e-15,12979.21305324,20.39037461606,-1525.892675154
55,27.5,169,-3.052053983851e-15,9.130847187044e-14,-1.531959489696e-14,13621.58995081,-5.31215543651,-1523.241679626
55,27.5,170,-2.580009639521e-15,9.098873851651e-14,-7.309625294765e-15,13500.38906093,-8.817924179415,-1516.266364912
55,27.5,171,-2.486654458453e-15,9.054552346471e-14,-1.74345247882e-14,13314.78752792,7.006086748658,-1514.163292943
55,27.5,172,-2.69669569633e-15,9.098083309219e-14,-1.126683051926e-14,13093.32126389,-11.75271212904,-1519.794930705
55,27.5,173,-2.813184168353e-15,9.163396541116e-14,-1.176391475621e-14,13013.3150762,1.522920495248,-1527.073132256
55,27.5,174,-2.730423380662e-15,9.112045535751e-14,-1.716733140908e-15,13281.61126405,-30.03218188021,-1522.652556536
55,27.5,175,-2.195600039996e-15,9.024147641972e-14,-3.07864499527e-15,13116.2336616,5.794983249171,-1507.103943222
55,27.5,176,-2.770353662794e-15,9.041695465779e-14,-8.5126860371e-15,13266.30432925,-11.74968964327,-1511.784758776
55,27.5,177,-2.770578313422e-15,9.123651380676e-14,-5.45274718083e-15,13561.31332007,-3.590912107561,-1519.95357963
55,27.5,178,-2.667806928568e-15,9.046364763231e-14,-6.594318426297e-15,13357.63382531,11.21802947021,-1512.596693265
55,27.5,179,-2.931444094495e-15,9.032582757163e-14,-4.43961599869e-15,13489.11450336,-0.7055490821819,-1512.276600274
55,27.5,180,-2.829942373929e-15,9.013785493132e-14,-8.829536219602e-15,13309.24303657,0.7807560095653,-1506.354591497
55,27.5,181,-2.877156046303e-15,9.111059408036e-14,-5.413960013333e-15,12866.89934779,6.107639632544,-1514.604170219
55,27.5,182,-2.718244676422e-15,9.119787854282e-14,-9.036001776135e-15,13187.45288443,-6.558440688535,-1521.903336872
55,27.5,183,-2.829566241031e-15,9.137460230852e-14,-1.985833255298e-14,13562.70732962,-8.668122283229,-1524.233266065
55,27.5,184,-2.630605902293e-15,9.018182445878e-14,-4.569121870712e-15,13570.73239624,-4.640084330908,-1508.691102032
55,27.5,185,-2.307013619733e-15,9.069898090273e-14,-1.51575333778e-14,13880.76721921,2.24217273645,-1518.687568069
55,27.5,186,-2.820454696474e-15,9.106168060234e-14,-1.852503925668e-14,13281.06984991,-21.37528724196,-1521.922129945
55,27.5,187,-2.629350194927e-15,8.966787789609e-14,-6.240661165925e-15,13695.66887109,14.06207226497,-1501.720185726
55,27.5,188,-2.681718298852e-15,9.004404539407e-14,-7.623448293309e-15,13420.81438132,26.6684297842,-1506.093947377
55,27.5,189,-2.939174964681e-15,9.183691804169e-14,-1.073401028319e-14,13038.62432818,-17.99984951225,-1529.780903375
55,27.5,190,-2.780639164187e-15,9.050885018982e-14,-1.398122847973e-14,13196.41416133,-17.33199412601,-1507.083907647
55,27.5,191,-2.907007359258e-15,9.100646321586e-14,-9.976871844219e-15,13794.52914951,-22.9406744344,-1519.54748884
55,27.5,192,-2.859579599637e-15,9.050692958658e-14,-7.283279290363e-15,14122.8070258,30.29332661989,-1513.590086689
55,27.5,193,-2.849007137469e-15,8.986025164685e-14,-1.081491291957e-14,13474.12992532,12.86709956453,-1500.65695581
55,27.5,194,-2.539331133938e-15,9.109507360207e-14,-9.298815476634e-15,13000.79642486,6.955154698073,-1521.027473633
55,27.5,195,-2.761947121105e-15,9.050334245207e-14,-1.177274624613e-14,12979.24912504,-17.39790394334,-1513.326490732
55,27.5,196,-2.80325399686e-15,9.086209702808e-14,-9.012994162738e-15,12983.04615483,-6.313704432703,-1521.899766831
55,27.5,197,-2.706407085699e-15,9.170849421198e-14,-1.114790465308e-14,13741.42531868,-5.119115209292,-1535.374942485
55,27.5,198,-2.531955073771e-15,9.104108411492e-14,-1.165387919195e-14,12941.05684349,6.097558917824,-1517.468528745
55,27.5,199,-2.83286741053e-15,9.035316236617e-14,-3.363165735567e-15,13231.81931351,5.615638158014,-1511.213457821
55,27.5,200,-2.812682645704e-15,9.024323691086e-14,-1.538301064028e-15,12965.68672895,8.94717044439,-1505.037712167
55,27.5,201,-2.765173545592e-15,9.02939334486e-14,-6.834663737042e-15,13433.88363351,0.150150827316,-1509.474172265
55,27.5,202,-2.975236309928e-15,9.139426245104e-14,-1.095025229955e-14,13267.58444143,5.925874120608,-1525.429733238
55,27.5,203,-2.902355246186e-15,9.073170334306e-14,-1.32315384859e-14,13422.12276533,-22.04743776607,-1512.818235897
55,27.5,204,-2.843002679143e-15,9.091156644605e-14,-1.919493702613e-14,13833.14838675,-2.643834392724,-1521.781416594
55,27.5,205,-2.535670106461e-15,9.071393868022e-14,-7.557555519792e-15,13286.52734666,-21.67551467158,-1510.899718264
55,27.5,206,-2.685865220988e-15,9.085159282468e-14,-1.143946262659e-14,13861.27126914,-14.53833795504,-1519.222215562
55,27.5,207,-3.083136542787e-15,9.093948730035e-14,-1.38105930161e-14,13127.09850827,3.214775240235,-1518.440248973
55,27.5,208,-2.89276613814e-15,9.054448157602e-14,-1.572745654706e-15,13042.23947495,-4.619024584572,-1518.682626192
55,27.5,209,-2.673287589774e-15,9.099623568277e-14,-1.02728106201e-14,13465.26531369,3.235895079567,-1521.731311256
55,27.5,210,-2.787380248436e-15,9.055673988862e-14,-1.23799801666e-14,13472.08096615,11.55450515035,-1512.303498933
55,27.5,211,-2.49991732222e-15,9.036284182001e-14,-1.40504893986e-14,13279.75971431,-10.06582763481,-1508.160188694
55,27.5,212,-2.952480295429e-15,9.151099033947e-14,3.014626605811e-16,12872.78020559,-3.529969720378,-1525.772783159
55,27.5,213,-2.804153862792e-15,9.037587979553e-14,-1.346111458714e-14,12929.22771011,3.348817399885,-1512.987414943
55,27.5,214,-2.993312745564e-15,9.124368131148e-14,-1.437544491961e-14,13064.88973593,8.770240867883,-1524.253169229
55,27.5,215,-2.71112712052e-15,9.079746396589e-14,-3.317248327361e-15,13365.57608447,33.69443213526,-1519.271998129
55,27.5,216,-2.840659589528e-15,9.092399138592e-14,-1.49636104734e-14,13278.75657033,19.31937951717,-1518.137072649
55,27.5,217,-2.656637963531e-15,9.035270964812e-14,-4.925660626173e-15,13198.39948321,10.82110172516,-1509.548027787
55,27.5,218,-2.764140581732e-15,8.988812975127e-14,2.14021103995e-16,13527.90067516,16.49107464887,-1501.540167239
55,27.5,219,-2.606179942462e-15,9.029257656453e-14,-3.296833930595e-15,13624.0237553,-1.913492565476,-1512.37762161
55,27.5,220,-2.634261498609e-15,9.001559708485e-14,-1.46411650442e-14,13588.26624402,18.94758439248,-1505.503482825
55,27.5,221,-2.75806066893e-15,9.123817658069e-14,-1.07711186569e-14,13206.01928366,-18.85590483812,-1528.270441057
55,27.5,222,-2.705278567639e-15,9.199778986134e-14,-8.894688742758e-15,13565.61776202,15.41286015808,-1533.884244229
55,27.5,223,-2.597655129091e-15,9.035099838461e-14,-4.462281337557e-15,13419.12802871,20.00483750647,-1513.008742142
55,27.5,224,-2.749174283391e-15,9.053265788211e-14,-6.170653805873e-15,12779.64539415,2.284910360503,-1511.01147963
55,27.5,225,-2.736911587971e-15,8.986545900198e-14,-1.439101971202e-14,12768.08108324,-11.37443897576,-1501.162931812
55,27.5,226,-2.674444176483e-15,9.095339560866e-14,-5.888886915547e-15,13539.74724612,-2.305312542018,-1518.509886106
55,27.5,227,-2.72295762626e-15,9.067690803098e-14,-7.644487923439e-15,13788.99933876,-3.007889835663,-1512.895021253
55,27.5,228,-2.503957692495e-15,9.127461468033e-14,-6.651809353445e-15,13381.23441559,-6.852397665245,-1523.628130663
55,27.5,229,-2.846884420744e-15,9.141944148578e-14,-9.06332071338e-15,13842.46415535,8.479342633283,-1521.405188416
55,27.5,230,-2.733787434923e-15,9.067209393852e-14,-7.226178958106e-15,13755.26673336,-11.14497665228,-1515.990370341
55,27.5,231,-2.630723620238e-15,9.077039133475e-14,-1.668390933203e-14,13367.73018188,3.923183205434,-1513.211629493
55,27.5,232,-2.730832663803e-15,9.118698294012e-14,-7.464026513213e-15,13224.19559745,12.28926539943,-1520.993130949
55,27.5,233,-2.636490891926e-15,9.009880654632e-14,1.131551777192e-15,13431.09954301,-14.94976193141,-1506.67684107
55,27.5,234,-2.200808672256e-15,9.061241390986e-14,-8.702272855897e-15,13343.69142033,-3.628686642896,-1516.062582721
55,27.5,235,-2.890311412055e-15,9.048160044616e-14,-1.305282289225e-14,13769.70216908,5.498475822493,-1511.888742359
55,27.5,236,-2.733303123421e-15,9.103554746728e-14,-6.384810083624e-15,12863.08168945,-3.739955033944,-1519.767611587
55,27.5,237,-2.769803787139e-15,9.035544266008e-14,-1.261551463472e-14,13700.52523221,-8.390174887943,-1507.926544683
55,27.5,238,-2.881867090315e-15,9.180751688767e-14,-2.107753026423e-15,13783.50943104,7.834408922531,-1532.755085206
55,27.5,239,-2.958287515212e-15,9.016880171517e-14,-5.700530658486e-15,13203.18719583,3.022722828874,-1506.254929001
55,27.5,240,-2.485724026822e-15,9.041542857365e-14,-2.782106657083e-15,13429.34266175,6.032752757627,-1506.626306165
55,27.5,241,-2.71766990703e-15,9.056243531141e-14,-6.346039609322e-15,13226.57676052,23.426828849,-1510.088930498
55,27.5,242,-3.09128029985e-15,9.171681262519e-14,-2.523057502565e-15,13093.44211335,-22.64588659879,-1531.518572697
55,27.5,243,-2.666730147401e-15,9.089483579884e-14,-2.608040929553e-15,12753.78779175,-9.058585783508,-1515.458341887
55,27.5,244,-2.456108505283e-15,9.021270363189e-14,-1.232110637809e-14,13155.48153274,-13.63323458274,-1504.822887955
55,27.5,245,-2.348475223021e-15,9.058207313107e-14,-8.479087547744e-15,13279.12375175,-15.63307282939,-1515.121191272
55,27.5,246,-2.551522500693e-15,8.954244113699e-14,-8.021876462849e-15,13624.98319685,10.44743759959,-1501.066062144
55,27.5,247,-2.762978059386e-15,9.083321949901e-14,-1.57189232111e-14,13276.60890825,2.881236940688,-1517.119414269
55,27.5,248,-2.566589874018e-15,9.061932141704e-14,-3.73521956482e-15,13121.32057499,-11.80461596134,-1507.888924885
55,27.5,249,-2.669617813718e-15,9.112161891135e-14,-1.429049171845e-14,13708.98803722,12.80139245556,-1525.474883435
55,27.5,250,-2.63529489972e-15,9.135395553069e-14,-1.247073998364e-14,13706.83484135,-10.80670831252,-1527.167151016
55,27.5,251,-2.267104163173e-15,8.980451779184e-14,-1.040191030633e-14,13099.13183013,-7.601256813727,-1500.207945258
55,27.5,252,-2.776177669201e-15,9.024658967666e-14,-1.077143002051e-15,13493.28067167,-0.3851061359245,-1510.802103608
55,27.5,253,-3.091200848254e-15,9.134128981861e-14,-1.014077787286e-14,13580.55984768,-16.76999382154,-1521.615755481
55,27.5,254,-2.690014090498e-15,9.092148696977e-14,-5.145593910544e-15,13686.33200904,19.24622504722,-1519.181862459
55,27.5,255,-2.880387097663e-15,8.964523767174e-14,-2.263633301108e-15,13362.24260013,10.82405945589,-1498.000052506
55,27.5,256,-3.049480424047e-15,9.064217241981e-14,-8.469751540299e-15,13719.33012535,-4.336137139606,-1513.632721714
55,27.5,257,-3.068189334635e-15,9.165998918361e-14,-1.635715115004e-14,13363.36346568,-0.8326207631839,-1526.103129227
55,27.5,258,-2.903907388008e-15,9.070320259205e-14,-1.350725391783e-14,13077.18560809,-6.886445831901,-1514.68825535
55,27.5,259,-2.714487658083e-15,9.140482898173e-14,-5.722792628326e-15,13176.56443828,-13.45688512977,-1525.597446134
55,27.5,260,-3.080226504913e-15,9.083536237722e-14,5.5134872557e-15,13422.24639223,5.908969774867,-1516.934643148
55,27.5,261,-2.872860163281e-15,8.995559372075e-14,-7.322762473077e-15,13484.8865163,27.27367393358,-1503.683106423
55,27.5,262,-2.860440764263e-15,9.069901032012e-14,1.189128752997e-15,13356.58846137,31.21755089672,-1513.13685278
55,27.5,263,-2.767539312636e-15,9.020417544096e-14,-2.390225461829e-15,13143.04030338,-11.73125666826,-1508.04140938
55,27.5,264,-2.637796890907e-15,9.011980844184e-14,-3.857945474992e-15,12927.75690733,-5.797536798458,-1503.994050426
55,27.5,265,-2.899200766151e-15,9.033425046158e-14,-1.407049246045e-14,13620.52042957,-6.780744289806,-1505.900494937
55,27.5,266,-2.982982227788e-15,9.172527267132e-14,-7.105714668657e-15,13327.93143906,10.22507922312,-1529.052046002
55,27.5,267,-2.621612528176e-15,8.971647877176e-14,-6.643908908694e-15,13461.52297528,-0.1877903482116,-1499.842482086
55,27.5,268,-2.795357185471e-15,9.095078071963e-14,-6.748615415726e-15,13184.90581268,18.07112889418,-1519.988857426
55,27.5,269,-2.555883929936e-15,9.030742609424e-14,-7.79601382103e-15,13906.53999441,3.112399344382,-1510.852331107
55,27.5,270,-2.976155874521e-15,9.103044238501e-14,-8.442082679741e-15,13035.72712537,11.8140535976,-1520.918711697
55,27.5,271,-2.882398092806e-15,9.134741652006e-14,-1.023219235578e-14,13356.82517088,-5.664616655041,-1528.175172939
55,27.5,272,-2.832163315768e-15,9.023757469867e-14,-3.323534569297e-15,13248.61051154,-1.318866282761,-1512.809844271
55,27.5,273,-2.992845787694e-15,9.087465655364e-14,-8.911136448009e-15,13205.68201698,-12.92464362736,-1519.258943488
55,27.5,274,-2.487545275232e-15,8.966810550382e-14,-7.084312586429e-15,13383.24951993,1.393483730355,-1500.552889447
55,27.5,275,-2.559410174342e-15,9.022909633971e-14,-1.536195249288e-14,13180.9285249,7.549431304812,-1503.847794406
55,27.5,276,-2.425416488809e-15,9.051846369031e-14,-7.150593874931e-15,13772.12104098,-0.6916419258201,-1510.957368303
55,27.5,277,-2.92415927077e-15,9.08265802896e-14,-2.336728778103e-14,13876.13719192,4.435901427399,-1515.812401166
55,27.5,278,-2.776530374462e-15,9.060722655433e-14,-1.642272848759e-14,13387.17516503,-7.064025391385,-1518.026782559
55,27.5,279,-3.031834360703e-15,9.004629755333e-14,-1.195952578151e-14,13582.10630272,-21.04518547833,-1512.661005431
55,27.5,280,-2.966895914388e-15,9.044054403335e-14,-6.308893612623e-15,13465.33743943,1.981108116693,-1508.974896387
55,27.5,281,-2.527385300442e-15,9.04647169845e-14,-6.761063451802e-15,13367.35082393,-6.447607681638,-1510.78882805
55,27.5,282,-2.958003119794e-15,9.155145008098e-14,-1.789502154449e-14,13237.90924575,-16.24051346781,-1529.863586313
55,27.5,283,-2.770754117355e-15,9.123152354479e-14,-1.307739857547e-14,13567.61420643,4.672910829418,-1517.299362489
55,27.5,284,-3.108006822895e-15,9.045050603513e-14,-1.432970378204e-14,13619.78279308,-29.82758518441,-1511.360795216
55,27.5,285,-2.94301821386e-15,9.045285276495e-14,-1.798163463586e-14,13345.56374388,-24.97459380854,-1510.422781012
55,27.5,286,-2.636134610357e-15,8.961257979865e-14,-2.103631649183e-14,13616.70519642,-5.6863021033,-1499.904863138
55,27.5,287,-2.251781339069e-15,9.037664760566e-14,-1.15569994479e-15,13308.2949507,-2.303314280112,-1507.907132688
55,27.5,288,-2.67686154926e-15,9.002415478802e-14,-1.128563159751e-14,13321.91485128,-7.506954584092,-1502.786502841
55,27.5,289,-3.104144450904e-15,9.095631450479e-14,-6.969355412379e-15,12810.34440142,-12.36219212369,-1519.870318002
55,27.5,290,-2.85984337491e-15,9.050814285347e-14,-1.287810696223e-14,13153.56347933,-9.153118185147,-1511.687307754
55,27.5,291,-2.618233391435e-15,9.100295514206e-14,-1.036587324415e-14,13493.8683623,-7.131580063974,-1518.375002267
55,27.5,292,-2.874380695602e-15,9.069838709731e-14,8.90803469135e-16,13215.82831156,8.52468657756,-1521.234542112
55,27.5,293,-2.675546907214e-15,9.074531789044e-14,-1.324807092182e-14,13028.43540516,-11.48321422673,-1513.908595254
55,27.5,294,-2.977700611439e-15,9.090917379374e-14,-3.363923906369e-15,12905.96754676,-4.106626513849,-1516.631515115
55,27.5,295,-2.695274700363e-15,9.082295855774e-14,-5.951610319999e-15,13338.58735015,-9.765294320766,-1521.517518728
55,27.5,296,-2.429726533763e-15,9.094243381278e-14,-8.007554691481e-15,12758.46822954,3.259725199748,-1517.237349201
55,27.5,297,-2.767873847616e-15,9.093824983805e-14,-6.883688194684e-15,13339.09601536,-4.212506865322,-1518.632409494
55,27.5,298,-2.650223335977e-15,9.00544086084e-14,-5.891634600329e-15,13715.82311351,26.31778489918,-1503.93374101
55,27.5,299,-2.863290886392e-15,9.083952732288e-14,-1.13552774914e-14,13877.61578475,3.745005281065,-1520.507565829
55,27.5,300,-2.834575690305e-15,9.05689147535e-14,-1.698103424465e-14,13366.72575352,-2.758408206466,-1513.599981311
55,27.5,301,-2.683066741297e-15,9.164254118857e-14,8.978700891593e-16,13143.42778073,22.81293032374,-1522.715588894
55,27.5,302,-2.629013907618e-15,9.052839617147e-14,-1.253477028224e-14,13387.81235015,12.9590888349,-1508.754214488
55,27.5,303,-2.905743402243e-15,9.011410140933e-14,-7.993456797596e-15,13199.08769163,-6.715408318584,-1506.975195613
55,27.5,304,-2.710131841165e-15,9.144842317983e-14,-7.975821337537e-15,13041.51955196,-1.007368375769,-1525.607271473
55,27.5,305,-2.774802625092e-15,9.018205856705e-14,-8.148608381163e-15,13254.68778985,6.910305256525,-1507.71018783
55,27.5,306,-2.4580352047e-15,9.088920752361e-14,-1.031143641699e-14,13227.35340666,-6.250880569348,-1521.842220268
55,27.5,307,-2.438672567673e-15,9.013702176651e-14,-1.015837267913e-14,12751.02907823,-5.092844593734,-1507.628092927
55,27.5,308,-2.81984505398e-15,9.035887729667e-14,-1.107315915419e-14,13207.31183608,-14.01979076515,-1507.062413752
55,27.5,309,-2.756578328274e-15,9.076309038452e-14,-1.745637449097e-14,13087.14721607,-28.22870301809,-1517.388939403
55,27.5,310,-3.123677524693e-15,9.027176765231e-14,-7.624722281225e-15,13533.34527852,11.47160510625,-1508.462471927
55,27.5,311,-2.68693018943e-15,9.155436570568e-14,-1.843715545435e-14,13600.45928832,9.422049457976,-1526.262440797
55,27.5,312,-2.939219036523e-15,9.151402933005e-14,-3.782418956528e-15,13482.78520791,-5.996691125082,-1529.073786562
55,27.5,313,-2.867725571347e-15,9.115223567317e-14,-1.26064747651e-14,12792.77757179,-4.65815271939,-1517.460203795
55,27.5,314,-2.780539455716e-15,9.027562747369e-14,-1.015759790774e-14,13290.79424607,-2.921820596139,-1510.493841517
55,27.5,315,-2.674303952295e-15,9.087391691822e-14,5.398792808725e-15,13766.48030331,17.49766457926,-1518.679032739
55,27.5,316,-2.71763921274e-15,8.963404708799e-14,-1.77840949729e-14,13634.39813594,0.9110249976426,-1498.100158542
55,27.5,317,-2.616905419479e-15,9.032151952138e-14,-1.335968535311e-14,13139.11008827,-8.636723168855,-1511.305980398
55,27.5,318,-2.523396273377e-15,9.075893256705e-14,-1.002918206727e-14,13487.88856969,-12.3390544814,-1512.858725053
55,27.5,319,-2.520517199193e-15,8.944932482418e-14,-1.005881208282e-14,13246.71795657,-26.29884311716,-1491.401322797
55,27.5,320,-2.617946696554e-15,9.050665481561e-14,-1.187455827514e-14,13139.41932856,19.04947680752,-1511.005026773
55,27.5,321,-2.798019332372e-15,9.046976026684e-14,-2.660599901789e-15,13371.71641171,-0.4206238290091,-1511.207650699
55,27.5,322,-2.704840896875e-15,9.084215873344e-14,-1.369322423046e-14,13726.35468051,-16.83007643857,-1517.677068468
55,27.5,323,-2.819791087619e-15,9.093321912434e-14,-8.843351910332e-15,13290.29385496,-7.015538226492,-1520.912826518
55,27.5,324,-2.636488887116e-15,9.075869257501e-14,-1.531001059891e-14,13393.30959616,1.565822921271,-1514.301486131
55,27.5,325,-2.678048343416e-15,9.139983119755e-14,-3.68833440601e-15,13320.90194887,14.31964467597,-1527.896712155
55,27.5,326,-2.886807170106e-15,9.096149827304e-14,-8.380415158513e-15,13400.29931215,10.86239503826,-1518.242625612
55,27.5,327,-2.841348866178e-15,9.057822694724e-14,-1.530841045495e-15,13293.43719477,20.88056871787,-1510.724824628
55,27.5,328,-2.434069542051e-15,8.996105350484e-14,-1.404175164973e-14,13247.80345068,6.115720946523,-1501.162110932
55,27.5,329,-2.744386191079e-15,9.036920728693e-14,-1.258537501135e-14,13188.58642907,0.396117620311,-1512.148075582
55,27.5,330,-2.67341789343e-15,9.017312695688e-14,-1.405198661246e-14,13596.47438623,-20.69914337759,-1507.582453078
55,27.5,331,-2.49994000838e-15,9.161268354054e-14,-1.732763900912e-14,13576.24366131,8.48957942078,-1526.316681606
55,27.5,332,-2.540108775777e-15,9.177020477048e-14,-8.47287849309e-15,13147.74821486,-20.7676853478,-1525.603061049
55,27.5,333,-2.960515872994e-15,9.099907278345e-14,-5.290044789433e-15,13094.02113934,-11.49750184756,-1524.147186795
55,27.5,334,-2.650888575478e-15,8.933088837711e-14,-7.289830689623e-15,13287.97543533,-19.17078783187,-1497.226330387
55,27.5,335,-3.036883600647e-15,9.076293257771e-14,-1.308400886051e-14,14001.23169603,6.132996552128,-1517.05326947
55,27.5,336,-2.817625513561e-15,8.988250152408e-14,-4.431604136413e-15,13615.37979753,-14.15657512961,-1501.672962957
55,27.5,337,-2.879295719219e-15,9.020423873886e-14,-2.814595581817e-15,13605.33371067,5.684455096132,-1508.724909102
55,27.5,338,-3.02352828134e-15,9.061211499882e-14,4.585110559679e-16,13390.20650021,-1.849651140203,-1514.298755387
55,27.5,339,-2.686649366989e-15,9.032279177233e-14,-1.660066860208e-14,13524.59742213,5.751209903779,-1514.329393719
55,27.5,340,-2.561116995431e-15,9.047168261829e-14,-2.040044448171e-14,13743.85248394,4.194946022548,-1515.254703925
55,27.5,341,-2.832242481795e-15,9.088802172211e-14,-6.972584050825e-15,13274.12851832,17.91979092771,-1520.50620838
55,27.5,342,-2.92493662927e-15,9.136946775046e-14,-1.862451952264e-15,13239.41464615,-2.060042252923,-1526.331272661
55,27.5,343,-2.984264590746e-15,9.055802223056e-14,-9.266867026508e-15,13113.51051576,7.373592872361,-1517.790308694
55,27.5,344,-2.678093212424e-15,9.020826625838e-14,-2.391644712782e-16,13145.08890642,-10.1694718586,-1508.239327631
55,27.5,345,-2.860607660981e-15,8.914473252533e-14,-4.181279604388e-15,13388.76575659,2.854069866731,-1493.644893579
55,27.5,346,-2.585367130233e-15,9.118960532185e-14,-6.447099327617e-15,13468.72002579,3.233510470108,-1524.273436428
55,27.5,347,-3.214188937772e-15,9.128079757962e-14,-4.167544180844e-15,13784.17605717,-9.287317131407,-1524.495189286
55,27.5,348,-2.685048871382e-15,9.132412527493e-14,-1.232870297748e-14,13799.70765681,11.45709470679,-1517.653462858
55,27.5,349,-2.736027575309e-15,9.078415540546e-14,-9.893786087732e-15,13125.21175973,12.19348410993,-1515.133032283
55,27.5,350,-2.664457716205e-15,9.070635637338e-14,-8.505182694504e-15,13177.95152136,28.16751049828,-1518.485686862
55,27.5,351,-2.514226816032e-15,9.062159329084e-14,-1.058355203978e-14,13362.74515196,-12.10961258107,-1512.892210487
55,27.5,352,-3.030153202968e-15,9.016046875657e-14,-7.750262505068e-15,13490.69515735,11.51599040073,-1507.868096654
55,27.5,353,-2.612575326e-15,9.093573942354e-14,-1.76744150387e-14,13885.98423774,20.21477343301,-1519.666211975
55,27.5,354,-3.026863498591e-15,8.96572368141e-14,-4.920970333549e-15,13767.71861677,12.690873411,-1499.381468049
55,27.5,355,-2.550922759847e-15,9.06293498518e-14,-1.159785802861e-14,13523.79766525,6.267370983051,-1514.89105092
55,27.5,356,-2.918848471736e-15,9.040663568209e-14,-7.854937183007e-15,13862.04067396,3.592963264791,-1508.316333987
55,27.5,357,-2.49995669922e-15,9.01599814321e-14,-6.112379234967e-15,13253.26977904,5.724504441688,-1503.74981523
55,27.5,358,-2.338871603247e-15,9.045262589448e-14,-1.079265562806e-14,13003.5049855,1.636313835244,-1509.117836168
55,27.5,359,-2.881704957405e-15,9.050367097274e-14,-8.577472609705e-15,13688.31062111,0.9489400697095,-1510.600179261
55,27.5,360,-2.492788122691e-15,9.030521257279e-14,-5.892029638811e-15,13048.30825427,10.73054632039,-1504.865756865
55,27.5,361,-2.797287009375e-15,9.028812082026e-14,-4.185893733112e-15,13665.64075548,13.73259175285,-1510.83669169
55,27.5,362,-2.715161337625e-15,9.065378667196e-14,-5.585437782558e-15,12863.06115125,-3.130578369504,-1518.206891581
55,27.5,363,-2.687777330966e-15,8.983869599165e-14,-1.185052098114e-14,13358.37483524,2.008184122683,-1499.878084221
55,27.5,364,-2.779711584955e-15,9.015345951034e-14,-3.034185667687e-15,13403.26096136,28.72942517146,-1502.86982549
55,27.5,365,-2.567105914186e-15,9.033520886822e-14,-1.586867845358e-14,13684.75764722,4.365236609562,-1508.446903746
55,27.5,366,-2.502944812773e-15,9.07589185972e-14,-1.456721802083e-14,13213.47662235,3.552052664224,-1517.958794491
55,27.5,367,-2.688360465431e-15,9.10522535022e-14,-7.598460430074e-15,13266.62908291,-1.979036897301,-1523.248428782
55,27.5,368,-2.631660617835e-15,8.964376339062e-14,-1.181117509111e-14,13735.66770964,14.61267545696,-1504.104197875
55,27.5,369,-2.710606445531e-15,9.141931811369e-14,-4.940803204026e-15,12488.89400203,28.09880196356,-1524.451813174
55,27.5,370,-2.435152047185e-15,9.064989406898e-14,-9.606496973795e-15,12904.52676986,8.729913743622,-1509.932529511
55,27.5,371,-2.626955301544e-15,9.045752813342e-14,-5.512727829141e-15,13206.70126156,-1.961993043268,-1513.010983183
55,27.5,372,-2.59257170043e-15,9.110758451912e-14,-4.3346069009e-15,13407.34418601,15.38934254425,-1519.425303419
55,27.5,373,-3.059235430887e-15,8.986635975875e-14,-1.077166696836e-14,13558.67555531,35.64553786077,-1502.296670858
55,27.5,374,-2.65019102564e-15,9.133104960558e-14,-6.764448795676e-15,13493.79871579,26.04254267533,-1526.370727465
55,27.5,375,-2.691669065028e-15,9.068316810995e-14,-1.756997447776e-14,13529.56647067,-19.82631783509,-1515.161097072
55,27.5,376,-3.126796327356e-15,8.938071529754e-14,-6.880544993815e-15,13493.87204482,17.23840314762,-1494.980294509
55,27.5,377,-2.688666738737e-15,9.040778100472e-14,-1.141124236153e-14,13478.62576012,-17.42270097511,-1509.49552336
55,27.5,378,-2.42967750495e-15,9.057568121135e-14,-1.110149109625e-14,14239.41124454,3.316431160633,-1516.926331068
55,27.5,379,-2.644322143327e-15,9.126209567501e-14,-1.662393721179e-14,13347.0924707,-12.58032039038,-1521.620755423
55,27.5,380,-3.051453009815e-15,9.079834858718e-14,-8.634082371855e-15,13356.96428262,-30.67282014757,-1517.824884101
55,27.5,381,-3.009426545682e-15,9.125654030156e-14,-1.662490354575e-14,13734.80745979,2.113510606324,-1522.841013071
55,27.5,382,-2.87919379417e-15,9.025186109808e-14,-6.304412169849e-15,13583.2074541,9.419144247543,-1510.380708406
55,27.5,383,-3.120914090995e-15,9.058162743616e-14,-1.635091565191e-14,14034.17496388,14.30689004975,-1514.995412917
55,27.5,384,-2.663474676329e-15,9.055340184434e-14,-9.721770373061e-15,13094.68066587,4.998583398116,-1519.575071204
55,27.5,385,-2.882356522534e-15,9.078738997494e-14,-6.406950067971e-15,13361.95472768,6.117838008792,-1517.707019946
55,27.5,386,-2.790667464628e-15,8.950407265854e-14,-3.467424759685e-15,12782.73168933,-2.092678602286,-1497.037290505
55,27.5,387,-2.907707496704e-15,9.037159112483e-14,-9.534559398664e-15,13425.00564846,-1.943590227056,-1511.913784368
55,27.5,388,-2.923638192416e-15,9.041927500291e-14,-8.515878544055e-15,13153.52502327,-2.879304668944,-1512.928303805
55,27.5,389,-2.68031927455e-15,8.975047487678e-14,-1.924188817505e-14,13596.67563021,2.395408975556,-1501.108675538
55,27.5,390,-2.888349529619e-15,9.133648580278e-14,-2.313227777285e-14,13441.81284861,9.91943166165,-1521.682714305
55,27.5,391,-2.604632912417e-15,8.992907643146e-14,-1.405947897077e-14,13694.76972975,-4.855645382116,-1502.337981384
55,27.5,392,-2.683210776391e-15,9.074992873096e-14,-7.903194096354e-15,13233.76645543,23.61215893756,-1518.712994224
55,27.5,393,-2.584555354255e-15,9.008475549205e-14,-1.607388162278e-14,13273.97877948,2.606542666604,-1504.555352629
55,27.5,394,-2.685769408017e-15,9.022357790858e-14,-1.648569125618e-14,13269.3380773,-27.50761725209,-1509.742944444
55,27.5,395,-2.555877417873e-15,9.068460235223e-14,-6.069076234201e-15,13103.32897861,-3.372659517405,-1512.367433177
55,27.5,396,-2.674049070927e-15,9.087420423364e-14,-1.75361738055e-14,12992.58016613,7.74503365481,-1515.188085363
55,27.5,397,-2.735500259196e-15,8.989309422629e-14,-8.920551324887e-15,13054.45130482,12.08434777226,-1500.732361904
55,27.5,398,-2.451192971183e-15,9.110875796379e-14,-6.477131011653e-15,13627.12825667,-29.25700437209,-1513.505175729
55,27.5,399,-2.922793102008e-15,9.093761120343e-14,-6.465551736561e-18,13012.73100596,12.36617193364,-1521.861202874
55,27.5,400,-2.848085438232e-15,9.0688464393e-14,-1.250946017989e-14,13665.88087008,-19.81253047086,-1513.593728725
55,27.5,401,-2.829421269861e-15,9.172037372268e-14,-9.474238369645e-15,13117.49847499,-5.21328088711,-1535.963761553
55,27.5,402,-2.769700481476e-15,9.026618320867e-14,-3.097898888148e-15,13249.0415913,-30.24932893904,-1508.354516387
55,27.5,403,-2.923432718856e-15,9.179465562726e-14,-1.491274363082e-14,13385.57104087,-16.7864870761,-1534.50089701
55,27.5,404,-2.970834569886e-15,9.052040192839e-14,-4.602618796831e-15,13112.96298743,5.869431786891,-1511.56743852
55,27.5,405,-2.626807653832e-15,9.093956943196e-14,-1.11463055137e-14,13254.72442973,1.111567007757,-1519.812325249
55,27.5,406,-2.700872842101e-15,9.048404804799e-14,-2.325725489397e-15,13164.65636117,10.17939924781,-1505.124168718
55,27.5,407,-2.540721602299e-15,9.100870516103e-14,-1.28470050203e-14,13390.46705109,-25.32372707142,-1521.481684794
55,27.5,408,-2.558708933331e-15,9.089635513216e-14,-8.17675352959e-15,13377.77602597,-5.906185911834,-1517.46136295
55,27.5,409,-2.805633221914e-15,8.995688863388e-14,1.065265235278e-15,13200.61041617,19.01007886509,-1509.733660626
55,27.5,410,-3.056169123251e-15,9.013821787737e-14,-5.591614814038e-15,13265.5576288,3.214414680042,-1513.707292434
55,27.5,411,-2.757757985963e-15,9.111814552624e-14,3.219177928969e-15,13034.07186584,3.932831295809,-1519.778538734
55,27.5,412,-2.58829489818e-15,8.972917529795e-14,-2.762497835946e-15,13545.89071777,23.89897010304,-1505.854099932
55,27.5,413,-2.949746700527e-15,8.966413846398e-14,-5.753595794836e-15,12833.98861338,21.17875301787,-1500.893391856
55,27.5,414,-2.308407565107e-15,9.015525298416e-14,-1.465210361845e-14,13214.77123365,-9.227901784788,-1505.862488004
55,27.5,415,-2.506879242964e-15,9.033744904304e-14,-5.255281757015e-15,13195.32311662,-16.16219109862,-1503.449160746
55,27.5,416,-2.836698096615e-15,9.08304560161e-14,-6.495334785718e-15,13278.71577144,2.666838480499,-1517.349850454
55,27.5,417,-2.778960113936e-15,9.034628453239e-14,-2.502728912436e-15,13626.15993364,13.70504808166,-1511.272513906
55,27.5,418,-2.677443903321e-15,9.11562443334e-14,-8.824381535952e-15,13213.09096591,-18.25950351195,-1519.018656425
55,27.5,419,-2.840734756729e-15,9.024536995685e-14,-1.317596419381e-14,12955.1282937,-1.900111505054,-1507.156137613
55,27.5,420,-2.623158293983e-15,9.064587331827e-14,-6.633352084622e-15,13904.36117159,-23.38037065518,-1516.478328454
55,27.5,421,-2.71164570391e-15,9.156723876811e-14,-5.353615785767e-15,13220.75971555,16.72383174915,-1526.422268698
55,27.5,422,-2.762181967728e-15,9.040190945695e-14,-9.994840967683e-15,13197.54197512,-3.602892328336,-1509.795859799
55,27.5,423,-2.7820587521e-15,9.039515690772e-14,6.836352676387e-16,13160.46627731,-1.545853479182,-1507.79108294
55,27.5,424,-2.941156450021e-15,9.071329462818e-14,-3.936906046423e-15,13127.05247914,-3.932325339746,-1519.163288011
55,27.5,425,-2.653570251243e-15,9.054821469114e-14,-1.380695666029e-14,13425.60656262,-15.60111328954,-1512.430890554
55,27.5,426,-2.942476815102e-15,9.174895774633e-14,-6.350935002068e-15,13147.03783737,-15.98883254959,-1537.170146398
55,27.5,427,-2.792552824782e-15,9.049279328656e-14,-4.716809384073e-15,12790.9377239,-16.66172121895,-1511.475302106
55,27.5,428,-2.747246263756e-15,8.992423143071e-14,1.35312717241e-15,13138.66133306,10.13930265925,-1504.980640362
55,27.5,429,-2.795069385971e-15,9.131524939621e-14,-1.013213066359e-14,13403.02976088,19.55631313472,-1526.157609087
55,27.5,430,-2.786818267654e-15,9.070755975682e-14,-1.532607683176e-14,13257.93706846,8.621598598739,-1517.834442365
55,27.5,431,-2.991014809522e-15,9.123947968901e-14,-1.110271473073e-14,13348.3164718,-6.680281646418,-1519.780993874
55,27.5,432,-2.624336307744e-15,9.035064711014e-14,-1.274830973877e-14,12995.57560913,-3.044881417141,-1510.318155718
55,27.5,433,-2.79116577839e-15,9.031013253885e-14,-7.545526112105e-15,13368.71441614,-2.910384916685,-1511.452971833
55,27.5,434,-2.848426003076e-15,9.018221817988e-14,-7.338878771778e-15,13582.8046155,-2.999249483872,-1506.998949598
55,27.5,435,-2.879704683381e-15,9.025787792316e-14,4.50018858687e-16,13410.56559111,19.03901241446,-1507.506248369
55,27.5,436,-2.711994990615e-15,9.086016724537e-14,-4.093490363145e-15,13063.03661892,-8.277283563987,-1516.531726098
55,27.5,437,-2.512316071773e-15,9.075588045909e-14,-1.036468410731e-14,13147.43498456,-1.849336014186,-1521.756472553
55,27.5,438,-2.845860729538e-15,9.10211279079e-14,-4.614389612488e-15,13506.04003565,4.638109838185,-1521.080989189
55,27.5,439,-2.961856761899e-15,9.026350965109e-14,-9.661939249028e-15,13044.62039234,10.24150776281,-1511.818425359
55,27.5,440,-2.865821262404e-15,9.106780310733e-14,-6.944565026896e-15,13277.01927161,0.6054311523121,-1522.307252497
55,27.5,441,-2.89385328144e-15,9.021112264389e-14,-2.710175418996e-15,13788.43225309,13.01190954972,-1510.239198792
55,27.5,442,-2.981050657324e-15,9.141573708792e-14,-1.430652690401e-14,12967.73240782,15.94776560616,-1525.274153403
55,27.5,443,-2.81959020682e-15,9.098594189981e-14,-1.380400677455e-14,13592.09085336,25.76527214672,-1521.667997709
55,27.5,444,-2.713168435963e-15,9.050908184293e-14,-7.790122320495e-15,13249.97632591,18.25566790167,-1514.187872802
55,27.5,445,-2.974869478583e-15,8.972421044163e-14,1.596963985967e-15,13758.50024221,-4.710434878225,-1500.889429829
55,27.5,446,-2.851168097499e-15,9.0498827079e-14,-1.673855796853e-14,13241.99399428,-5.422606172651,-1509.688177647
55,27.5,447,-2.757640393446e-15,8.99843869793e-14,-3.182773558306e-15,13242.96831027,0.9058694645113,-1504.455162573
55,27.5,448,-2.857688815459e-15,9.082314586512e-14,-1.14429766182e-14,13311.37023638,-19.18351773537,-1516.29207885
55,27.5,449,-2.838179806832e-15,9.069608557502e-14,-8.760692705449e-15,13610.89850025,-1.267441117149,-1516.339005808
55,27.5,450,-2.84760672699e-15,9.046907780533e-14,-1.280793155401e-14,13674.4668401,-21.21726536419,-1510.16202773
55,27.5,451,-2.70619083892e-15,9.079193462042e-14,-1.399799019551e-14,13328.5638813,-2.138665326323,-1515.699795407
55,27.5,452,-2.900018375418e-15,9.008563052565e-14,-1.35631003989e-14,13450.34292771,1.636034863001,-1504.289958604
55,27.5,453,-2.758689843271e-15,9.016464571749e-14,-5.167224468739e-15,13096.23089539,-7.322570134606,-1512.761713433
55,27.5,454,-2.685236609042e-15,9.092976001947e-14,-1.2561964786e-14,13741.49062335,-7.985056312943,-1514.464184208
55,27.5,455,-2.66731892989e-15,9.003092518916e-14,-1.222587585316e-14,13778.65480788,-27.43260921828,-1504.358699513
55,27.5,456,-2.549053242647e-15,9.088129485639e-14,-1.070716388864e-14,13186.31198524,15.58687348178,-1515.000199307
55,27.5,457,-2.782191548205e-15,9.086258330586e-14,-1.523636705999e-14,13281.72325062,0.3187009103453,-1522.615216992
55,27.5,458,-2.875443017566e-15,9.092249129072e-14,-5.806676789414e-16,13902.21933169,13.67634667141,-1514.352356418
55,27.5,459,-2.918635023244e-15,9.089861825969e-14,-1.177637725733e-14,13643.63688579,-3.592668919539,-1513.679592367
55,27.5,460,-2.994161358958e-15,9.011473779839e-14,-1.040989301384e-14,13246.15657129,-21.15488450761,-1508.392307496
55,27.5,461,-2.833248377144e-15,9.039398162489e-14,-1.187625799762e-14,13194.43210732,3.512506006166,-1505.774520301
55,27.5,462,-2.677469318784e-15,9.13935405225e-14,-7.465033181664e-15,13605.81065031,23.3538530645,-1528.545398145
55,27.5,463,-2.979870452513e-15,9.071711331464e-14,-1.172230319601e-14,13574.9242058,-7.585197452504,-1521.083710125
55,27.5,464,-3.113818154063e-15,9.14271794645e-14,-8.087187017127e-15,13233.75396374,4.308441461462,-1527.989434613
55,27.5,465,-2.640702835023e-15,9.098826126684e-14,-1.376511981787e-14,13502.33319262,-6.299538177686,-1518.846543742
55,27.5,466,-2.829626111662e-15,9.051373174396e-14,-1.941946665165e-14,12658.21346934,-18.81057240567,-1517.521896767
55,27.5,467,-2.526362251811e-15,9.116379730088e-14,-8.425825624028e-15,13629.46264083,-15.98694514243,-1522.739018288
55,27.5,468,-2.950176811573e-15,9.007415223794e-14,-1.347979862041e-14,13502.81891575,-13.00888212588,-1502.48262464
55,27.5,469,-2.619179073875e-15,9.085288642064e-14,-7.457248595035e-15,14178.12590145,14.77402743616,-1519.042150254
55,27.5,470,-2.572115437986e-15,9.036651729755e-14,-7.535926546336e-15,13076.99987238,-1.734290371831,-1506.814801621
55,27.5,471,-2.765673691837e-15,9.162157932861e-14,-1.566237865628e-14,13524.00141454,-6.919591332091,-1530.584388717
55,27.5,472,-2.696272330044e-15,9.039153645481e-14,-5.047496533625e-15,12433.15897329,-8.182756049818,-1512.603065076
55,27.5,473,-2.898867621299e-15,8.975827582778e-14,-1.775452141452e-16,13061.74571678,1.938356761442,-1500.910082602
55,27.5,474,-2.493970888856e-15,9.088954696372e-14,2.261800173023e-15,12954.66170252,0.7913456352782,-1518.764330214
55,27.5,475,-2.852088518009e-15,9.081136768397e-14,-5.440944222796e-15,13299.99686332,-10.6902729686,-1521.353380433
55,27.5,476,-2.672205455767e-15,9.06801227175e-14,-5.748791825767e-15,13508.41211972,-7.003192388834,-1508.724604812
55,27.5,477,-3.062807979638e-15,9.139303882173e-14,-1.863980423799e-14,13384.15225127,9.295407042461,-1527.90948832
55,27.5,478,-2.798158783781e-15,9.041400200333e-14,-9.920627368245e-15,13326.70361351,6.958094726648,-1510.308823344
55,27.5,479,-2.795520795436e-15,9.082879164217e-14,-9.014209257982e-15,13267.57895164,-3.528282968744,-1517.283071582
55,27.5,480,-2.479091805604e-15,9.066192217184e-14,-1.319872479459e-14,13403.58164616,1.229324958204,-1517.103570348
55,27.5,481,-2.808738589347e-15,9.0698785283e-14,-1.039281984698e-14,13513.42164278,-9.727620287018,-1512.066858692
55,27.5,482,-2.568836235666e-15,9.075882599067e-14,-2.200510204769e-15,13596.80913242,11.14026191198,-1517.984097145
55,27.5,483,-3.066085249708e-15,9.073902954312e-14,-7.991060001912e-15,13423.63530625,11.38710963318,-1520.471708761
55,27.5,484,-2.814057209548e-15,9.05514062177e-14,-4.320628248977e-15,13270.0910289,6.323789777375,-1509.561764359
55,27.5,485,-2.769438684897e-15,9.182023960601e-14,-7.071381188862e-15,13450.19119257,1.531085836655,-1535.518164458
55,27.5,486,-2.714060208806e-15,9.058077815166e-14,-8.896864174904e-15,12743.86325422,8.603294009847,-1509.537236939
55,27.5,487,-2.640289016505e-15,9.037403502752e-14,-9.046518357751e-15,13327.24860944,-12.76670954476,-1513.164469299
55,27.5,488,-2.582880371126e-15,8.894863054713e-14,2.621757778149e-15,13404.13014332,19.84427365726,-1489.034452625
55,27.5,489,-2.701186533457e-15,8.969285713848e-14,-3.163676137705e-15,13265.62212231,15.60799802588,-1504.565738103
55,27.5,490,-2.795970442105e-15,9.020520980632e-14,-1.026123259511e-14,13240.37383341,-5.118733961202,-1505.595759861
55,27.5,491,-2.346119485596e-15,9.046664245744e-14,-9.20571687707e-15,13671.00131177,-0.2513531161911,-1510.867827937
55,27.5,492,-2.689766951186e-15,9.096021146703e-14,-9.17813806318e-15,13388.21953898,4.068326686351,-1517.073602894
55,27.5,493,-2.774017208633e-15,8.98173857965e-14,-5.428071681492e-15,13567.90734062,23.1140464898,-1500.010954884
55,27.5,494,-2.59535835887e-15,9.104811646147e-14,-2.001753525701e-14,13744.89250792,-4.60427628146,-1522.002460178
55,27.5,495,-2.651191350676e-15,9.066178455032e-14,-1.734140993746e-14,13263.45260133,14.56067927315,-1512.02337223
55,27.5,496,-2.897485821058e-15,9.126690507968e-14,-8.22615298994e-15,13398.14674731,3.61386700174,-1525.731163131
55,27.5,497,-2.825612494013e-15,9.078120058218e-14,-4.220588173172e-15,13407.44726414,25.98508854313,-1517.444034395
55,27.5,498,-2.601317450028e-15,9.098994211624e-14,-9.296662837818e-15,12938.15799836,-12.73296684437,-1514.685842454
55,27.5,499,-2.700273796072e-15,9.091243780383e-14,-9.443856792416e-15,13478.44942195,15.744792675,-1517.379122393
55,27.5,500,-2.974941617906e-15,9.05514977765e-14,-5.237925045439e-15,13537.18909123,15.87433688067,-1513.807141185
55,27.5,501,-2.834047520883e-15,9.091850546756e-14,-8.646766241824e-15,13411.66460707,-2.631273649817,-1517.390815033
55,27.5,502,-2.588939119634e-15,9.080567919755e-14,-2.198134825553e-15,13296.594948,-16.55931481319,-1514.271160321
55,27.5,503,-2.608006712996e-15,9.06086668207e-14,-5.900519206808e-15,13442.33886457,-8.375512827073,-1509.865097551
55,27.5,504,-2.525315786707e-15,9.01804057049e-14,-8.668052901146e-15,13389.19086669,17.47084259003,-1508.913449802
55,27.5,505,-3.042480718615e-15,9.069249594099e-14,-8.481609578961e-15,13038.83119457,-7.460449780774,-1517.944957862
55,27.5,506,-2.501440854184e-15,9.089913046398e-14,-7.600148060685e-16,13342.21770085,-13.53690057532,-1519.792741273
55,27.5,507,-3.073532454422e-15,9.130627702444e-14,-3.964791820656e-15,13667.53342747,-7.984285235232,-1528.582247342
55,27.5,508,-2.847709909148e-15,9.078186761159e-14,-1.207496716645e-14,13263.15941552,-27.78026116288,-1519.498190399
55,27.5,509,-2.942372957163e-15,9.069627940956e-14,-1.038710453028e-14,13463.7702282,-9.098763239992,-1512.5740787
55,27.5,510,-2.79852512308e-15,9.059146888539e-14,-1.063276085429e-14,13371.65645238,-7.127828150712,-1513.274884853
55,27.5,511,-2.59097672576e-15,9.028515671244e-14,-9.518403054537e-15,13180.34230107,-15.19391587765,-1512.477497567
55,27.5,512,-2.825701040324e-15,9.054483273112e-14,-9.673247422552e-15,13224.22835036,14.72677981774,-1513.871877507
55,27.5,513,-2.867106887242e-15,9.164203201225e-14,1.370910970857e-15,13530.53680618,-7.773542195595,-1527.358292462
55,27.5,514,-2.86991654341e-15,9.044110410285e-14,-2.970594957643e-15,13240.12347092,8.069612663166,-1513.087459807
55,27.5,515,-2.751432833523e-15,9.122140527135e-14,-6.759004880051e-15,13441.62134135,-1.994829106817,-1521.87830152
55,27.5,516,-2.84133592138e-15,9.070459872501e-14,-9.229642832315e-15,13347.2089188,7.603643788233,-1508.9819195
55,27.5,517,-2.921305838465e-15,9.100080491047e-14,-1.025854169396e-14,13217.23602097,4.580222420702,-1520.909635521
55,27.5,518,-2.732090625124e-15,9.052298766741e-14,-1.064483472616e-14,13081.15472045,-5.630123894181,-1517.8340237
55,27.5,519,-2.889214318231e-15,9.066868836162e-14,-1.746307744756e-14,13494.01723421,1.07889045414,-1517.355320759
55,27.5,520,-2.848114287602e-15,9.143910584444e-14,-9.278862189344e-15,13164.1607699,-15.52658952007,-1522.038608215
55,27.5,521,-2.864059490678e-15,9.027638762703e-14,-6.696512131144e-15,13575.62891029,28.33907953729,-1504.422379807
55,27.5,522,-2.662563286245e-15,9.006755679443e-14,3.952701812941e-15,13326.23537908,2.008253162286,-1508.429174024
55,27.5,523,-2.669757745281e-15,9.072184531571e-14,-3.536648459733e-15,13798.91195626,6.640779424989,-1515.268509125
55,27.5,524,-3.095976536861e-15,9.117378006141e-14,-5.633453017762e-15,13106.12580862,-0.9445374815576,-1517.756497648
55,27.5,525,-2.838881417639e-15,9.043223556246e-14,-7.21106780317e-15,13389.88214224,-3.741595658291,-1510.000965475
55,27.5,526,-2.752913618981e-15,9.21205652942e-14,-2.821448545416e-15,12945.93972503,-7.710675828719,-1535.546009576
55,27.5,527,-2.86050885144e-15,9.028711978059e-14,-7.869350256597e-15,13388.02220187,-24.57226430644,-1506.530963396
55,27.5,528,-2.462478561901e-15,9.001256775687e-14,-8.952223342815e-15,13415.42815972,-8.150765007879,-1500.039902774
55,27.5,529,-2.523106824321e-15,8.965972806091e-14,-5.552762314802e-15,13302.51515054,0.6408625808233,-1496.023234965
55,27.5,530,-2.448084930436e-15,9.017673724803e-14,-1.336680433124e-14,13577.56673957,3.775930349931,-1508.113532646
55,27.5,531,-2.500702690481e-15,8.933195990511e-14,-8.017358504321e-17,13451.64973015,49.58513951368,-1493.640661319
55,27.5,532,-2.887480639325e-15,9.012481517409e-14,-1.06890234407e-14,12775.45335134,-9.128637666466,-1506.654969618
55,27.5,533,-2.361489331372e-15,9.127539807961e-14,-1.509900830246e-14,14017.3377958,-0.08023210184525,-1525.847218523
55,27.5,534,-2.764344507157e-15,9.161994799961e-14,-1.625906143979e-14,13381.68797648,3.587813973237,-1527.826574188
55,27.5,535,-2.736763021145e-15,9.026695368701e-14,-8.934136210549e-15,13429.99012357,-0.6088652894613,-1508.749763242
55,27.5,536,-2.808746070327e-15,9.067736604643e-14,-5.301266977754e-15,13619.10814707,6.932831700992,-1517.832071854
55,27.5,537,-2.82177346099e-15,9.077703711859e-14,-9.694711865228e-15,13849.36458503,-24.09611208955,-1517.82190277
55,27.5,538,-2.76381720791e-15,9.122455441298e-14,-2.739809895716e-15,13216.63189926,6.771171661492,-1525.104275217
55,27.5,539,-2.838396264219e-15,9.163132033953e-14,-3.431789047955e-15,13482.02248085,20.97954927181,-1530.642508856
55,27.5,540,-2.677594536164e-15,9.122468276458e-14,-6.616547077486e-15,13143.54133648,-28.78664682827,-1518.337892384
55,27.5,541,-2.826131677738e-15,9.017565051845e-14,-2.750614568105e-15,13558.52695511,-8.559721851559,-1505.097092179
55,27.5,542,-2.699574733182e-15,9.039138888265e-14,-1.331457844422e-14,13800.11620385,-22.90490592084,-1511.667425529
55,27.5,543,-2.702224935139e-15,9.069826214893e-14,-1.278082941783e-14,12970.62455805,9.611732882531,-1513.198812954
55,27.5,544,-2.758594509767e-15,9.052576990993e-14,-4.519828890914e-15,13232.85491316,-22.0492280177,-1512.851917087
55,27.5,545,-2.850944053983e-15,9.099985112327e-14,-2.917271756036e-15,13141.40414674,23.02260579247,-1518.402070355
55,27.5,546,-2.301709697682e-15,8.890089709187e-14,-1.240469254767e-14,13385.20546623,-8.997966138697,-1484.017246886
55,27.5,547,-2.929466522158e-15,9.059028700031e-14,-1.447885153003e-14,13447.30522423,8.279299126087,-1514.507871384
55,27.5,548,-2.589450229304e-15,9.072761239801e-14,-8.520524945089e-15,13089.19144447,0.7465464179361,-1513.321787325
55,27.5,549,-2.792423507728e-15,9.034977111305e-14,-8.21410779923e-15,13070.74527472,6.482593380321,-1506.398246275
55,27.5,550,-2.751197329336e-15,9.033991098581e-14,-7.59413030264e-15,13196.33356448,-13.00264127183,-1503.160644118
55,27.5,551,-2.682859520116e-15,8.998473158643e-14,-5.027498262731e-15,13317.90589949,-6.263228620706,-1505.574990449
55,27.5,552,-2.852205381022e-15,8.986764026703e-14,-3.716761326587e-15,14016.5327559,-12.4241187076,-1504.710321556
55,27.5,553,-2.810525682659e-15,9.091970191604e-14,-1.276804901504e-14,13584.57625682,17.31694814913,-1514.999538668
55,27.5,554,-2.734819758451e-15,9.035111085286e-14,-8.065345314573e-15,13690.97454799,19.88039478016,-1508.974563479
55,27.5,555,-2.701874399653e-15,9.019682736103e-14,-1.305016882013e-14,13818.83238386,7.259843958404,-1510.269838809
55,27.5,556,-2.873812836044e-15,9.112838683759e-14,-5.724429877675e-15,13232.99361933,-26.25099799287,-1519.522582218
55,27.5,557,-2.460441034655e-15,8.999471711752e-14,-1.181307026417e-14,13751.47652694,-3.016650100461,-1504.911336308
55,27.5,558,-2.934346852005e-15,9.105379343453e-14,-1.624959159711e-14,13812.89820186,20.76954984212,-1521.793748094
55,27.5,559,-2.899962452292e-15,9.055879195617e-14,-8.988687706341e-15,13619.53052637,5.144482080779,-1517.386136606
55,27.5,560,-2.717260366003e-15,9.050041420221e-14,-1.169506304192e-14,13342.4832152,-12.68790938596,-1516.133476945
55,27.5,561,-2.730076711502e-15,9.087036667081e-14,-8.40208728582e-15,13500.41048985,-8.202623274468,-1511.020649608
55,27.5,562,-2.654711824415e-15,9.033088671022e-14,-1.004954675094e-14,13295.16686075,0.4450630919719,-1507.383156967
55,27.5,563,-2.770488476775e-15,9.020919136956e-14,-1.169869015252e-14,13422.48309677,22.77944209959,-1509.532241638
55,27.5,564,-2.953029976995e-15,9.04705561846e-14,-1.096758298652e-14,13578.75103064,12.86141000972,-1511.116457306
55,27.5,565,-2.412052305552e-15,9.064031039328e-14,-1.703804827475e-14,13183.99432118,9.864559208273,-1513.574368289
55,27.5,566,-3.026987438825e-15,9.177429522042e-14,-1.813384734166e-14,13190.02790789,-5.803615168933,-1532.04890088
55,27.5,567,-2.614634630294e-15,8.99334092422e-14,-4.835102860061e-15,13158.49194779,20.86202570118,-1503.514076969
55,27.5,568,-2.782074769087e-15,8.976140800059e-14,-1.216392563518e-14,13267.01718178,1.308871957809,-1501.638413381
55,27.5,569,-2.833975351264e-15,9.105204430782e-14,-2.386269773337e-15,12987.5367741,9.926584083882,-1514.159812528
55,27.5,570,-2.746652723483e-15,9.015594321243e-14,-9.191608988649e-15,13574.76642279,6.15286207281,-1502.978289219
55,27.5,571,-2.80616986105e-15,9.064290574987e-14,-4.084869097341e-15,13254.74931225,2.040557600621,-1510.755463023
55,27.5,572,-3.144242509789e-15,9.035542329197e-14,-1.085151038501e-14,13324.96236406,7.476766804616,-1506.680392264
55,27.5,573,-2.816148327116e-15,9.13898097355e-14,-8.394896195746e-15,13369.50457361,6.131103865037,-1524.385846641
55,27.5,574,-2.521636407476e-15,9.034482314837e-14,-9.7020717827e-15,12877.9942848,5.824860409333,-1509.608541591
55,27.5,575,-2.909852696404e-15,9.069087113647e-14,-9.135268773871e-15,13283.97347054,-4.064053038732,-1517.203104046
55,27.5,576,-2.629398308918e-15,8.950613514133e-14,-9.223169264031e-15,13303.29679145,18.82380759377,-1497.49384618
55,27.5,577,-2.856195793344e-15,9.004095759928e-14,-8.907261082661e-15,12988.40155009,-15.92843506579,-1504.136911512
55,27.5,578,-2.791082394347e-15,9.083386496634e-14,-5.704592822788e-15,13495.47732148,-0.1134718161557,-1514.634093199
55,27.5,579,-2.818421522154e-15,9.02392873173e-14,-2.115730183272e-14,14066.71146229,-12.85204176176,-1507.777708488
55,27.5,580,-2.496335724145e-15,9.053650359216e-14,-2.838531062272e-15,12607.6442848,-9.490236116143,-1509.58199542
55,27.5,581,-2.703302361499e-15,9.125305347078e-14,-8.32479964739e-15,12752.5232355,-1.627641995186,-1529.952582849
55,27.5,582,-2.717979307671e-15,9.003458584169e-14,-5.194265775745e-15,13183.14951607,25.782522656,-1504.933240917
55,27.5,583,-2.983301268119e-15,9.05617242066e-14,-1.653712747282e-14,13704.15043735,12.16526973057,-1514.207209796
55,27.5,584,-2.479883101643e-15,9.069406375771e-14,-1.340825644976e-14,13216.22096241,23.68211564304,-1513.051408532
55,27.5,585,-2.687761192268e-15,9.188151062367e-14,-4.066293211828e-15,13241.22732347,10.87197216231,-1529.93207065
55,27.5,586,-3.038339141212e-15,9.093387790428e-14,-1.894453201984e-14,13760.26963545,17.47215103696,-1517.94320863
55,27.5,587,-2.991104849458e-15,9.028203659288e-14,-1.458852724688e-14,13483.58260104,-11.48955999091,-1509.371300691
55,27.5,588,-2.89455913039e-15,8.975041869218e-14,3.181856534615e-15,13524.83477395,0.2992066303978,-1501.820095136
55,27.5,589,-2.706725736458e-15,9.112424379892e-14,-1.362664923558e-15,13157.73272349,5.991471259866,-1522.245479883
55,27.5,590,-2.735200824438e-15,9.081683839284e-14,-1.283871739747e-14,13349.13733772,11.39064166315,-1515.128935053
55,27.5,591,-2.587700733085e-15,9.04904557395e-14,-2.18373287492e-14,13595.15550174,-13.01046316709,-1509.372979896
55,27.5,592,-2.790200526064e-15,9.049411912503e-14,-6.056553311665e-16,13187.91443334,11.38394239785,-1514.152971781
55,27.5,593,-2.271816625394e-15,9.090451632701e-14,-1.113322778169e-14,13528.36612767,9.83077602683,-1517.284265565
55,27.5,594,-2.771166949304e-15,9.119872581412e-14,-9.381056044043e-15,13660.67982575,-25.59913317763,-1525.783183619
55,27.5,595,-2.589659222779e-15,9.109284910707e-14,-5.579955670952e-15,13231.19502145,-2.753818786671,-1521.284111294
55,27.5,596,-3.096892773628e-15,9.018891685656e-14,-9.801495565464e-15,13317.36355934,5.009590455118,-1506.063310916
55,27.5,597,-2.980175597125e-15,9.088749337209e-14,-1.45725490357e-14,13161.82545107,-23.31296550426,-1514.327614361
55,27.5,598,-2.756518407945e-15,9.111986115041e-14,-8.467455250457e-15,14083.9372223,-4.329552364126,-1519.429828908
55,27.5,599,-2.924732040416e-15,9.068684673444e-14,-9.947371321492e-15,13102.39564729,-6.308909831942,-1510.651652335
55,27.5,600,-2.803932131566e-15,9.046322846048e-14,-1.452238907829e-14,13081.2814858,-7.596922872965,-1513.501418563
55,27.5,601,-2.667805472959e-15,9.047839973477e-14,-1.576789894438e-15,13498.37535328,-11.26414021409,-1509.48696035
55,27.5,602,-2.654137967102e-15,9.087152823236e-14,-1.005520545411e-14,13170.52802405,0.2443227746204,-1519.715329308
55,27.5,603,-2.837166130432e-15,9.126267587525e-14,3.57696275715e-15,13335.5364052,6.126301132667,-1522.093917867
55,27.5,604,-2.784708825975e-15,9.088934517942e-14,-9.060503838101e-15,13307.90733835,3.201806029567,-1519.256117439
55,27.5,605,-2.830389480424e-15,9.107836384854e-14,-1.47805296962e-14,13423.4115332,-2.140362560236,-1524.226961364
55,27.5,606,-2.82008651158e-15,9.031502360479e-14,1.216401927817e-15,13214.67955661,-15.67830552379,-1510.06550782
55,27.5,607,-2.61846138764e-15,8.953594335195e-14,-1.225815066095e-14,13022.39541577,15.8170011563,-1498.753085495
55,27.5,608,-2.696213426467e-15,9.135995836572e-14,-1.917150670021e-14,13437.64198999,6.139939254196,-1522.313463352
55,27.5,609,-2.727407448714e-15,9.185696942505e-14,-1.300804154513e-14,13500.49130016,-1.018663558304,-1529.416526871
55,27.5,610,-2.667104219069e-15,9.055620116589e-14,-7.265811570184e-15,13536.00257382,20.15132881784,-1512.793603067
55,27.5,611,-2.811742761052e-15,9.037159944495e-14,-1.361179024967e-14,13351.96121221,-3.401983289674,-1509.923110403
55,27.5,612,-2.830441614804e-15,9.004358168053e-14,-9.921905334298e-15,13787.22040049,-7.165332587586,-1504.820944252
55,27.5,613,-2.813845050843e-15,9.115025486699e-14,-1.847353439292e-14,13514.44530162,-2.88069003604,-1520.497627431
55,27.5,614,-2.867795947612e-15,9.117729757233e-14,-8.686840505394e-15,13375.82355432,-12.65842014247,-1521.439766912
55,27.5,615,-2.754253647777e-15,9.039612511557e-14,-7.253595874245e-15,13377.73881276,-10.0686868262,-1510.807257291
55,27.5,616,-2.598406865335e-15,9.034521197519e-14,-1.150994298041e-14,13645.71542839,-5.869971950016,-1509.852020324
55,27.5,617,-2.809388978457e-15,9.047926494835e-14,8.606568130363e-16,13452.13404537,-8.885197240604,-1508.747488267
55,27.5,618,-2.750976283818e-15,9.015297061045e-14,-5.9063213485e-15,13361.00941691,3.521095394609,-1503.1445513
55,27.5,619,-2.80428667246e-15,9.04789994261e-14,-8.954255917142e-15,13289.96607059,8.306694418625,-1510.689700066
55,27.5,620,-2.951192677918e-15,9.110859527881e-14,-5.938447269285e-15,13424.49905208,0.2838936332074,-1525.820811431
55,27.5,621,-3.064883753155e-15,9.140319047638e-14,-1.306978497384e-14,13271.02101809,-3.16249038236,-1527.613543107
55,27.5,622,-2.586866080451e-15,9.003469018627e-14,-1.035684485323e-14,13006.29951538,13.16133113674,-1507.103711675
55,27.5,623,-2.629280373974e-15,9.09286121983e-14,-1.103181861005e-14,13412.18249093,1.478199075809,-1523.186098683
55,27.5,624,-2.913320094843e-15,9.007959012225e-14,3.936721963966e-15,13499.91774387,12.51688245395,-1506.841885548
55,27.5,625,-2.850208199036e-15,9.083947052039e-14,-1.446104313227e-15,13754.40979459,-17.47832479655,-1513.422118021
55,27.5,626,-2.588514853017e-15,8.982561252002e-14,-6.270779894518e-15,13631.81424257,-15.44941328559,-1505.023698509
55,27.5,627,-2.727245474043e-15,9.094046400857e-14,1.092985219376e-15,13557.43279341,18.00621310106,-1511.438401351
55,27.5,628,-2.66628075345e-15,9.092361169498e-14,-1.119569364465e-14,13353.55868889,-10.49726279698,-1518.35241842
55,27.5,629,-3.063052192349e-15,8.988297576638e-14,-1.670076732474e-15,13749.37948362,-3.95553779797,-1506.682633226
55,27.5,630,-2.889560409241e-15,8.984975491241e-14,-5.0381549107e-15,13228.67879748,-20.64361803435,-1505.133366534
55,27.5,631,-2.63341403335e-15,8.96534017976e-14,-1.297683564607e-14,13241.3868186,16.93630030104,-1499.857056695
55,27.5,632,-2.875253414013e-15,9.093544187819e-14,-1.060998037669e-14,13746.10609173,1.938765752735,-1519.317394363
55,27.5,633,-2.763193851714e-15,9.138374715547e-14,-1.985324498615e-15,13179.25172398,0.84742375953,-1523.088464959
55,27.5,634,-2.684391397494e-15,8.928160189848e-14,-5.491406097116e-15,13460.77240603,-4.649045804234,-1491.247582935
55,27.5,635,-2.87605492673e-15,9.165424411606e-14,-8.727316830931e-15,13162.88972068,10.3931606331,-1531.857063628
55,27.5,636,-2.901661617374e-15,9.014644321162e-14,-5.286777056167e-15,13455.01230371,1.242576153063,-1508.178076578
55,27.5,637,-2.798058339743e-15,9.124210277985e-14,-9.748940884709e-15,13233.87897157,-33.3406651338,-1527.937488175
55,27.5,638,-2.743749765397e-15,9.098628616929e-14,1.763738179528e-15,13293.92246046,12.82071147859,-1517.769548963
55,27.5,639,-2.629593988661e-15,9.017354620484e-14,-8.419082168373e-15,13082.65125322,5.503772333882,-1505.352019773
55,27.5,640,-2.489681136993e-15,9.064330788437e-14,-1.093975594264e-15,13860.2436084,-2.398074594212,-1511.142140024
55,27.5,641,-2.642213532357e-15,8.948144349995e-14,-6.905432737286e-15,13178.64730116,13.12923235101,-1495.384480848
55,27.5,642,-2.748302369371e-15,9.005779430761e-14,-1.140572554468e-14,13025.09138508,17.12745628464,-1508.473118809
55,27.5,643,-2.682871816443e-15,9.114255615052e-14,-9.455725018436e-15,13369.10346338,-8.104654566345,-1520.626093406
55,27.5,644,-3.053344156806e-15,9.08601852163e-14,-4.883239446622e-15,13401.98805896,-9.089918487871,-1517.857813543
55,27.5,645,-2.72037256232e-15,9.023216795309e-14,-1.353376705607e-15,12979.50968854,-0.7542118806485,-1509.194775614
55,27.5,646,-2.905197733329e-15,9.096224558928e-14,-6.751046924785e-15,13600.48081995,9.620274123866,-1524.556805237
55,27.5,647,-2.491029503265e-15,8.952498977397e-14,-8.997226045948e-15,13355.51405321,19.43737763084,-1496.19595707
55,27.5,648,-2.650294923112e-15,9.038189279836e-14,-7.217669418753e-15,13940.9006262,19.49357733964,-1507.621258638
55,27.5,649,-2.790498764781e-15,9.060019388732e-14,1.922371294634e-15,13317.35739671,13.14318909085,-1514.401941743
55,27.5,650,-2.895897830324e-15,9.056479105512e-14,-6.318186835432e-16,13600.43694576,10.87320602739,-1511.132155292
55,27.5,651,-2.720111320949e-15,9.035670295734e-14,-5.926059903836e-15,13838.66174746,16.92114253469,-1508.940950458
55,27.5,652,-2.856231529663e-15,9.055600541374e-14,-1.143315351741e-14,13314.3665063,-12.31546134304,-1513.347397067
55,27.5,653,-2.56625564623e-15,9.00062392741e-14,-1.704484436681e-14,13356.52907046,16.21068625514,-1507.079996347
55,27.5,654,-2.843674089663e-15,9.051875358365e-14,-1.185060188122e-14,13449.73068927,7.947951530021,-1514.940066937
55,27.5,655,-2.76307595697e-15,9.06347924808e-14,-1.23282959978e-14,13444.91327183,3.07807775575,-1515.658442235
55,27.5,656,-2.853181834544e-15,9.064273170709e-14,-5.459847218222e-15,13357.66239577,29.20718346679,-1515.542446327
55,27.5,657,-2.777483903485e-15,9.099604339064e-14,-1.05364816635e-14,13256.45907913,-20.77560706839,-1525.41129353
55,27.5,658,-2.920710132522e-15,9.014631526418e-14,-1.240107536305e-14,12467.29861719,-7.94356937265,-1509.205548382
55,27.5,659,-2.69319506541e-15,9.129445553567e-14,-4.517582990325e-15,13493.71644664,4.557770078311,-1524.51144934
55,27.5,660,-2.679076842973e-15,9.109945966642e-14,-7.888891953686e-15,13857.088917,-20.53925010711,-1521.831167937
55,27.5,661,-2.674083088147e-15,9.059616594666e-14,-1.552739097957e-14,13535.90242207,-5.509061030155,-1517.446124094
55,27.5,662,-2.763666898144e-15,9.035474553243e-14,-1.249550356413e-14,13416.93265147,-3.73850143273,-1512.872426933
55,27.5,663,-2.616447300938e-15,9.128847250526e-14,-7.23536254273e-15,13242.87144501,-6.165156546613,-1523.046791501
55,27.5,664,-2.693769254812e-15,9.009303702658e-14,-1.593406644277e-14,13823.16634416,28.36137746955,-1506.059020401
55,27.5,665,-2.350103809601e-15,9.139686756574e-14,-1.884132020855e-14,13199.61078816,2.449360099017,-1520.529244031
55,27.5,666,-2.597136498648e-15,9.009059602092e-14,-3.674244290265e-15,13248.00244611,-10.63729928541,-1508.390515519
55,27.5,667,-2.402999050469e-15,9.000646108735e-14,-5.417245233495e-15,12967.8268208,15.11386704326,-1505.682525733
55,27.5,668,-2.851339988027e-15,8.965532228549e-14,-1.552952590991e-14,13406.00332333,12.04056398786,-1501.949560984
55,27.5,669,-2.22463155588e-15,9.124460496628e-14,-1.435482121755e-15,13056.39349535,16.25919633407,-1520.196606204
55,27.5,670,-2.707263849681e-15,8.978996171225e-14,-9.293962978961e-15,12915.38178037,1.00733295774,-1504.003711231
55,27.5,671,-2.388223559146e-15,9.094557415795e-14,-9.449538136457e-15,13310.36342502,10.41633663956,-1518.284232266
55,27.5,672,-2.673320614058e-15,9.120381354962e-14,-1.025707650284e-14,13444.77563767,1.392486175944,-1519.517751196
55,27.5,673,-2.947491999418e-15,9.021796199437e-14,4.049223528922e-15,13033.64485345,11.79755556845,-1507.922462907
55,27.5,674,-2.584531352787e-15,8.911680087409e-14,-8.883369893664e-15,13323.60312897,11.93393833979,-1492.990866954
55,27.5,675,-2.962142798273e-15,9.064657607813e-14,-6.446472928082e-15,12915.91008651,-1.848443686276,-1516.988835261
55,27.5,676,-2.704158233285e-15,8.938672961057e-14,-8.707327059923e-15,13833.48298197,18.86283364111,-1497.925185702
55,27.5,677,-2.773752089332e-15,9.055230188957e-14,-2.287234944098e-15,13523.32606467,8.670619952412,-1510.223618745
55,27.5,678,-2.784420430531e-15,9.083615967995e-14,-6.856778211813e-15,13608.62150583,-22.67553960426,-1513.607524305
55,27.5,679,-2.556877957143e-15,9.095394652266e-14,-2.01742634069e-14,13034.22368367,-7.997091293807,-1514.463496002
55,27.5,680,-3.180587256172e-15,8.992390211846e-14,-8.436975454094e-15,12970.6992637,5.78734212828,-1506.199916879
55,27.5,681,-2.463963198952e-15,9.003891566215e-14,-1.050386006398e-14,13324.561662,10.26011428058,-1503.302835326
55,27.5,682,-2.716711944015e-15,9.020261408642e-14,-1.320013404233e-14,13135.89991144,-18.97715511333,-1507.78707241
55,27.5,683,-2.548191189547e-15,9.131017084693e-14,-1.171688060517e-14,13381.69486388,-9.188222859401,-1522.97719338
55,27.5,684,-2.502635695385e-15,9.012567073169e-14,-1.390731650101e-14,13252.49815867,11.62696196363,-1506.723821801
55,27.5,685,-2.881927644785e-15,9.059444898561e-14,-9.389214435936e-15,13336.50806551,-6.122685601468,-1510.279940137
55,27.5,686,-2.579684969354e-15,9.058869435241e-14,-5.398607121757e-15,13212.91589343,17.62946097503,-1515.102220391
55,27.5,687,-2.619001386953e-15,9.036785751282e-14,-1.983271245243e-14,14006.24570406,-3.00769170615,-1511.594931982
55,27.5,688,-2.505782932119e-15,9.068652534761e-14,-4.467888708663e-15,13560.50551255,8.638799880732,-1512.604493974
55,27.5,689,-2.631954143662e-15,9.006137449038e-14,-2.319578426696e-15,13306.08370749,4.070672935264,-1504.701384087
55,27.5,690,-2.583945210247e-15,9.110340457544e-14,-1.644609702128e-14,13443.94334939,-11.77504281801,-1526.350238939
55,27.5,691,-2.782902789615e-15,9.112374026994e-14,-6.755580929897e-15,13097.84568631,9.522440452202,-1521.847743427
55,27.5,692,-2.986087293997e-15,9.064100172983e-14,-3.865217345494e-17,13694.91146422,-2.366171839326,-1511.859281226
55,27.5,693,-2.885962336634e-15,9.03386101812e-14,-1.996534052972e-14,13018.66003211,-2.895255891348,-1507.706816201
55,27.5,694,-2.602286492316e-15,8.975657480692e-14,-9.278497541602e-16,13434.40640628,3.313335095695,-1500.277109235
55,27.5,695,-2.656970662367e-15,9.057051192255e-14,-1.399861996734e-14,13504.98812236,-0.04282301730047,-1513.180519045
55,27.5,696,-2.950842315817e-15,9.155577701413e-14,-7.496354348839e-15,13024.84476076,-7.002022265536,-1532.287318547
55,27.5,697,-2.921565331632e-15,9.178715239579e-14,-7.846800075918e-15,13303.31434913,4.913201572238,-1530.517302908
55,27.5,698,-2.83198551501e-15,9.087503196276e-14,-7.363969414505e-15,12873.89865171,-1.178609160995,-1518.886569558
55,27.5,699,-2.648647397852e-15,9.110551057845e-14,-7.492489036511e-15,12974.8199041,24.17025814617,-1518.261295041
55,27.5,700,-3.118273762099e-15,9.061537505718e-14,-7.598389736876e-15,13504.89094318,-0.4048522001447,-1514.852859107
55,27.5,701,-2.971436504225e-15,9.005722019865e-14,-6.384281371248e-15,13236.52685787,13.48582028542,-1504.758738577
55,27.5,702,-2.7641671165e-15,8.952508072372e-14,-5.589090524925e-15,14038.92842098,-16.05987392759,-1497.970333227
55,27.5,703,-2.858703247699e-15,9.002812933466e-14,-3.559631879309e-15,13522.55154217,25.64580177862,-1506.23579057
55,27.5,704,-2.854905715955e-15,9.135751051754e-14,-6.257303603356e-15,13346.54728095,2.730889786361,-1523.505245633
55,27.5,705,-3.000543884638e-15,9.051306302141e-14,-1.032211434798e-14,13791.57843802,0.3312405527583,-1512.413620812
55,27.5,706,-2.902285477543e-15,9.105426731628e-14,-6.851843545343e-15,13233.50493143,0.4941479765247,-1521.439536486
55,27.5,707,-2.584078467521e-15,9.129420333942e-14,-4.791982439106e-15,13399.9507703,-2.878083085358,-1524.740035105
55,27.5,708,-2.57952569636e-15,9.013035112618e-14,-1.231379064331e-14,13190.81887854,-8.435317689684,-1510.063121056
55,27.5,709,-2.417677670011e-15,9.091129260362e-14,-6.040903041473e-15,13288.37144219,-15.4886321939,-1521.334477444
55,27.5,710,-2.774207131063e-15,8.991534336208e-14,-6.258593041017e-15,13578.30517483,-15.20528730378,-1498.205778489
55,27.5,711,-2.813622812668e-15,9.054398635103e-14,-9.676367986643e-15,13754.53999856,4.639011314251,-1510.394563187
55,27.5,712,-2.585994719494e-15,9.022241554792e-14,-1.193387787022e-14,13093.94356261,-16.41693573641,-1507.490756977
55,27.5,713,-2.982055059181e-15,9.061113520371e-14,-6.593622957484e-15,13337.8567983,-5.449681191476,-1517.54230514
55,27.5,714,-2.513858415247e-15,9.064969268092e-14,-9.134823430731e-15,12794.90169416,-4.844196824476,-1517.107617353
55,27.5,715,-2.81877486169e-15,9.074382375414e-14,-1.091973436022e-14,13195.28045277,12.46879795439,-1520.930652982
55,27.5,716,-2.688401199981e-15,9.112441669407e-14,-8.845553271512e-15,13118.66711969,-7.395215485665,-1518.515534435
55,27.5,717,-2.679707995709e-15,9.115294422321e-14,-8.105485267634e-15,13195.93317208,-25.70274496406,-1519.612074867
55,27.5,718,-2.762357173392e-15,8.904927060827e-14,-5.370013465663e-15,12635.96634199,-12.81577746856,-1487.432351364
55,27.5,719,-2.657373469879e-15,8.986614810315e-14,-6.13612358997e-15,13168.32968359,-1.580070303917,-1505.795504696
55,27.5,720,-2.898134399715e-15,9.112249703984e-14,-1.150945841529e-14,13553.24297147,15.00269699627,-1524.285436843
55,27.5,721,-2.862257085564e-15,9.075751003769e-14,-1.900709015173e-15,13267.46216101,-36.2591528552,-1516.374590097
55,27.5,722,-2.921281867387e-15,9.035076150133e-14,-1.490345603681e-14,13685.50546767,6.697395333811,-1508.675697703
55,27.5,723,-2.68664978367e-15,9.08584344456e-14,-1.876519658345e-14,13396.33327929,-8.08506332893,-1521.950985626
55,27.5,724,-2.531706388168e-15,9.061601442818e-14,-1.214362118836e-14,13354.57319679,-26.6291337897,-1508.106680095
55,27.5,725,-2.465737664079e-15,9.022827600854e-14,-7.268701052652e-15,13258.2899331,18.99391072293,-1503.164954043
55,27.5,726,-2.887344703518e-15,9.095851482186e-14,-4.069161754419e-15,13279.87942811,5.985707396363,-1519.46567308
55,27.5,727,-2.777075898785e-15,9.148342650656e-14,-1.772657557977e-14,13444.70134183,2.472328864084,-1528.082814897
55,27.5,728,-2.642857742795e-15,9.053156909715e-14,-5.899124226764e-15,13257.24303568,31.46902163674,-1515.900454898
55,27.5,729,-2.494211212177e-15,9.104932886486e-14,-3.649276112101e-15,12403.44182866,13.33219851896,-1519.476361488
55,27.5,730,-2.761849285254e-15,9.068467475838e-14,-4.679127186105e-15,13144.68769061,-4.47479556993,-1512.16894054
55,27.5,731,-2.594642731464e-15,9.125275760906e-14,-9.122066377105e-15,13702.02873989,5.838765674305,-1523.625088365
55,27.5,732,-2.741409628705e-15,9.118175702162e-14,-1.317045721384e-14,13118.90193919,-17.94007416363,-1520.067612175
55,27.5,733,-2.67806137546e-15,9.047494531931e-14,-6.007946055164e-15,13074.99129365,-2.64982990107,-1514.715471185
55,27.5,734,-2.573065030885e-15,8.99196501167e-14,-1.565336403247e-14,13194.9032835,14.92533575651,-1503.103922087
55,27.5,735,-2.682564024165e-15,9.060343653563e-14,-8.607545930439e-15,12824.08904578,-14.94370805184,-1515.885093972
55,27.5,736,-2.887349795299e-15,9.068606802996e-14,-4.585211431384e-15,13087.32785246,2.676384057662,-1521.029252814
55,27.5,737,-2.819493574505e-15,9.038353773053e-14,-2.353264177158e-14,13563.44268461,-3.496109076846,-1511.194717687
55,27.5,738,-2.679178162982e-15,9.037212681723e-14,-2.02865521418e-14,13312.70873484,0.9167211235975,-1507.325871265
55,27.5,739,-2.824137996808e-15,9.110708016632e-14,-7.621825049685e-15,13386.56705575,-5.074240439678,-1518.8500915
55,27.5,740,-2.639788537424e-15,9.040019402583e-14,-6.48587608434e-15,13420.99275263,2.117646594413,-1510.86010981
55,27.5,741,-2.891433467345e-15,9.006784382881e-14,-8.923711269892e-15,13578.13918699,-10.65117691733,-1503.52098035
55,27.5,742,-2.570828245148e-15,9.042299142681e-14,-1.021795331224e-14,13864.00563549,3.515617141295,-1508.281208238
55,27.5,743,-2.87048915052e-15,9.111503492545e-14,-9.749696371084e-15,13289.95540013,-5.022416916045,-1524.397586931
55,27.5,744,-3.069778916454e-15,9.126133139263e-14,-3.681483963279e-15,12816.14839613,23.58794254427,-1527.812993865
55,27.5,745,-2.719621106087e-15,9.037042894649e-14,-5.248431909853e-15,12951.92266552,-3.42988154358,-1511.923153591
55,27.5,746,-2.901232833606e-15,9.131674891947e-14,-1.030712025302e-14,13251.69120604,2.916603377947,-1525.837054796
55,27.5,747,-2.64475519365e-15,9.087915894802e-14,-8.588593538127e-15,12983.71312515,-4.959612639035,-1520.236152517
55,27.5,748,-2.781232756214e-15,9.027161731313e-14,-9.473756074554e-15,13248.19546546,3.25909751824,-1505.136163164
55,27.5,749,-3.101700555122e-15,9.027581069752e-14,-1.006186691438e-14,13238.94211539,5.111606000856,-1512.43758059
55,27.5,750,-2.658297669277e-15,9.115170539105e-14,-6.526533527661e-15,13588.53321243,-0.3111772381397,-1520.956604978
55,27.5,751,-2.850302715451e-15,9.075379348169e-14,-6.805956715462e-15,13371.71364333,2.424353321087,-1515.113761707
55,27.5,752,-2.748711862018e-15,9.000905837454e-14,-8.336701876145e-15,13761.85945312,-3.469430896646,-1506.124782224
55,27.5,753,-2.689915416346e-15,9.025620544972e-14,-3.467043964435e-15,13416.66609419,5.549122877298,-1509.798857069
55,27.5,754,-2.857026077952e-15,9.03532150248e-14,-1.382551900209e-14,13438.60408202,-27.28427895663,-1506.980984842
55,27.5,755,-2.848123191401e-15,9.14248309703e-14,-1.477018269034e-14,13027.91540774,-3.923071060461,-1525.388247594
55,27.5,756,-2.765745439506e-15,9.073595876198e-14,-7.232244685988e-15,13524.52495618,-4.740129172398,-1518.447587652
55,27.5,757,-2.833327070418e-15,9.046470398133e-14,-3.415722819386e-15,13553.6861227,12.21824829343,-1510.908810178
55,27.5,758,-2.774817171776e-15,9.130797404043e-14,-1.094205099573e-14,13435.6994677,1.154231734882,-1523.07910831
55,27.5,759,-2.641602195637e-15,9.030203288405e-14,-1.077966912666e-14,13528.18117809,-26.00349343261,-1510.41878297
55,27.5,760,-2.583741947141e-15,9.096970347394e-14,-1.318270096265e-14,13675.67842461,1.478089467954,-1523.723390709
55,27.5,761,-2.824069722914e-15,8.971951057562e-14,-1.75586182103e-14,13895.22728203,13.62730246268,-1502.456630671
55,27.5,762,-2.57031393783e-15,9.030006696778e-14,-2.587546762131e-15,13343.9082736,24.61465946079,-1509.853567184
55,27.5,763,-2.976689813275e-15,9.085974187928e-14,-1.288779931595e-14,13610.1662247,-9.087287272583,-1520.164233658
55,27.5,764,-2.776198163721e-15,9.058745633477e-14,-6.841564843743e-15,13977.96634148,15.369122822,-1512.731215098
55,27.5,765,-2.960231333928e-15,9.128823717333e-14,-6.602464257709e-15,13437.19376864,7.138426115401,-1521.006214116
55,27.5,766,-2.864255310719e-15,9.142021480803e-14,-1.377943556263e-14,13492.59216441,-17.47181399587,-1529.202382892
55,27.5,767,-2.563330179676e-15,9.042212834981e-14,-1.091762871809e-14,13324.52466789,-2.43651913635,-1510.596711619
55,27.5,768,-2.645879859011e-15,8.960881646954e-14,-1.110969246889e-14,13821.67276286,-14.1022628802,-1495.399192546
55,27.5,769,-2.836258457915e-15,9.07081001195e-14,-6.844301631585e-15,12836.5407432,-18.13806712151,-1519.612146485
55,27.5,770,-2.860248316709e-15,9.0465892116e-14,-9.839185958228e-15,13299.75881058,-13.32670515669,-1511.484728642
55,27.5,771,-2.766952181316e-15,9.175398979652e-14,-6.498934229689e-15,13721.32922087,-16.99526952367,-1525.181072468
55,27.5,772,-2.726053304475e-15,9.046874505585e-14,-2.320996929051e-15,13378.80063322,0.8486438628219,-1514.076258879
55,27.5,773,-3.054628546068e-15,9.106321482962e-14,-9.644773321372e-15,13652.9427889,11.15077465727,-1519.915580272
55,27.5,774,-2.769121234603e-15,9.099229059339e-14,-1.89999747908e-14,13811.36890693,17.7947283502,-1520.281002283
55,27.5,775,-2.811239695293e-15,9.096938224515e-14,-1.270722630629e-14,13268.09606046,-29.74915256609,-1517.569275865
55,27.5,776,-2.438624053294e-15,8.946914381922e-14,-8.852169383968e-15,13186.37049566,-9.16214868057,-1496.117341098
55,27.5,777,-2.62729191434e-15,9.070096758657e-14,-4.024827988352e-15,13517.80224484,19.08393932775,-1517.086197688
55,27.5,778,-3.028613330572e-15,9.116359252343e-14,-1.044879085689e-14,13253.44111366,11.9210395122,-1524.968056386
55,27.5,779,-2.84662880847e-15,9.068432099509e-14,-1.012547739403e-14,13703.67619307,5.430208361632,-1510.33270438
55,27.5,780,-2.751736414687e-15,9.092973786157e-14,-1.140247559857e-14,12808.41348805,5.850625842089,-1519.624271652
55,27.5,781,-2.561285902775e-15,9.152405663896e-14,-1.030134672314e-14,13708.07837281,0.4501374562058,-1525.434131064
55,27.5,782,-2.577148991954e-15,9.115466579209e-14,-3.571793802365e-15,13230.95619229,13.33094240622,-1523.843677094
55,27.5,783,-2.560363633636e-15,9.002262299205e-14,-1.258272634495e-14,13170.19515336,17.61020572655,-1497.917030028
55,27.5,784,-2.789158163038e-15,9.047313388776e-14,-6.969373432779e-15,13438.48869207,25.72200218016,-1510.829401489
55,27.5,785,-2.80248820063e-15,9.13469320119e-14,-8.32567276222e-15,13559.57106518,-2.877212903992,-1526.336446874
55,27.5,786,-2.765390956591e-15,9.040754888191e-14,-9.723152744232e-15,13264.08114645,19.01414460526,-1513.175730814
55,27.5,787,-2.654401903508e-15,9.046156220911e-14,-2.020522724394e-14,13635.09816678,-17.47853117554,-1510.771120094
55,27.5,788,-2.569801930927e-15,9.009757783822e-14,-6.850483708818e-15,12950.93341353,1.448927460582,-1504.569879667
55,27.5,789,-2.540114508387e-15,9.008442123838e-14,-1.09743925449e-14,13276.28573154,4.510984329523,-1511.505617961
55,27.5,790,-2.770225652468e-15,9.125174947315e-14,-2.908584703271e-15,13621.79884741,-19.14014678908,-1522.977841937
55,27.5,791,-2.672630107983e-15,9.037473458453e-14,-3.465797008416e-15,13151.14473574,-1.327821434483,-1513.158098304
55,27.5,792,-2.581423291156e-15,8.99500710879e-14,-1.276964883281e-14,13401.60966962,14.7896848577,-1506.749718191
55,27.5,793,-2.90642166532e-15,9.045114256145e-14,-9.531649192006e-15,13350.58537587,8.182330811275,-1510.098513211
55,27.5,794,-2.623035535986e-15,9.105558424863e-14,-1.215355768033e-14,13602.95693216,-19.65654102292,-1519.996063327
55,27.5,795,-3.033902095622e-15,9.142960431023e-14,-1.085501715545e-14,13629.01184262,8.839182877808,-1528.298549824
55,27.5,796,-2.777534329477e-15,9.128694001309e-14,-6.804250962244e-15,13242.42462152,14.33931999012,-1522.168920963
55,27.5,797,-2.565990643508e-15,9.108897643689e-14,-8.134643824447e-15,12933.53539267,14.13796024976,-1522.168818261
55,27.5,798,-2.665506200304e-15,9.023305728877e-14,-7.943380300977e-15,13398.14168777,6.912755766716,-1506.146535286
55,27.5,799,-2.870881249923e-15,9.091803073654e-14,-1.221481296971e-14,13300.36476499,-0.7269434804197,-1515.380248128
55,27.5,800,-2.61868499875e-15,9.168330765017e-14,-3.976788195187e-15,13477.00211324,0.892565834579,-1534.57618144
55,27.5,801,-2.583644281037e-15,9.089586585582e-14,-3.149356550375e-15,13853.55352808,16.84391167822,-1520.396343931
55,27.5,802,-2.856163038209e-15,8.988712042789e-14,-1.067149773899e-14,12974.34214915,-4.770056989469,-1505.294819017
55,27.5,803,-2.876018180261e-15,9.060574677056e-14,-4.857784098747e-15,13242.50387328,0.1602327780794,-1512.361229066
55,27.5,804,-2.750672796115e-15,9.03726003378e-14,-6.010979265375e-15,12609.87121038,7.715777754295,-1511.407486769
55,27.5,805,-2.788635112933e-15,9.076310610651e-14,-1.827315648836e-14,12718.449673,-16.5875366137,-1518.94021219
55,27.5,806,-2.72810550815e-15,9.084113777192e-14,1.022183997342e-15,13144.88649456,4.523719944296,-1522.210115581
55,27.5,807,-2.789920230978e-15,9.063753103103e-14,-1.326566593209e-14,13129.43047315,1.932427888576,-1515.538644454
55,27.5,808,-2.906840742038e-15,9.05048979228e-14,-9.624871288985e-15,13143.83351432,23.59509446341,-1509.279083563
55,27.5,809,-2.830404677082e-15,9.138622251411e-14,-7.530453804459e-15,13550.68429089,-16.25167458837,-1524.48910167
55,27.5,810,-2.534998403468e-15,8.946488790337e-14,-7.978627180335e-15,13224.81852046,14.33358324969,-1493.776121295
55,27.5,811,-2.817873527622e-15,9.040139879408e-14,-3.532894694841e-15,13341.98198623,1.236433394645,-1506.050310028
55,27.5,812,-2.682273664386e-15,9.048981932702e-14,-1.076649525848e-14,13336.56890866,20.20000746311,-1511.792388027
55,27.5,813,-2.788406242296e-15,9.030998943416e-14,-1.371225634874e-14,12760.2419608,-6.39207106199,-1514.872785215
55,27.5,814,-2.924287688575e-15,9.13436697255e-14,-1.107827764459e-14,14038.94367682,-17.37116459087,-1522.358611439
55,27.5,815,-2.749101584882e-15,9.081722367009e-14,-1.097277654179e-14,13205.68946032,0.04826005155313,-1518.625202192
55,27.5,816,-2.704132924994e-15,9.038445908923e-14,-4.813400082636e-15,13492.51256226,-9.277294611653,-1506.6326331
55,27.5,817,-2.943739722826e-15,9.132237954318e-14,-7.195083261055e-15,13393.24902925,-8.162199223884,-1526.889263628
55,27.5,818,-2.779345752943e-15,8.988745786096e-14,-1.105051707429e-14,13699.84972569,32.19666071379,-1502.649455194
55,27.5,819,-2.459147553463e-15,9.085631783517e-14,-6.519823195144e-16,13262.79504828,-35.06442828923,-1518.415840082
55,27.5,820,-2.707020081898e-15,9.037038150265e-14,-5.192268518332e-16,13435.86098032,-6.866672287862,-1509.204019686
55,27.5,821,-2.611883708112e-15,9.123692210281e-14,-9.079773168172e-15,12971.56529872,-10.48910767621,-1520.681096312
55,27.5,822,-2.890730626223e-15,9.094547795404e-14,-1.619992558947e-14,13890.58631319,-14.10967894533,-1523.358495724
55,27.5,823,-2.877398514946e-15,9.086865409119e-14,-7.208953731821e-15,12607.77427617,-5.711867020394,-1516.765947545
55,27.5,824,-2.895915675903e-15,9.118564405228e-14,-1.141167968053e-14,13232.36159829,-12.61127874201,-1522.108071949
55,27.5,825,-2.869047802276e-15,9.088893356451e-14,-7.908285862567e-15,13242.76524428,-3.736127614999,-1520.703069421
55,27.5,826,-2.87931164105e-15,9.069744711805e-14,-1.293850249428e-14,12957.17787239,-1.401328835218,-1510.487169136
55,27.5,827,-2.832246177109e-15,9.092964544506e-14,-1.582560610871e-14,13300.13263316,-16.82871753493,-1521.839670495
55,27.5,828,-2.895927145494e-15,9.103145222729e-14,-1.68084946903e-15,13830.24691733,-10.66044565049,-1519.599902281
55,27.5,829,-3.201864131323e-15,8.999652487879e-14,-8.70444643341e-15,13073.72426967,-22.92421254238,-1505.840490231
55,27.5,830,-2.828495160169e-15,9.015331918105e-14,-1.940940305449e-15,13631.14736344,-9.519652290166,-1501.887781833
55,27.5,831,-2.889314520196e-15,8.972207258577e-14,-5.048191659072e-15,13189.43090764,19.83619951837,-1504.882288222
55,27.5,832,-2.369156108217e-15,9.093651039042e-14,-9.766594728983e-15,13220.66505631,22.60444662805,-1517.057416099
55,27.5,833,-2.683091873781e-15,9.05896724066e-14,-4.80757694317e-15,12807.48045159,-9.997637369582,-1511.909031819
55,27.5,834,-2.967089427927e-15,9.129110789211e-14,-1.478038540316e-14,13263.97171831,-8.240641663012,-1527.591551572
55,27.5,835,-2.774259884616e-15,8.995307378274e-14,-6.168273461786e-15,13342.99083777,15.74331902776,-1503.2719516
55,27.5,836,-2.931653108908e-15,9.010665531094e-14,-1.194243003611e-14,13122.50602288,-13.41247847544,-1509.116824634
55,27.5,837,-2.962084223272e-15,9.116526879145e-14,-1.697902357019e-14,13319.15425302,-18.59063378539,-1525.99919113
55,27.5,838,-2.751412617867e-15,9.030296811459e-14,-1.527686652727e-14,13220.98495713,4.890662866436,-1510.02555438
55,27.5,839,-2.735015974069e-15,9.089130716802e-14,-9.017268925131e-15,13043.79028862,-6.922731428895,-1519.769383408
55,27.5,840,-2.384157902792e-15,9.045821767738e-14,-7.198448441831e-15,13772.98847408,5.04487192635,-1511.184924352
55,27.5,841,-2.844229902726e-15,9.059652860917e-14,-4.556259030817e-15,13395.56287959,3.265766599531,-1513.849381339
55,27.5,842,-2.856713012045e-15,9.005994392556e-14,-1.400805443594e-14,13646.93647109,-3.953523387751,-1503.324675576
55,27.5,843,-2.892409836311e-15,9.105203153049e-14,-1.008129091397e-14,13303.56413197,-20.97282090415,-1517.352836151
55,27.5,844,-2.421189739991e-15,8.935204777536e-14,1.606473848139e-17,13224.8234204,0.8063617774921,-1497.699208808
55,27.5,845,-3.28863441235e-15,9.27254064243e-14,-1.218269175057e-14,13108.24117751,-23.07910756353,-1548.647880141
55,27.5,846,-2.624061468379e-15,9.133835677842e-14,-1.385584961299e-14,13894.25821704,-2.976577879033,-1526.303561293
55,27.5,847,-2.57448140833e-15,9.159339765852e-14,8.252676916982e-15,13293.90691123,3.930186496349,-1527.147494071
55,27.5,848,-2.745294727432e-15,9.04798321438e-14,-3.852839651468e-15,13477.50258476,8.533126514614,-1512.28643301
55,27.5,849,-2.74277284511e-15,9.06279227216e-14,-1.71984383446e-15,13197.87855846,-12.68387503673,-1519.679624334
55,27.5,850,-2.444357079709e-15,8.927423363382e-14,-9.412140265862e-15,13564.82161251,17.18063503348,-1497.191570167
55,27.5,851,-2.476613384578e-15,9.043773331337e-14,-8.175433930336e-16,12988.1027675,15.29295265723,-1508.07471064
55,27.5,852,-2.633567264617e-15,9.004124087145e-14,-1.221935925819e-14,13366.33403348,9.908052834086,-1504.436074269
55,27.5,853,-2.495875521602e-15,8.955241112222e-14,-1.581596458879e-14,13189.24740311,15.17943748259,-1489.292784895
55,27.5,854,-2.672132218788e-15,9.035960673067e-14,-1.44128123257e-14,13847.3525512,-8.798912313453,-1509.06822918
55,27.5,855,-2.609641757177e-15,9.126268718853e-14,-6.424793576069e-15,13419.62497892,19.74593526091,-1521.660643717
55,27.5,856,-2.470241241161e-15,8.987319463914e-14,-1.08283273546e-14,13218.186812,7.273573674424,-1501.504214066
55,27.5,857,-2.977102953116e-15,9.145035389046e-14,2.239022492997e-15,13058.48495566,-2.197198549657,-1529.233453136
55,27.5,858,-2.490518067822e-15,9.070746546319e-14,-1.507427801778e-14,13513.5379807,15.24422986832,-1514.853370282
55,27.5,859,-2.792952547989e-15,9.013525785036e-14,-9.982106360773e-15,12827.3818637,-18.23528646505,-1504.589007362
55,27.5,860,-3.076145311475e-15,9.148665629039e-14,-1.259377097097e-14,13436.8489062,-7.489809899714,-1525.532214904
55,27.5,861,-2.350510105323e-15,9.011660523761e-14,-9.419501753229e-15,13486.15302629,4.445753770453,-1507.947103728
55,27.5,862,-2.85923186965e-15,9.051880270002e-14,-1.190472126416e-14,13474.62638916,8.051775225352,-1511.098903582
55,27.5,863,-2.735895690146e-15,9.057627338646e-14,3.016467057642e-15,13277.68557436,17.55639509859,-1517.485524783
55,27.5,864,-2.321467106728e-15,9.115620365024e-14,-7.341337194524e-15,13035.27341764,-5.409909057619,-1519.870611812
55,27.5,865,-2.830694240101e-15,9.011439005874e-14,-4.847162703452e-15,13483.52862594,16.98383288291,-1501.275631733
55,27.5,866,-2.875205376803e-15,9.074005918457e-14,-8.695777404583e-15,13214.09276974,7.161605369268,-1514.468274858
55,27.5,867,-2.996223899756e-15,9.00098448973e-14,3.989411921099e-16,13041.23847891,18.80013214332,-1504.904291142
55,27.5,868,-2.571797174377e-15,9.105963168725e-14,-1.752262617229e-15,13121.11624673,20.92036566064,-1523.992520289
55,27.5,869,-2.43282532752e-15,9.07296116195e-14,3.001615004446e-16,13399.13093667,-4.171187242387,-1513.570232
55,27.5,870,-2.610517345148e-15,8.981946397356e-14,-7.296151092995e-15,13332.71933833,-3.350327172962,-1504.784556474
55,27.5,871,-2.599131956559e-15,9.057243375211e-14,-5.70556704745e-15,13554.84172863,0.6031375831885,-1514.841259811
55,27.5,872,-2.773047376372e-15,9.053275866985e-14,-1.525700860593e-14,13498.85460928,-1.661733969608,-1510.17209228
55,27.5,873,-2.55610109819e-15,9.0905117843e-14,-9.324287594316e-15,12848.76062025,-1.92190007151,-1519.148267069
55,27.5,874,-3.061707447351e-15,9.031130008869e-14,-1.277607425101e-14,13557.90210289,-4.107196040304,-1503.141119247
55,27.5,875,-2.637252909236e-15,9.063338566287e-14,-1.364467074632e-14,13548.63163624,9.480357563951,-1511.670709103
55,27.5,876,-2.802005789057e-15,9.071250433709e-14,-1.165033977215e-14,13393.07322364,-17.38555239425,-1513.893310705
55,27.5,877,-2.887249426483e-15,9.055891181908e-14,-6.940308744043e-15,13236.17053723,21.65640452741,-1516.138558659
55,27.5,878,-2.740396932822e-15,9.065692078423e-14,-1.0878047873e-14,13882.79853967,-16.44980204227,-1515.988245492
55,27.5,879,-2.901823529523e-15,9.078627634835e-14,-9.69340912584e-15,13239.55768224,12.26763416109,-1516.505458188
55,27.5,880,-2.516884725525e-15,8.970199695997e-14,-1.531037494883e-14,12813.86532673,-26.97081601229,-1498.035197964
55,27.5,881,-2.359239292638e-15,9.042927154905e-14,-7.63086821724e-15,13535.71611577,1.164299700162,-1509.081764549
55,27.5,882,-2.880736535682e-15,9.001188564512e-14,-7.32847413616e-16,13187.61509433,-3.359185769135,-1506.575867429
55,27.5,883,-2.761111795108e-15,9.145161927694e-14,-6.582916838965e-15,13109.19513671,7.912786886975,-1530.042157251
55,27.5,884,-2.515365445785e-15,9.092025167432e-14,-1.396647786964e-14,13263.25655558,13.86232313433,-1518.439874144
55,27.5,885,-2.759661880525e-15,9.055160501165e-14,-1.028068475949e-14,13269.13841958,20.83256545702,-1511.976417623
55,27.5,886,-2.682340333152e-15,9.067432026585e-14,1.879597756499e-15,13564.00322776,13.4719195102,-1508.619684882
55,27.5,887,-2.85441113924e-15,9.063430274378e-14,-1.262070982514e-14,13034.19809186,10.93212235935,-1519.726530708
55,27.5,888,-2.796978332983e-15,9.050798363973e-14,2.846519378015e-15,13446.08454063,13.11702422131,-1511.237308605
55,27.5,889,-2.493893766867e-15,9.090912276727e-14,-1.572479178585e-15,13449.93631045,12.76494811323,-1513.241405713
55,27.5,890,-2.898142242721e-15,8.956734869053e-14,-1.87773493168e-16,13078.85325641,-19.71711404347,-1495.33637618
55,27.5,891,-2.803118972895e-15,9.146372965486e-14,-6.27953894859e-15,13220.80926326,5.081684683411,-1527.275674217
55,27.5,892,-3.061804985566e-15,9.01963642534e-14,-1.013004830305e-14,13197.06888341,-0.4284547917943,-1505.480792346
55,27.5,893,-2.688884399745e-15,9.024830504235e-14,-1.049077674484e-14,13133.61630637,-10.33628539909,-1507.821000089
55,27.5,894,-2.852359049796e-15,9.02323039756e-14,-8.073158080935e-15,13191.47180009,11.62172914065,-1504.586397413
55,27.5,895,-2.789591186721e-15,9.086016014356e-14,-1.135313748848e-14,13554.65991604,0.7973719118109,-1517.714602822
55,27.5,896,-2.69019470091e-15,9.089762779418e-14,-6.841543404781e-15,13230.4993007,0.5342186565646,-1518.547563439
55,27.5,897,-2.704446304775e-15,9.066414954803e-14,-1.765510209552e-14,13476.66787743,4.718972047227,-1516.175306922
55,27.5,898,-2.743763444729e-15,9.08352463084e-14,-2.32450264108e-15,13656.94207932,-5.080819305142,-1518.03094267
55,27.5,899,-2.909252014999e-15,9.075432181238e-14,-3.300511562797e-15,13138.07259837,-0.8805151717073,-1513.720363928
55,27.5,900,-2.756453356852e-15,9.056208308073e-14,7.624960383502e-16,12978.56428122,25.93886285066,-1514.131250524
55,27.5,901,-2.517335435807e-15,9.021604793021e-14,-1.670749826595e-14,13398.98803844,-34.71637682137,-1510.409670739
55,27.5,902,-2.658319193405e-15,9.091702303502e-14,-1.85190395653e-14,13325.14522837,9.635707054109,-1518.437784225
55,27.5,903,-2.733051887176e-15,9.024341741652e-14,-9.769199122656e-15,13420.5940505,-16.59831668271,-1507.501733186
55,27.5,904,-2.881166218487e-15,9.019420987579e-14,-9.518761198068e-15,13441.2848385,-4.648336511394,-1505.358911031
55,27.5,905,-2.515603258676e-15,9.077349420464e-14,-8.952833320825e-15,13068.21081661,17.35932495951,-1508.284414028
55,27.5,906,-2.604842291276e-15,9.054098137464e-14,-3.943304691276e-15,13315.71997698,-1.142365736788,-1515.508556352
55,27.5,907,-2.617782480827e-15,9.029530267145e-14,-1.605581623757e-16,13005.23404238,5.905009776757,-1509.411282901
55,27.5,908,-2.575776544477e-15,9.041511762762e-14,-8.761660277394e-15,13083.40525539,21.86968080575,-1506.993703545
55,27.5,909,-2.516723854419e-15,9.097617167221e-14,-1.515329744411e-14,13584.24609531,-15.6653933244,-1518.854422611
55,27.5,910,-2.662677226377e-15,9.094214989167e-14,-3.077458437882e-15,13572.52126426,3.525086518632,-1521.173012685
55,27.5,911,-2.912975718293e-15,9.113898039322e-14,-1.061670592149e-14,13464.32346063,13.65091448569,-1521.019896892
55,27.5,912,-2.779565666228e-15,9.101629123134e-14,-1.846595567887e-14,12954.89027522,33.03677362184,-1521.945069697
55,27.5,913,-2.81978378731e-15,9.018777414927e-14,-1.3449100614e-14,12990.28808737,14.55780067986,-1509.584244314
55,27.5,914,-2.790925674046e-15,9.121412475218e-14,-5.490824437782e-15,13209.57659157,9.208167180058,-1524.476639218
55,27.5,915,-2.529655371396e-15,9.039129682029e-14,-1.990925110138e-14,13728.15795685,-28.4117219584,-1507.244521635
55,27.5,916,-2.814638037069e-15,9.058827788201e-14,-1.066813560306e-14,13790.79786379,-13.04124493923,-1510.855580621
55,27.5,917,-2.591945408976e-15,8.983612705402e-14,5.173340579918e-15,13543.351537,-6.226841502219,-1502.28404453
55,27.5,918,-2.349655814966e-15,9.066480228895e-14,-5.947173896351e-15,12951.17320998,-8.244767404498,-1518.402891344
55,27.5,919,-2.535990885762e-15,8.901320422117e-14,-3.587728755908e-15,13230.16773121,33.37291234792,-1487.543306865
55,27.5,920,-2.96975242879e-15,9.023786294685e-14,3.3337790454e-16,13097.64727133,-8.216563416072,-1504.092238239
55,27.5,921,-2.721875009207e-15,9.114148784071e-14,-2.175321119239e-15,14286.28762359,-7.294735712672,-1523.411998579
55,27.5,922,-2.973111630229e-15,9.091254578971e-14,-2.213081885155e-14,13423.67918438,-26.33607942535,-1518.989923509
55,27.5,923,-2.754143942199e-15,9.044258167445e-14,-1.633125858327e-14,13289.80565042,-2.58480766038,-1514.933659665
55,27.5,924,-2.589526981839e-15,9.027888434441e-14,-1.344382143452e-14,13547.23346361,-8.441219224166,-1506.605186452
55,27.5,925,-2.890566479945e-15,9.036552358458e-14,-4.826297447105e-15,12986.55804376,19.40550389694,-1511.505677515
55,27.5,926,-2.624096134633e-15,9.053642798426e-14,-3.244060602718e-15,13006.81754226,9.292909988201,-1514.141215686
55,27.5,927,-3.196284701188e-15,9.078473133412e-14,-1.063196492968e-14,13779.52717391,-7.336201769337,-1520.713427263
55,27.5,928,-2.575247428753e-15,8.977262663003e-14,-1.283780513118e-14,13702.60621714,-4.231521590926,-1501.47374914
55,27.5,929,-2.949158592238e-15,8.988172988046e-14,-1.192544791317e-14,13614.40914924,5.086143145495,-1505.804226357
55,27.5,930,-2.947325173377e-15,9.056658042047e-14,-8.980086076061e-15,13396.41423098,-5.120524367103,-1516.66197149
55,27.5,931,-2.768473373658e-15,8.995749573168e-14,-2.516052385144e-15,13130.09820422,-7.124864753379,-1503.296846779
55,27.5,932,-2.968116254621e-15,9.109035684465e-14,-4.312972284173e-15,13296.98295543,-10.96442960658,-1525.456172278
55,27.5,933,-2.926951435088e-15,9.029729177984e-14,-1.696239495729e-15,14020.6208857,21.78437339133,-1510.568834315
55,27.5,934,-2.682053651315e-15,9.025180746361e-14,-3.830862652247e-15,13160.1904115,-12.901922797,-1506.956483109
55,27.5,935,-2.937103273228e-15,9.138411982603e-14,3.819507706117e-16,13001.9925819,-11.39659433433,-1525.401037011
55,27.5,936,-2.941189723902e-15,8.962341981059e-14,-7.930057152008e-15,13723.58270184,0.9892466816743,-1492.961522361
55,27.5,937,-3.057329954008e-15,9.083159619681e-14,-4.125102455121e-15,13232.01750604,-6.46301686698,-1521.626063444
55,27.5,938,-2.677088776466e-15,8.964690155198e-14,-4.313296679434e-15,13602.07776842,21.37709721832,-1503.354593294
55,27.5,939,-2.791717414066e-15,9.130108895119e-14,-1.859700934505e-14,13126.25443483,-1.695871478772,-1520.324345141
55,27.5,940,-2.821521669343e-15,9.006536669523e-14,-9.523986805658e-15,13336.12055987,2.656584840269,-1505.972807485
55,27.5,941,-2.870535112356e-15,9.148240711038e-14,-1.428107200745e-14,13429.50605606,0.6171461841177,-1532.135699478
55,27.5,942,-2.634944034057e-15,9.076671473469e-14,-2.004205905166e-15,12969.90570679,10.12049754265,-1518.750956846
55,27.5,943,-3.063941284482e-15,9.111473522692e-14,-9.358601463304e-15,13285.29802979,-4.672630450787,-1525.202143038
55,27.5,944,-2.791371790064e-15,9.034737773939e-14,-1.432129879424e-14,13327.5304226,-19.15002437115,-1505.951207515
55,27.5,945,-2.566494554169e-15,9.076204597278e-14,-1.098211895071e-14,13668.82556466,-3.579021772169,-1514.40606133
55,27.5,946,-2.836495561867e-15,9.110893388244e-14,-3.505087959106e-16,12971.43078564,-0.7455241425767,-1521.235455487
55,27.5,947,-3.132535598793e-15,9.150408822207e-14,-8.447927958263e-15,13063.34821854,-7.880187607578,-1530.23410472
55,27.5,948,-2.727376426631e-15,9.040143527634e-14,-1.258879980339e-14,13435.38421212,11.34651226593,-1509.421348852
55,27.5,949,-2.695959056469e-15,9.063448147325e-14,-8.668813037398e-15,13451.04971787,9.622028769097,-1513.623311921
55,27.5,950,-2.555338320217e-15,8.928805232766e-14,-1.235414789161e-14,13594.40082012,-3.111892870707,-1492.161858863
55,27.5,951,-2.831810106503e-15,9.110383681177e-14,-8.142527488385e-15,13187.13165545,6.004968555167,-1517.917457425
55,27.5,952,-2.654903218363e-15,9.118980525051e-14,-1.225877401241e-14,13429.22929365,-6.438500337883,-1523.984577329
55,27.5,953,-2.923469815794e-15,9.100835855464e-14,-5.436274166206e-15,13091.18843446,-6.394021906304,-1518.035111369
55,27.5,954,-2.778028786223e-15,8.988022897329e-14,-3.902777826887e-15,13243.5477724,2.097705071601,-1509.310691844
55,27.5,955,-2.647860114752e-15,9.08831682666e-14,-7.647175081597e-15,13416.82009757,-2.679911162995,-1517.550290673
55,27.5,956,-2.507756091757e-15,8.993042733994e-14,-9.55519245296e-15,14099.27429668,7.406947982021,-1505.080612818
55,27.5,957,-2.785258380401e-15,8.98349225204e-14,-1.873116265907e-15,13130.96926668,1.279178809254,-1505.479939192
55,27.5,958,-2.970793782785e-15,9.021648193121e-14,-9.858593385304e-15,12924.85594099,-15.4948665606,-1511.006604281
55,27.5,959,-2.757716509389e-15,9.031799749579e-14,-5.704629098472e-15,13287.93239377,6.63733878846,-1511.438832769
55,27.5,960,-2.741499002108e-15,9.079493442873e-14,-5.227208299021e-15,13279.24190615,-7.249614529687,-1514.714457321
55,27.5,961,-2.773487244186e-15,9.114785843846e-14,-4.896148430356e-15,13422.67965876,14.33485356421,-1525.016325489
55,27.5,962,-2.880487910449e-15,9.132532554984e-14,-8.499066620815e-15,13287.55820111,19.75065700696,-1521.472280718
55,27.5,963,-2.855924691915e-15,8.991341232251e-14,-1.237474919498e-15,13058.84361483,-5.92203230682,-1503.449047871
55,27.5,964,-2.963804553345e-15,9.110408867043e-14,-1.79198935752e-14,13570.91025143,-11.37142214267,-1524.730932801
55,27.5,965,-2.702121780795e-15,9.11850264259e-14,-1.094230821255e-14,13300.29131454,-7.113675408547,-1516.721790111
55,27.5,966,-2.512317370396e-15,9.100516250526e-14,7.163540386264e-16,13200.95816903,-6.469783898759,-1513.455725145
55,27.5,967,-2.74054014818e-15,9.082895260279e-14,-8.268384587102e-15,13595.44334329,-13.82891226872,-1516.255200411
55,27.5,968,-2.679950781522e-15,9.070152124381e-14,-4.431702453807e-15,13075.38519513,-16.7528902109,-1514.510736418
55,27.5,969,-2.598410746433e-15,9.09299040389e-14,-1.866332592067e-14,13536.00214822,-24.18477653896,-1521.523254808
55,27.5,970,-2.816575105847e-15,9.141375252779e-14,-6.75856586242e-15,13235.32540967,-6.374111028751,-1524.270098247
55,27.5,971,-2.687727412695e-15,9.038775818974e-14,-1.330590903856e-14,12863.60474026,-2.884572858133,-1509.394384196
55,27.5,972,-2.866124416744e-15,9.086682603333e-14,-1.210957741925e-14,13181.51031391,6.450948038829,-1518.026002738
55,27.5,973,-2.62675156401e-15,9.016086742176e-14,-1.118250103823e-14,13441.1526914,13.1986955131,-1513.133617707
55,27.5,974,-2.827618746458e-15,9.082581839214e-14,1.784805688173e-15,13020.39792398,0.1594998156742,-1523.563456417
55,27.5,975,-2.472333919752e-15,8.946378431892e-14,-1.094437510776e-14,13403.07831296,-9.507736676013,-1498.086919754
55,27.5,976,-2.846761001882e-15,9.094627106146e-14,-9.23418860039e-16,13588.49895192,3.602686376193,-1518.960984559
55,27.5,977,-2.581729656122e-15,9.04144111305e-14,-1.27550660132e-14,13556.82380087,16.11280589068,-1509.994439434
55,27.5,978,-2.569938496787e-15,9.048615044441e-14,-4.639427322179e-15,13548.50350203,-1.026226354969,-1513.20774491
55,27.5,979,-2.658422607358e-15,9.105268294722e-14,-6.883069055422e-15,13209.30078762,-5.175265770519,-1523.129045654
55,27.5,980,-2.704648200413e-15,8.990484664191e-14,-1.651812601131e-14,12955.9838174,-18.6559808864,-1500.386342274
55,27.5,981,-2.851105037913e-15,9.034528463996e-14,-6.585502379501e-15,13529.10361692,23.77471820258,-1508.194949472
55,27.5,982,-2.79881602121e-15,8.970163486654e-14,-1.643541001884e-14,13155.61443161,-13.79759134477,-1502.115109688
55,27.5,983,-2.898658309807e-15,9.147552383777e-14,-1.065186919603e-14,13675.37992503,-1.816423491446,-1528.785836851
55,27.5,984,-2.869529255344e-15,9.06701336421e-14,-7.654491084373e-15,13443.79086839,-2.255816904422,-1513.299037264
55,27.5,985,-2.849852880736e-15,9.078705692607e-14,-7.135742972559e-15,13447.90962145,-7.030033716113,-1518.72452901
55,27.5,986,-2.445827284101e-15,9.089190990061e-14,-6.832309311548e-15,12959.67038275,-2.919858390853,-1521.52317279
55,27.5,987,-2.604618925747e-15,9.025308711732e-14,-6.465967359596e-15,13587.04546437,21.42780880666,-1507.304830336
55,27.5,988,-2.779381338907e-15,9.165314544742e-14,-7.064655931697e-15,13452.59105736,-3.679775142291,-1533.300747292
55,27.5,989,-2.656927173447e-15,9.066384380399e-14,-1.726218225209e-15,13828.75631555,-16.25869228312,-1516.106533728
55,27.5,990,-2.696792597978e-15,9.079101508314e-14,-1.00826424087e-14,13289.46833842,-8.126059287294,-1515.776413757
55,27.5,991,-2.658717721653e-15,9.003277343106e-14,-7.632086447762e-15,13414.31565247,-31.77096611302,-1502.931559149
55,27.5,992,-2.777644819582e-15,9.062441624451e-14,-1.412329185163e-14,13527.51987671,5.969663127026,-1512.614457045
55,27.5,993,-2.837019154834e-15,9.066127143859e-14,-7.269993909342e-15,12463.71769971,-14.17262381745,-1514.952146624
55,27.5,994,-2.900472918817e-15,9.068247109055e-14,-1.188831639279e-14,13448.66994817,-23.32545358417,-1512.314523202
55,27.5,995,-2.458169165426e-15,9.028551496296e-14,-1.387394634829e-14,13226.55294475,-0.5898369338,-1507.066535557
55,27.5,996,-2.765486728989e-15,9.074655545675e-14,-1.087453279699e-14,13184.78790168,-4.720569048394,-1513.684475839
55,27.5,997,-2.652893691708e-15,9.080133096367e-14,3.855902861269e-15,13090.92773254,11.02361868554,-1516.990601411
55,27.5,998,-2.710309805709e-15,8.893060046645e-14,-1.128237513253e-14,12673.976804,4.986021453851,-1486.427139033
55,27.5,999,-2.588593668658e-15,9.072179056911e-14,-6.768699627838e-15,13577.2511708,-3.025989788577,-1513.157814403
55,27.5,1000,-2.883835714504e-15,9.09571080653e-14,-7.104903906159e-15,13592.66099402,0.544871189582,-1519.45617209
60,30,1,-9.787225171279e-16,4.296897714776e-14,-6.260034487676e-15,7662.682374472,-3.134372991478,-716.8767241024
60,30,2,-1.044453122433e-15,4.282871215516e-14,-4.031478088727e-15,7950.676003281,-2.908478984153,-713.6613388404
60,30,3,-1.048681582606e-15,4.32215449252e-14,3.68267743406e-15,7907.561028664,-0.5843340395337,-721.5646453416
60,30,4,-1.047884790772e-15,4.343983959638e-14,2.017431232668e-15,7733.004929515,-1.95346323452,-724.3567885295
60,30,5,-1.190807869009e-15,4.33910400319e-14,-1.924511488236e-15,8108.102784828,-3.518534733973,-725.4609418645
60,30,6,-1.081269498216e-15,4.26072624206e-14,-1.960881190591e-15,7937.250369221,10.07722620926,-709.5611535137
60,30,7,-1.027955293359e-15,4.262183180081e-14,-5.5947658165e-15,7719.143658145,-8.453948876328,-710.6137349797
60,30,8,-1.029754587392e-15,4.297918070078e-14,-7.898783578762e-15,7913.71440807,-3.771236872026,-718.428784396
60,30,9,-8.650347779732e-16,4.286791635096e-14,-2.074855527926e-15,8098.260849818,-11.8945405421,-717.3396786948
60,30,10,-1.01664125505e-15,4.252146212915e-14,-7.62128137378e-15,7963.461143064,5.16220845774,-712.0921436549
60,30,11,-9.330560119884e-16,4.237601778298e-14,-6.895616448709e-15,8029.546183249,1.143232265468,-709.2534976244
60,30,12,-1.003895662587e-15,4.227908556989e-14,-1.660566414118e-15,7648.298597336,-0.2446569325637,-706.6046371377
60,30,13,-1.068648242473e-15,4.251683014654e-14,-3.308804490106e-15,7922.798649693,1.794473792832,-713.1100250919
60,30,14,-1.036525334152e-15,4.303023250107e-14,-7.065655199445e-15,7812.008528175,0.9990496592871,-719.0153646118
60,30,15,-1.086897591841e-15,4.256483765727e-14,-2.74331424479e-15,7973.953340821,5.156026238328,-710.1801729645
60,30,16,-1.046204968764e-15,4.283643736875e-14,-2.313377224e-16,8038.247698484,4.173305610154,-714.3957391359
60,30,17,-1.062937051638e-15,4.28088755568e-14,4.620837762878e-16,7991.607981147,14.1563395513,-718.4864028676
60,30,18,-1.219526376352e-15,4.269965791692e-14,-2.028798892439e-15,7983.50670343,8.807220552818,-713.0318747335
60,30,19,-1.061023023652e-15,4.284443439051e-14,1.002523455699e-15,7863.137895693,13.61670152261,-716.9769379455
60,30,20,-1.027412376317e-15,4.2710292039e-14,-5.31061446143e-15,7694.916949709,5.738052410265,-711.5362034186
60,30,21,-1.061498286698e-15,4.268217433439e-14,-1.177414178556e-15,7919.663332764,-0.7862058545199,-712.6558420866
60,30,22,-9.940036842975e-16,4.288272710954e-14,-9.869788448236e-15,8102.529654906,-3.870228091163,-716.7673466245
60,30,23,-1.193937546061e-15,4.262800304813e-14,-3.44785265824e-15,7766.308192754,-5.674051503426,-712.5008026499
60,30,24,-9.273416503121e-16,4.286385400577e-14,-1.954540543588e-15,7641.837509459,2.840594557004,-715.4151796325
60,30,25,-1.164876138896e-15,4.260239880508e-14,-9.120492042673e-15,7958.964129011,-6.866701500183,-713.6753699697
60,30,26,-1.056182239063e-15,4.256973257527e-14,-2.27134362001e-15,7791.805323568,-3.532786700333,-710.7995627157
60,30,27,-1.007579479039e-15,4.292397645644e-14,-2.546471909972e-15,7592.838508911,3.048569030978,-716.7811988276
60,30,28,-1.064733258892e-15,4.278330079485e-14,-2.473639253697e-15,7907.338409451,-9.432550749261,-714.3567012498
60,30,29,-1.062413670713e-15,4.309620089463e-14,-7.032853729947e-16,7674.191284204,0.8921753895761,-719.9793120489
60,30,30,-1.008178260867e-15,4.265317113839e-14,-4.642834054802e-15,7939.002322543,-3.205277752892,-711.6181202455
60,30,31,-9.605938463856e-16,4.316182634023e-14,-2.610948222705e-15,7662.620674469,-0.3432867192093,-720.3894522719
60,30,32,-1.02619909549e-15,4.246540508463e-14,-5.678803392276e-15,7828.668645453,6.803486446623,-712.2155664091
60,30,33,-9.168677719683e-16,4.31074027934e-14,-2.752120065314e-15,7633.422279897,-10.12732134104,-720.1964116745
60,30,34,-1.064014203916e-15,4.288691063852e-14,-7.537883651697e-16,7652.16798727,1.393788751844,-718.2984499318
60,30,35,-9.599613944991e-16,4.280181040576e-14,-5.493250636469e-15,7924.051917326,-8.25851012416,-712.3794765811
60,30,36,-1.116923505514e-15,4.262774454884e-14,-1.033356217017e-14,7565.412639489,-11.02821357331,-710.7492646581
60,30,37,-1.009271280254e-15,4.285987765054e-14,-3.409400980943e-15,7967.940356539,-4.900681730554,-716.7827323838
60,30,38,-1.061775408427e-15,4.284269240924e-14,-2.980337154883e-15,8038.197449472,0.4063956507496,-715.2025704526
60,30,39,-9.492157396564e-16,4.308257271575e-14,-1.690268860586e-15,8116.948124724,3.726231841286,-723.1694590728
60,30,40,-9.329497511747e-16,4.322369486103e-14,-6.103688987276e-15,7755.725205868,-7.848821948356,-719.8111675004
60,30,41,-1.153864249626e-15,4.274009953801e-14,-1.378410087965e-16,7796.202167054,-2.038794836109,-712.7007226434
60,30,42,-1.095449868435e-15,4.283538025802e-14,-2.65517468177e-15,8148.643050495,-2.337018540351,-714.6581762673
60,30,43,-1.157201629352e-15,4.316713736711e-14,-6.794846794943e-15,7858.383334343,-5.954404607199,-720.1464509168
60,30,44,-8.861211964942e-16,4.261336648477e-14,-2.008621552998e-16,7968.980787036,-5.149304960232,-711.1516165098
60,30,45,-1.035521720917e-15,4.321539751667e-14,-4.259519648889e-15,7911.276391135,-2.017818618916,-720.9664682953
60,30,46,-9.808625297344e-16,4.258749381003e-14,-5.869580961923e-15,7803.83442991,-5.929610589289,-709.4804311562
60,30,47,-1.019360614817e-15,4.325079533133e-14,1.738553967446e-15,7739.776524409,4.133975987987,-722.2159141463
60,30,48,-9.10694049496e-16,4.295165811061e-14,-9.844877397009e-15,8093.292833356,-8.826389433121,-717.0463696785
60,30,49,-1.027208821835e-15,4.300742876816e-14,-5.046017412151e-15,7623.195975154,5.277315946847,-716.9304933825
60,30,50,-9.613643642224e-16,4.276338642506e-14,-1.948597513609e-15,8177.735768319,0.9773645653009,-715.3244077395
60,30,51,-1.017915798254e-15,4.266539508475e-14,-9.176506597929e-16,7990.686483735,6.453262328911,-712.3333371566
60,30,52,-9.048417115995e-16,4.224370755204e-14,-5.911851949601e-16,7852.520210718,-0.1078241195425,-705.4567613795
60,30,53,-9.705755908829e-16,4.273736710064e-14,-1.653156847386e-15,7895.472396273,-12.12805361219,-715.3805877142
60,30,54,-9.835126097911e-16,4.252920213484e-14,2.684256943531e-15,7655.863686713,-6.168344786072,-710.6424926265
60,30,55,-9.350688373747e-16,4.295044026067e-14,-5.033744146902e-15,7482.615497318,4.518122328906,-718.8399155156
60,30,56,-9.388529130032e-16,4.286916363871e-14,-1.130647802438e-15,7595.718076165,-1.600352131606,-718.0912202619
60,30,57,-1.045347630037e-15,4.259130299483e-14,-6.221738575382e-15,8059.040476715,0.3430216407728,-711.7690930441
60,30,58,-9.962290203665e-16,4.309184763241e-14,1.664943040013e-15,7729.748937713,-5.052485037506,-719.3902100908
60,30,59,-8.57256727654e-16,4.270536967881e-14,-8.176902912377e-15,7985.926308973,3.730595978994,-712.6529858587
60,30,60,-9.939603571736e-16,4.253501558719e-14,-7.586383256324e-15,7767.634076139,1.756416759781,-709.7872213028
60,30,61,-1.049653117555e-15,4.262853345018e-14,9.160614836747e-17,7813.331530458,-5.536981704845,-712.3961118147
60,30,62,-9.63807786434e-16,4.314401486319e-14,-1.076766331075e-15,7917.400679084,8.383550331505,-720.1710714845
60,30,63,-9.871640193208e-16,4.238835099587e-14,1.600820213244e-15,7797.481512278,5.179193878429,-707.3715125046
60,30,64,-9.16662097099e-16,4.27920669386e-14,-5.54379682875e-15,8097.566957008,-6.311150486026,-717.3639566219
60,30,65,-1.089982870535e-15,4.296095155368e-14,-3.028602763195e-15,7859.690495846,-5.372516348627,-717.1249496333
60,30,66,-1.159657060107e-15,4.242620906906e-14,-1.173270303121e-15,7864.451997106,-5.466330874282,-709.8102970838
60,30,67,-1.02368464683e-15,4.221996257678e-14,-1.959975870471e-15,7879.863032719,-3.594977967864,-706.1568110426
60,30,68,-1.008341170449e-15,4.275678798381e-14,-9.705356409365e-15,8221.350381567,-1.086561965221,-713.2056679752
60,30,69,-1.028598606147e-15,4.304323058047e-14,-3.757806274789e-15,7780.735245859,6.796233483764,-719.2385195823
60,30,70,-1.101540265728e-15,4.318795810562e-14,-8.782264266093e-15,7660.845471118,-6.812465074072,-719.4950421685
60,30,71,-1.042050713403e-15,4.303817487511e-14,-7.611234295448e-15,7910.63307304,1.861126996009,-716.5165700809
60,30,72,-1.057511320925e-15,4.297222687194e-14,-1.665606911439e-15,7927.105896233,-3.356072909884,-717.7382306906
60,30,73,-9.994132624365e-16,4.299096094185e-14,-2.175552080799e-16,8045.350631403,1.453334046303,-717.2910522154
60,30,74,-1.02731736672e-15,4.280107821514e-14,-2.56322068244e-15,7926.237045781,-3.954302197894,-714.5075286307
60,30,75,-9.663814385915e-16,4.240540498547e-14,-8.962010854549e-15,7811.890928109,-1.339179017777,-708.8163360894
60,30,76,-9.777670054615e-16,4.251259666076e-14,-2.095782092396e-15,7599.317345162,-4.011216216277,-709.4685857296
60,30,77,-1.123006603611e-15,4.290905900061e-14,-6.892557721237e-15,7825.489496664,14.20275723754,-715.0885116304
60,30,78,-1.053514667404e-15,4.262323590751e-14,-7.14659978014e-15,7777.787452159,-6.498405899657,-708.8550421762
60,30,79,-1.05996856907e-15,4.303546421478e-14,-4.270871102445e-15,7791.721076597,-2.278108131466,-719.3848032244
60,30,80,-1.002679363369e-15,4.329701286013e-14,-9.251017153227e-15,7867.369317121,4.910958179105,-721.8476700406
60,30,81,-8.769177996198e-16,4.273475362744e-14,-7.525174856404e-15,7725.030998989,-10.60862472884,-713.5729332218
60,30,82,-1.084403384578e-15,4.295542792009e-14,1.185585673237e-15,7884.539146263,5.409750562349,-717.1858573252
60,30,83,-9.602921338724e-16,4.298428905257e-14,-1.541614616222e-15,7804.47255461,4.405923299108,-719.4207921336
60,30,84,-9.346126152634e-16,4.312242321283e-14,-2.739642907625e-15,7755.120000597,4.460723292724,-719.1540166102
60,30,85,-1.209722881513e-15,4.292554529561e-14,2.68092658083e-16,7668.685609668,4.685072237098,-715.3637609167
60,30,86,-1.132471059612e-15,4.315371011738e-14,5.481576222811e-16,7910.164510235,10.23932392272,-720.6499375904
60,30,87,-9.940479314056e-16,4.263680143733e-14,-3.949341974685e-15,8030.526933484,4.296517027812,-712.5134251839
60,30,88,-1.050316676166e-15,4.317503891372e-14,-3.147309414942e-15,7599.794804042,4.418892940201,-719.5444480714
60,30,89,-9.628861230608e-16,4.259278045143e-14,-7.571109479863e-15,7759.524477383,-3.31926982578,-712.0593619265
60,30,90,-1.060564731659e-15,4.319458918269e-14,-5.955787124847e-15,7962.452706734,-0.9298761322758,-722.2609684125
60,30,91,-9.949201290147e-16,4.282133887804e-14,-5.660258873805e-15,7968.499904307,-2.52040994585,-715.0112573738
60,30,92,-1.065182077492e-15,4.271689037996e-14,-3.935196361308e-15,7818.038215248,8.008309621356,-713.7723966191
60,30,93,-9.678959593355e-16,4.270237427078e-14,-7.693033252194e-15,7738.050022968,5.742202529199,-713.0047295446
60,30,94,-1.015594818526e-15,4.30286706502e-14,-1.639689964082e-15,7855.563883049,7.262401207536,-718.2347690048
60,30,95,-1.038382646244e-15,4.237170034909e-14,-6.390639255819e-15,7957.354119838,2.709652493035,-709.6975817281
60,30,96,-1.070716916887e-15,4.296982693862e-14,-3.129063499561e-15,7909.80998615,4.224192201708,-719.4842257062
60,30,97,-9.818073394757e-16,4.277246313028e-14,-3.22262609763e-15,7833.425060873,7.586244129377,-714.0798549842
60,30,98,-1.026898473313e-15,4.243942569179e-14,8.621571222969e-16,7538.790243972,1.280306453933,-710.8325218109
60,30,99,-9.260294083945e-16,4.234387187731e-14,-7.061993911623e-16,7683.50233382,2.387728767289,-708.1757205916
60,30,100,-8.260691370868e-16,4.258807523042e-14,-5.042380818094e-15,8115.184804818,-2.574173838962,-710.9178880967
60,30,101,-1.101094840989e-15,4.293155488951e-14,-6.243151767058e-15,7911.717613171,-8.201696772935,-716.610014171
60,30,102,-1.115475031611e-15,4.301652512922e-14,-1.78253773975e-15,7829.884597394,0.3631703162937,-716.5136655723
60,30,103,-1.192644955602e-15,4.243418060892e-14,-4.267480923399e-15,7763.110133968,-3.524158945058,-710.3972219952
60,30,104,-1.240576861873e-15,4.321344875019e-14,-3.880513486083e-15,7922.011559798,-3.675820602011,-721.2333485365
60,30,105,-1.055548917823e-15,4.285624079938e-14,-2.203678889591e-15,7414.047928652,1.121148412162,-714.5969593608
60,30,106,-1.042407994606e-15,4.271904086516e-14,-2.2822834276e-15,7675.79952794,-1.354163954548,-714.206456225
60,30,107,-1.000348528462e-15,4.263659814502e-14,-1.273307465962e-15,8015.49552415,2.392293020092,-714.1622590704
60,30,108,-1.095073930253e-15,4.278834228692e-14,9.972390753734e-16,7719.165977172,-6.644710104496,-713.80374233
60,30,109,-9.848725711227e-16,4.27080934888e-14,-6.904225616442e-15,7891.555392785,18.08277145795,-711.6600675556
60,30,110,-9.089800125819e-16,4.23768609533e-14,-3.598511361871e-15,7922.022804772,-17.27275198319,-707.3845409921
60,30,111,-1.028750926421e-15,4.271394098612e-14,-5.137959548535e-15,7963.961284721,-3.386608208822,-713.3058525163
60,30,112,-1.021251591222e-15,4.271785199432e-14,-3.24538409101e-15,8118.989643686,5.876152482134,-715.3746140956
60,30,113,-1.113350856296e-15,4.318953922315e-14,-6.898179377289e-15,7585.24823589,11.42597177514,-719.3768647256
60,30,114,-1.038484011165e-15,4.267559299185e-14,-1.836183807697e-15,8057.80450294,-1.735944723212,-713.3273715729
60,30,115,-1.051526651342e-15,4.257998189082e-14,8.782705322114e-16,7867.478846745,-7.907585515451,-713.2156287964
60,30,116,-1.004573525522e-15,4.297763448574e-14,-7.194183368743e-15,7943.715029398,4.19711664546,-717.1399101623
60,30,117,-1.042711075457e-15,4.271663683625e-14,-1.484746099209e-16,7928.975795224,-14.47253247172,-712.433389359
60,30,118,-9.897450355759e-16,4.255972565052e-14,-4.379351320257e-15,7968.827323183,-1.909423278739,-710.4613634389
60,30,119,-1.011559620088e-15,4.274309529787e-14,-8.453143830586e-15,7681.733190755,1.713211313182,-714.4663519299
60,30,120,-1.08928221008e-15,4.237155381801e-14,-6.960524289217e-16,8148.5043569,-1.190969678166,-710.070568254
60,30,121,-9.460021934111e-16,4.294933161011e-14,-8.020907684564e-15,7892.720386339,2.13101214592,-715.8047246716
60,30,122,-1.028047382627e-15,4.301934450652e-14,-1.462081652705e-15,7859.499023791,0.5810474135281,-717.0646649159
60,30,123,-1.001988295452e-15,4.263799615767e-14,-7.093651038262e-15,8051.42080761,2.276734663742,-712.5970661146
60,30,124,-9.598771147523e-16,4.309985047539e-14,-1.916401105452e-15,7929.546729138,-3.794876742228,-721.2518265212
60,30,125,-9.905804443409e-16,4.276614938341e-14,-1.951409947231e-15,7893.241214252,-1.203730317824,-716.4878160725
60,30,126,-1.144045355595e-15,4.282886186395e-14,2.277860985544e-15,7629.977632088,8.210147698844,-716.3107871487
60,30,127,-9.756771396911e-16,4.286567785415e-14,-4.010948150118e-16,7646.17891427,4.484515130593,-715.3021976085
60,30,128,-1.077682357912e-15,4.268384971436e-14,-4.840725450404e-16,7903.786182602,3.072318233661,-714.3528708021
60,30,129,-8.651550350722e-16,4.28450059716e-14,-3.143080532165e-15,7864.165486475,9.62555173223,-717.3124009061
60,30,130,-1.204749444076e-15,4.273456781505e-14,-5.728812412892e-16,8150.299706567,0.5945852832508,-714.4974031814
60,30,131,-9.52039177622e-16,4.265750587799e-14,-5.71088010486e-15,7679.902197668,-4.891888928391,-711.7512931924
60,30,132,-9.573155282558e-16,4.280297851461e-14,-2.064084516789e-15,8205.161400939,5.408152539312,-713.0876395676
60,30,133,-9.68810003493e-16,4.265375347324e-14,-7.894263018091e-15,8053.673664373,13.93357789813,-713.0079130947
60,30,134,-1.116196335647e-15,4.258713175517e-14,2.592320560928e-15,7831.413539935,-4.801850075191,-710.2659613116
60,30,135,-1.114977584372e-15,4.273595462449e-14,-1.982505675998e-15,7852.946043644,-6.887802775877,-712.6610888049
60,30,136,-1.02596985284e-15,4.291913576934e-14,-1.35889263128e-15,7977.601532257,-8.368493503354,-717.8637651144
60,30,137,-1.157611049907e-15,4.265897149366e-14,-1.857661383172e-15,7746.227141683,8.312163245471,-714.0493285393
60,30,138,-1.110393109072e-15,4.268667086715e-14,1.580847826324e-15,7792.17566052,-1.048549358823,-713.9799521386
60,30,139,-9.764917581089e-16,4.283060799571e-14,-7.597051334583e-15,8124.350086153,-7.311363041029,-716.6601487482
60,30,140,-1.141839730401e-15,4.263085129097e-14,1.99913187581e-16,7874.949365499,10.75803447135,-714.1140241649
60,30,141,-1.12106776137e-15,4.246401085925e-14,-5.318667183538e-15,7807.180727697,-7.998520159759,-709.4634388981
60,30,142,-9.706762480348e-16,4.270444699447e-14,-7.148759673987e-15,7508.493302671,-3.703737843726,-714.4660663546
60,30,143,-9.869388894459e-16,4.230776131365e-14,-2.087893451752e-16,7962.60737253,-1.345911176961,-707.386813848
60,30,144,-1.051916552589e-15,4.273846208867e-14,-5.886059869591e-15,8055.171407789,-1.277849073289,-713.5190522887
60,30,145,-1.040307486152e-15,4.282427988676e-14,-5.900940179316e-15,7933.478116963,6.646749129326,-713.9319783459
60,30,146,-1.068472870091e-15,4.301419924533e-14,-5.71630232776e-15,7827.503237849,6.56155634464,-720.2554948666
60,30,147,-9.414825978457e-16,4.345544367883e-14,-3.985634035478e-15,7502.149862747,-10.91373201295,-723.735058111
60,30,148,-9.983771570584e-16,4.263620650303e-14,-2.550120834466e-15,8219.749480056,10.87470004026,-713.033204592
60,30,149,-1.02961610049e-15,4.288078222769e-14,-2.371627791968e-15,7765.158111686,4.945168364632,-717.826530205
60,30,150,-1.056233672844e-15,4.269514553556e-14,-5.780814895191e-15,7691.378777276,-1.326502668348,-714.4309932424
60,30,151,-1.122719216473e-15,4.303386238292e-14,-4.343933696633e-15,7830.122123389,15.01753646008,-720.1777941149
60,30,152,-1.008083593357e-15,4.268954583916e-14,-1.174473818265e-15,7974.07767976,1.833244100805,-715.5300282914
60,30,153,-1.131516596075e-15,4.250148778497e-14,-6.99614698164e-15,8056.015910979,2.764089237558,-710.8924874652
60,30,154,-9.627586304406e-16,4.263982516629e-14,-7.208830934932e-15,7833.851108797,9.841350014315,-714.3125603879
60,30,155,-1.060303598076e-15,4.262330588314e-14,-2.188078869794e-15,7593.824642667,4.516708714582,-710.4635759
60,30,156,-9.662301816086e-16,4.27336748884e-14,-6.00000524874e-15,7619.686551635,-4.459118202478,-713.5486925612
60,30,157,-1.01211760833e-15,4.344800843309e-14,-6.119686241702e-15,8090.442735733,-9.120004354009,-724.1151168718
60,30,158,-9.780443441595e-16,4.310262634014e-14,1.750756689732e-15,7963.895411299,1.331863070373,-719.616513781
60,30,159,-1.005130879305e-15,4.282276384563e-14,-7.105543477176e-15,7997.235027629,-5.185963807177,-715.5328159858
60,30,160,-1.028008213686e-15,4.238343930142e-14,-2.3901820291e-15,7599.529387543,2.891269526487,-709.4361525405
60,30,161,-9.609198170333e-16,4.313497880353e-14,-6.706456281286e-15,7706.242749052,-2.575147367773,-718.5085604052
60,30,162,-1.157561994305e-15,4.296722387382e-14,-6.237245060464e-16,7917.056624204,8.240520284329,-716.0761339924
60,30,163,-9.551811172484e-16,4.279128894359e-14,-6.453650159027e-15,7994.729261826,3.973871169046,-715.1209848207
60,30,164,-1.0516600059e-15,4.292695197243e-14,-2.70653418307e-15,7731.496272051,1.2403817322,-716.8467562422
60,30,165,-1.196261000414e-15,4.280272651704e-14,-1.574270499801e-15,7954.272415818,2.692035468376,-716.0178131195
60,30,166,-1.045452201614e-15,4.247597371541e-14,-4.568105798402e-15,7985.441591088,-4.980180432034,-709.2574348545
60,30,167,-1.031429916429e-15,4.258537739552e-14,-6.983987041485e-15,7971.242498466,-7.088224552896,-710.1764679616
60,30,168,-1.09226923912e-15,4.326308808322e-14,-2.806337767358e-15,7646.742296585,2.009566561401,-721.1344153733
60,30,169,-9.407722504869e-16,4.306894201645e-14,7.209148458119e-16,8018.417844466,11.60584841333,-717.6057534178
60,30,170,-1.015418506079e-15,4.278414200682e-14,-8.662297834704e-15,7992.125244574,3.054071623908,-716.4808154172
60,30,171,-1.154655602332e-15,4.285890323439e-14,-1.963424501644e-15,7832.200884348,7.573488168831,-716.1244707823
60,30,172,-9.839170910854e-16,4.297114897653e-14,-4.909754100184e-15,7733.190309456,6.247651602443,-717.7669631246
60,30,173,-1.008120992553e-15,4.305906058948e-14,-3.972258538312e-15,7677.995904743,-0.06842216839774,-721.0499064576
60,30,174,-9.858126305086e-16,4.302605750283e-14,-1.280798060881e-14,7902.286891444,-3.92308085913,-718.9324999442
60,30,175,-1.076098885432e-15,4.258184064522e-14,-9.577959013063e-15,7770.936722297,-3.20217889729,-713.5451015443
60,30,176,-1.009382251359e-15,4.274514505116e-14,-8.654125419799e-15,7860.995026696,-9.351471544823,-713.9976711477
60,30,177,-9.326744344929e-16,4.291348467535e-14,-3.046659394371e-15,8019.624707197,0.299875558333,-717.2203528733
60,30,178,-1.156206414862e-15,4.26941196966e-14,-2.325568634985e-15,7886.607087001,0.8530434870687,-715.438957188
60,30,179,-8.645921110861e-16,4.275205439389e-14,-7.187672770755e-15,7986.584365697,0.2623368059226,-713.0010238637
60,30,180,-1.044537429125e-15,4.252098297495e-14,-3.212272655013e-15,7859.094222522,2.682469208936,-711.5331481807
60,30,181,-8.533637222722e-16,4.261800280062e-14,-3.430769972848e-15,7595.35742559,3.982099269923,-713.9829803031
60,30,182,-1.060669764303e-15,4.293966270859e-14,-3.610591631849e-15,7795.490411906,-3.302654870464,-719.1103989225
60,30,183,-9.373165670647e-16,4.296875022416e-14,-6.088507538765e-15,7990.1611458,10.58020606662,-719.3222088159
60,30,184,-1.010853787954e-15,4.270985941135e-14,-6.631006253426e-15,8035.828835904,2.41873053551,-712.6676123162
60,30,185,-1.106478633463e-15,4.299208521175e-14,-2.112545446527e-15,8186.772056073,-1.676678536859,-719.1980023918
60,30,186,-8.952947572292e-16,4.297070777034e-14,-3.409024551375e-15,7827.295001572,7.757935433177,-718.1749112267
60,30,187,-1.109054421531e-15,4.250644460366e-14,-6.299374458842e-15,8090.164990329,3.624834699607,-710.1273358365
60,30,188,-1.011179933016e-15,4.261623609361e-14,5.626510735699e-16,7912.653775665,-5.217339029689,-711.3431509905
60,30,189,-9.710831296381e-16,4.307477311828e-14,-7.021453357852e-15,7712.21776498,-0.9102155723775,-721.8760229799
60,30,190,-9.924658131284e-16,4.251011523058e-14,-6.319295172425e-15,7791.275124024,7.947817300937,-711.3454876074
60,30,191,-1.069543555767e-15,4.302017431658e-14,-4.492933786373e-15,8168.96030591,-5.026886573894,-716.7664652923
60,30,192,-9.919639566944e-16,4.265654942474e-14,-2.920084036688e-15,8320.091637139,10.0663368709,-714.7597172805
60,30,193,-8.613133409584e-16,4.238207753788e-14,-2.611100951012e-16,7942.285363524,-0.181761326092,-707.6493022434
60,30,194,-9.848948151726e-16,4.296483053834e-14,-5.548048523642e-16,7657.61487992,4.886431583937,-718.7545757228
60,30,195,-9.881964747114e-16,4.273272563528e-14,-8.49618446534e-15,7667.575894651,10.25945682778,-714.6847351071
60,30,196,-1.066698936876e-15,4.314737378636e-14,-6.619047099917e-15,7671.508687528,5.705617198722,-718.6146714069
60,30,197,-1.081925411503e-15,4.349942524569e-14,-6.796873510185e-15,8127.039877215,-4.375562525781,-725.4865255601
60,30,198,-1.048883228919e-15,4.291687022811e-14,-2.31780582659e-15,7635.895870118,-6.288386722543,-716.675667834
60,30,199,-9.963957727394e-16,4.276535713412e-14,-6.532995759825e-15,7833.073500388,-3.590538789045,-713.3711041871
60,30,200,-1.02291679293e-15,4.251228561921e-14,-6.456165436664e-15,7671.628444283,0.7144735784367,-710.1851503416
60,30,201,-1.024661170455e-15,4.256998577756e-14,-2.491593815935e-15,7934.139322945,3.669332986167,-713.3211269113
60,30,202,-9.981631270775e-16,4.309737010212e-14,-2.984007290518e-16,7819.734094778,0.6867248955493,-719.3863034175
60,30,203,-1.011284787403e-15,4.265302824065e-14,-7.012381533907e-15,7939.286947513,1.583079261825,-714.0385618484
60,30,204,-1.095488724823e-15,4.312260808002e-14,-1.364375669507e-15,8144.867676618,5.285929771519,-718.2161092793
60,30,205,-9.404249028888e-16,4.257768248071e-14,-1.12876360359e-14,7879.933025486,-2.036586583892,-713.8538995045
60,30,206,-1.05622388146e-15,4.294897390978e-14,-6.05986142411e-15,8199.108820064,2.209256951728,-717.7725161084
60,30,207,-9.441631424662e-16,4.288944776544e-14,1.636204593252e-15,7722.701850592,6.28726140561,-715.6913508507
60,30,208,-1.039837888502e-15,4.306458418563e-14,-9.218033884607e-15,7726.732323544,3.951845902962,-717.080180516
60,30,209,-9.775068024707e-16,4.307577106801e-14,-4.238011673106e-15,7958.798225132,-5.988564961438,-718.4268221886
60,30,210,-1.060248295441e-15,4.284103170299e-14,-1.628713596474e-15,7937.690560138,2.689194995601,-713.602078325
60,30,211,-1.037798572314e-15,4.268406384475e-14,-2.312575433035e-15,7837.571886874,-1.63136283161,-712.748301871
60,30,212,-9.615011854014e-16,4.310223543228e-14,-9.682016068465e-15,7645.289219494,-13.23586920192,-719.3136625442
60,30,213,-1.018266879097e-15,4.272378856681e-14,2.401037314068e-16,7616.7751995,-1.733646942059,-714.8728090474
60,30,214,-9.877405050512e-16,4.302007864216e-14,-5.890103359972e-15,7694.126557007,11.28193027105,-719.2205404144
60,30,215,-1.227656073117e-15,4.308204972782e-14,-4.579039756927e-16,7875.82678962,2.278731937435,-718.0609762133
60,30,216,-1.067850704377e-15,4.291409317732e-14,-8.561560758486e-16,7810.863503327,2.328279135063,-716.7167191768
60,30,217,-9.234819523978e-16,4.266714244724e-14,-7.025191849002e-15,7805.26220359,-0.9108501006669,-712.643827221
60,30,218,-9.40770369252e-16,4.235632356635e-14,-2.755731259844e-15,8005.196552329,-7.026204603889,-709.2620768193
60,30,219,-1.020469796726e-15,4.282127641922e-14,-8.689426909259e-15,8078.508886465,-7.33004751004,-714.805422258
60,30,220,-9.624708416018e-16,4.250665896347e-14,-1.389945720793e-15,7986.75764273,14.60686391768,-711.375158274
60,30,221,-1.240016139587e-15,4.333695057797e-14,-4.460573145662e-15,7814.984838845,-6.495315633735,-722.4963088511
60,30,222,-1.060512774215e-15,4.334186254831e-14,-1.733185069449e-16,7995.458677435,2.487183803564,-724.2517321969
60,30,223,-1.216410082032e-15,4.287911930442e-14,-3.297746745257e-15,7928.87819057,-6.756659937474,-715.7565849835
60,30,224,-9.424737418869e-16,4.271840566e-14,-4.012809652538e-15,7552.079495696,0.3393680216206,-713.1840363758
60,30,225,-1.022801766454e-15,4.24353234306e-14,-3.472541131284e-15,7533.663390187,0.4656647747958,-708.8666283473
60,30,226,-9.879128091326e-16,4.290986855908e-14,-1.602713634587e-15,8003.960636544,-1.742859191613,-717.1482508551
60,30,227,-1.111440770499e-15,4.267433603906e-14,-3.033701879271e-15,8149.16388934,3.98792561992,-714.823980339
60,30,228,-1.076886587158e-15,4.305623437314e-14,-4.49809310628e-15,7915.759990443,1.158188697502,-720.2825263375
60,30,229,-1.039008773036e-15,4.290029851623e-14,-2.285367608368e-15,8178.851150042,-9.047190130266,-717.7631676779
60,30,230,-1.079344233037e-15,4.292509710142e-14,-7.260907008839e-15,8145.284915312,0.7982219637253,-716.0626243256
60,30,231,-1.070110052527e-15,4.274067569076e-14,-4.660907592818e-15,7874.80053553,6.778751750582,-714.9550603155
60,30,232,-1.074922129452e-15,4.300601362849e-14,-1.335724815193e-15,7797.548822604,4.217757056334,-718.2583644055
60,30,233,-9.909667356012e-16,4.256405299825e-14,-9.577750772536e-15,7982.561366774,-6.473856610863,-711.9351553432
60,30,234,-1.216046270477e-15,4.287886694536e-14,-7.117430522459e-15,7887.18355277,4.573621520109,-718.6169208665
60,30,235,-9.416990803879e-16,4.269018754731e-14,-5.766354261795e-15,8121.32058455,7.974892113875,-713.399522478
60,30,236,-1.119991093941e-15,4.300323130046e-14,-3.055187744814e-15,7602.777665732,-3.770003917602,-717.7643433051
60,30,237,-1.018750584263e-15,4.255546295896e-14,-3.125107234644e-15,8084.145321989,9.335070142959,-712.0550707117
60,30,238,-1.046328909396e-15,4.337160866307e-14,-4.958937544785e-15,8167.523262267,-10.69256335094,-723.1644815834
60,30,239,-9.694610475116e-16,4.257620912623e-14,-3.12437223604e-15,7808.519808784,-6.920255182728,-710.2793281432
60,30,240,-9.277133405499e-16,4.240070257715e-14,-5.858660958538e-15,7952.953574677,-7.579569206091,-712.2643276837
60,30,241,-9.797480351131e-16,4.259214622866e-14,1.832012569655e-15,7789.539715114,4.064663712579,-713.3576755256
60,30,242,-1.026195208879e-15,4.326273253874e-14,-6.314521737353e-15,7771.246664676,-4.926142541433,-722.2506128057
60,30,243,-1.013464593186e-15,4.275796521075e-14,-4.403167963026e-15,7555.361635672,-7.215940854044,-715.6377667377
60,30,244,-1.043462597429e-15,4.247302617161e-14,-3.907175013542e-15,7768.844327219,2.195565487836,-711.5945961436
60,30,245,-1.149286286454e-15,4.291328020022e-14,-5.697247939477e-15,7855.2239636,1.532978166871,-717.1697429923
60,30,246,-1.227647769537e-15,4.249342491992e-14,-1.13554371302e-15,8031.741191208,9.847343038673,-710.8950383194
60,30,247,-1.100025369478e-15,4.289425869265e-14,-1.556051533689e-15,7812.559104374,10.72173387663,-716.5786892441
60,30,248,-1.010600102852e-15,4.251372697996e-14,-1.040667987001e-14,7784.695960441,-3.485589149794,-712.2144210493
60,30,249,-1.12599234195e-15,4.315136366193e-14,-1.742950320426e-15,8072.173769476,4.967377114169,-721.2832993223
60,30,250,-1.120416047304e-15,4.318924741714e-14,-6.607710034316e-15,8099.269825249,3.596772987441,-722.1603490822
60,30,251,-1.258089446745e-15,4.248738760628e-14,-4.297402112247e-15,7741.057198755,-5.937104393567,-710.7184814698
60,30,252,-1.094762543099e-15,4.282219585815e-14,-6.357525652719e-15,7994.348635492,-1.884198797561,-713.5181808874
60,30,253,-8.760135047115e-16,4.293040415539e-14,-6.928041087681e-15,8037.535405925,-0.5083438564738,-716.6435743287
60,30,254,-1.058730397181e-15,4.298874560317e-14,-2.707159549856e-15,8079.550473332,2.706262108238,-717.4044630618
60,30,255,-1.052217038695e-15,4.231871599245e-14,-7.337185444639e-16,7902.845458973,-6.816495594451,-707.1779571261
60,30,256,-9.723490454669e-16,4.277726986015e-14,-5.222929188227e-15,8114.47588585,-3.407476972784,-713.6165370417
60,30,257,-8.191378248441e-16,4.300098995233e-14,1.531049564363e-15,7858.438938583,9.918555278704,-718.7770228534
60,30,258,-8.227014976121e-16,4.279017449756e-14,-6.589783811938e-15,7716.326529748,9.940927330815,-713.9754234276
60,30,259,-9.622842913418e-16,4.307916782298e-14,-7.882475765163e-15,7811.176578761,-2.937486795953,-720.2485480646
60,30,260,-9.641142503657e-16,4.28321693842e-14,-8.876080846448e-15,7968.522668529,-5.806946242281,-715.1759049327
60,30,261,-9.247394791773e-16,4.246199551322e-14,1.643174320389e-15,7945.640759446,-0.7290586804785,-709.566762429
60,30,262,-1.04835201956e-15,4.276358937346e-14,-1.818030973213e-15,7894.579350684,-5.984328049251,-714.0726812124
60,30,263,-1.039684912646e-15,4.268082318038e-14,-6.37949671729e-15,7784.954812494,1.1230824345,-711.9087298806
60,30,264,-1.045382423112e-15,4.24443768942e-14,-5.493253817373e-15,7645.963406075,5.853087827475,-710.8517354874
60,30,265,-9.389105309208e-16,4.253394541289e-14,-4.296118502997e-15,8034.352158272,7.271495377876,-709.9592127326
60,30,266,-8.449429839453e-16,4.314422987543e-14,-2.92420312131e-15,7866.472211382,3.06196488983,-720.2969532035
60,30,267,-1.034977063102e-15,4.245496141384e-14,-5.060358543298e-15,7964.998654305,-6.039119445641,-708.4944190731
60,30,268,-9.583884982083e-16,4.296223639229e-14,-7.844894693643e-16,7776.271997651,-4.938774842143,-717.4623722685
60,30,269,-9.992262818031e-16,4.277048424951e-14,-6.105826076083e-15,8224.67655826,-1.023649573613,-713.9712885405
60,30,270,-9.576055076142e-16,4.303353576502e-14,-2.993040276186e-15,7685.936203824,1.850385943522,-717.1621608234
60,30,271,-1.014936661919e-15,4.327809003608e-14,-6.682602823457e-15,7891.05578184,5.361904900581,-721.0130148215
60,30,272,-9.845426565016e-16,4.291722351948e-14,-9.705498169615e-15,7847.993864565,3.162670060645,-714.1023101128
60,30,273,-8.933804553619e-16,4.293487896605e-14,-4.575777993508e-15,7808.850773261,-0.5767861298715,-716.2691714636
60,30,274,-1.126106579835e-15,4.258767675906e-14,-4.088963284037e-15,7921.43807227,-9.850888228538,-709.4897937292
60,30,275,-1.060719850328e-15,4.24169854812e-14,1.384637684854e-15,7754.73360649,0.663453210579,-710.738566108
60,30,276,-1.089759914183e-15,4.272013621319e-14,-1.276493748597e-15,8135.125594495,2.701328937852,-714.6697013919
60,30,277,-8.664527505009e-16,4.276939510713e-14,5.437368708047e-15,8134.586588849,13.08752454789,-714.8159007016
60,30,278,-1.066359140453e-15,4.295972959736e-14,-2.936531999576e-15,7884.648305632,9.15475427533,-717.3042761565
60,30,279,-1.087361570886e-15,4.294130821852e-14,-5.699830798622e-15,8033.391119937,0.9557177733241,-713.8334254762
60,30,280,-1.029038849992e-15,4.266767538302e-14,-6.889345973661e-15,7969.063951609,-1.642616854133,-711.6168967503
60,30,281,-1.062997988891e-15,4.265672692544e-14,-6.65835351825e-15,7909.030991414,3.386331499591,-714.3825334495
60,30,282,-9.423810735545e-16,4.325179704558e-14,-4.651430909384e-15,7791.916612357,18.61665566082,-721.5020753344
60,30,283,-1.006393256541e-15,4.273288686126e-14,1.182906770117e-16,7999.037830832,-3.864897603708,-716.3493538387
60,30,284,-1.029902507844e-15,4.273063315521e-14,-9.201766811544e-15,8056.520841349,10.81594322906,-712.5258206276
60,30,285,-1.051927469658e-15,4.275609649568e-14,-4.244767077447e-15,7872.879931421,7.241371724272,-712.150533109
60,30,286,-1.144779172433e-15,4.238047829876e-14,1.166098958269e-15,8003.660013513,10.03504273097,-709.6861940934
60,30,287,-1.181966304563e-15,4.264239569452e-14,-7.354271129694e-15,7888.493261653,-1.547637389512,-714.1541563108
60,30,288,-1.174367764439e-15,4.248449266491e-14,-2.622988127656e-15,7861.651212573,5.629093957798,-710.3146477961
60,30,289,-1.010215513421e-15,4.302048161561e-14,-5.632083018392e-15,7580.536770449,-1.585753156223,-716.2500082324
60,30,290,-1.0089233919e-15,4.266975939824e-14,-4.334651254042e-15,7759.291481569,7.783397987882,-713.8908870383
60,30,291,-9.562789661662e-16,4.292617022761e-14,-3.98353637118e-15,7974.992393468,-4.122357383895,-716.9354701048
60,30,292,-1.116214018745e-15,4.301091556988e-14,-5.722289887844e-15,7834.205861101,-10.20327146531,-718.844471038
60,30,293,-9.762186367355e-16,4.271972897584e-14,-4.277577698421e-15,7700.310974812,-6.470912500889,-714.9617765746
60,30,294,-8.136935465251e-16,4.273341731981e-14,-5.308305096197e-15,7642.389749908,-6.259620888175,-714.9928675633
60,30,295,-1.184435986282e-15,4.313274069416e-14,-8.090051006401e-15,7896.443348306,3.383096566172,-719.4426672674
60,30,296,-1.07029819322e-15,4.284239839609e-14,-5.876904888309e-15,7526.279754694,11.59707527678,-717.6868417358
60,30,297,-1.101517388956e-15,4.292332190635e-14,-3.641219875837e-15,7887.686806117,0.4073606760831,-717.0638365968
60,30,298,-1.103903003079e-15,4.248754660999e-14,-3.232066743844e-15,8091.323018821,2.187113483134,-711.018873361
60,30,299,-8.840617259232e-16,4.296814127287e-14,-1.376562292863e-15,8185.404237534,4.552754331417,-717.4913726174
60,30,300,-9.787911878646e-16,4.28750380819e-14,-3.663689632376e-15,7887.037750734,-5.488807386303,-713.8936422772
60,30,301,-1.02509846208e-15,4.288390606165e-14,-4.873094416769e-15,7777.672698928,-8.461090462802,-718.8606266528
60,30,302,-1.051038242057e-15,4.254794608698e-14,-2.612454549192e-15,7896.986982999,-4.227125970349,-712.9211373647
60,30,303,-9.558941468519e-16,4.26931868885e-14,-6.935984755043e-15,7810.331874402,-2.488999652296,-710.6009431786
60,30,304,-9.337639623249e-16,4.312207583783e-14,-6.532763950579e-15,7709.593059341,-1.57108148646,-720.0219018501
60,30,305,-1.13376027122e-15,4.265160210195e-14,-5.304901430585e-15,7836.589753531,-7.449301069099,-712.3993892007
60,30,306,-1.131036586654e-15,4.312695316038e-14,-4.169882634897e-15,7808.275733254,5.550081431636,-719.8830299821
60,30,307,-1.143742898877e-15,4.261730055918e-14,-5.302789204979e-15,7537.207819531,-6.122903005205,-713.6619730539
60,30,308,-9.882382288222e-16,4.258407571934e-14,-5.983763873411e-15,7810.593098037,-1.73288370602,-711.2537489885
60,30,309,-1.026826691604e-15,4.292539906615e-14,-7.707514206178e-15,7729.829515502,6.791371721387,-716.5243941583
60,30,310,-9.023445395642e-16,4.268495469924e-14,-3.030157360738e-15,7991.570135696,0.3150204862132,-710.2969837619
60,30,311,-1.02785117426e-15,4.31189754763e-14,5.183576252607e-16,7996.10060082,2.939337517045,-720.5300916538
60,30,312,-9.570403795882e-16,4.322787997975e-14,-6.799187353465e-15,7991.915774064,-5.799397280233,-721.3565119149
60,30,313,-8.511024881656e-16,4.270170160501e-14,-2.470417143317e-15,7544.885819404,0.32647042891,-715.6240082574
60,30,314,-9.466576810059e-16,4.275359389975e-14,-6.754648850134e-15,7855.567544188,1.934056372798,-713.1333098775
60,30,315,-1.072149432005e-15,4.303403031138e-14,-7.869419171875e-15,8170.053201343,-8.585637674764,-717.194718656
60,30,316,-9.621483449216e-16,4.242713778617e-14,-3.1759731946e-16,8019.083314005,10.67246429071,-707.0120794213
60,30,317,-1.177149860772e-15,4.278586206735e-14,-5.545623395982e-15,7747.605077957,13.15705299404,-715.066523781
60,30,318,-1.034369421593e-15,4.269965741462e-14,-5.732879632274e-15,7974.137512116,1.281742839839,-715.1402994099
60,30,319,-9.020451446889e-16,4.206554170792e-14,-1.134442692251e-14,7854.329601189,0.3947490457203,-704.420679026
60,30,320,-1.050113566359e-15,4.265017270119e-14,-1.722426055053e-15,7748.329908187,-8.993818658396,-714.2713932919
60,30,321,-1.069986943719e-15,4.271524523719e-14,-4.527704103672e-15,7912.273651561,1.941548397399,-713.5781988285
60,30,322,-1.111047860237e-15,4.296729866996e-14,-4.914779995996e-15,8113.906745537,-0.914834356125,-716.9200555637
60,30,323,-9.773407411959e-16,4.296747172639e-14,-4.008893623176e-15,7858.238156852,-5.005095069697,-717.9672641158
60,30,324,-1.088287911062e-15,4.274093869873e-14,1.938719328622e-15,7877.176597323,8.952497086378,-715.4993426018
60,30,325,-1.161058982736e-15,4.319732288856e-14,-3.266141995888e-15,7873.412155133,-5.403133622886,-722.2900853261
60,30,326,-9.907473853378e-16,4.297490816087e-14,8.331697282906e-16,7907.488773802,-6.354294924343,-715.7634818807
60,30,327,-9.984633849202e-16,4.259388444939e-14,-4.998261695593e-15,7866.708976353,-9.665694339752,-713.0304315427
60,30,328,-1.061200906237e-15,4.243975909887e-14,-2.146691183009e-15,7794.091360615,12.36379939951,-709.7643839854
60,30,329,-1.054948893648e-15,4.278282758199e-14,-1.16709678744e-15,7775.408053914,0.2207488370482,-714.3898470589
60,30,330,-1.150867226301e-15,4.267140251039e-14,-8.961562585486e-15,8039.285327364,7.212151890561,-712.641120795
60,30,331,-9.614794612515e-16,4.313660897391e-14,-2.023105604477e-15,7987.085035871,4.544031983507,-720.9135383248
60,30,332,-1.014801010058e-15,4.301104356514e-14,-8.04844821595e-15,7784.314517375,0.3916531069363,-720.5269771328
60,30,333,-9.936498975933e-16,4.320283497817e-14,-2.69914736313e-15,7749.721338715,-5.151300895258,-718.7935878072
60,30,334,-1.104878304795e-15,4.240646442922e-14,-4.923653064169e-15,7865.830025845,1.139723075845,-707.8907923516
60,30,335,-9.047860881778e-16,4.285582076086e-14,-2.736073210232e-15,8258.53475264,0.3875931503478,-715.2066399059
60,30,336,-9.934898246181e-16,4.252272390757e-14,-8.212244995843e-15,8065.497191696,7.444488075616,-708.5956487309
60,30,337,-9.558320436159e-16,4.270453637266e-14,-5.666647901164e-15,8060.808237798,-6.651090622365,-711.6484700356
60,30,338,-9.338205039984e-16,4.282224795628e-14,-6.160671362828e-15,7940.962175835,-7.124773718812,-713.8221263448
60,30,339,-1.167685869748e-15,4.291589966674e-14,-1.669679616877e-15,7956.48819954,11.47134384104,-716.2301925486
60,30,340,-1.120559938293e-15,4.280822943379e-14,-1.768524624459e-15,8087.385619651,5.017725340089,-717.1035077633
60,30,341,-1.010470280864e-15,4.304812856207e-14,-2.966666765309e-15,7836.708329193,-3.293191633629,-717.5007441733
60,30,342,-9.692120570318e-16,4.310290275722e-14,-5.039513337973e-15,7845.417790126,-9.228776046098,-720.0672319684
60,30,343,-9.594184919439e-16,4.294288819718e-14,-2.186068522422e-15,7745.682663425,-12.90691514908,-716.2407744417
60,30,344,-1.083302023745e-15,4.267902858765e-14,-9.50585310576e-15,7815.080123826,-12.75076480556,-712.6806143633
60,30,345,-1.094653643835e-15,4.233759971372e-14,-4.30514350834e-15,7920.658817592,-2.212903814079,-705.560127934
60,30,346,-1.064580308726e-15,4.313657927368e-14,-4.17752402356e-15,7960.52646394,0.8070805163505,-720.4021623412
60,30,347,-9.445454753277e-16,4.303469789536e-14,-6.9674865344e-15,8169.02159312,-2.457507931859,-718.4683162012
60,30,348,-9.53717220508e-16,4.27723804577e-14,-9.885586387565e-16,8127.461228376,7.220931760324,-716.1690634185
60,30,349,-1.014578450238e-15,4.276496861962e-14,-2.717556246689e-15,7744.565078722,-3.243612771542,-715.6488264513
60,30,350,-1.107600972839e-15,4.29991430735e-14,-2.701365500283e-15,7770.213760011,-4.963866261846,-717.6700766638
60,30,351,-1.136474858287e-15,4.275161776163e-14,-5.635943932744e-15,7903.034711581,0.6760404893774,-715.5653748877
60,30,352,-9.640808262634e-16,4.261524386366e-14,-4.480687942544e-15,7964.894981321,1.13290333298,-711.1883877172
60,30,353,-9.43248778817e-16,4.287645634825e-14,-2.281304050589e-15,8166.067180894,10.94607205431,-717.848779795
60,30,354,-9.1033571765e-16,4.249484887294e-14,-5.44181768219e-15,8137.153576163,6.157345924413,-706.5556143001
60,30,355,-1.026932876499e-15,4.285468773903e-14,2.092233688123e-15,7971.272431725,-1.869664605015,-715.8950139757
60,30,356,-1.03090896117e-15,4.25952469063e-14,-3.837729398191e-15,8203.407232417,-10.32895317527,-711.4993478629
60,30,357,-1.081401412964e-15,4.247493096753e-14,-6.985108646524e-15,7842.570509516,-2.187917592015,-710.9967420477
60,30,358,-1.231710660981e-15,4.272576180982e-14,7.810658655255e-16,7670.347316586,-6.59842230978,-714.2169807518
60,30,359,-8.908089078005e-16,4.25655081239e-14,-5.583040840604e-15,8090.345455326,-0.3051402724109,-712.8073665317
60,30,360,-1.012098476746e-15,4.246315259678e-14,-1.198692858889e-15,7702.025024011,-4.642328167794,-711.1572133647
60,30,361,-1.030136879083e-15,4.278318326262e-14,-8.787239194892e-16,8074.231896082,-5.158566574789,-713.5079525519
60,30,362,-1.127411759835e-15,4.29384306712e-14,-3.274712385329e-15,7609.057357405,-6.594167518371,-717.785657064
60,30,363,-1.035405444674e-15,4.23562520064e-14,-5.18303103584e-16,7881.49464531,-3.24713807406,-708.579341772
60,30,364,-1.011410844365e-15,4.242682067377e-14,-1.481567578918e-15,7913.625805122,-3.561359741439,-709.3992213328
60,30,365,-1.085365813224e-15,4.265193188331e-14,5.888509013302e-16,8051.392266242,6.940748112468,-713.1564697523
60,30,366,-1.198309480922e-15,4.298601581031e-14,-1.688287979679e-15,7778.125099577,7.523032179648,-718.1913317658
60,30,367,-1.171505985291e-15,4.311210341224e-14,-3.833001667743e-15,7841.361792333,-2.984338892614,-720.1492407999
60,30,368,-1.108501167586e-15,4.266594051955e-14,-1.599007507251e-15,8099.921255327,-0.5791656633198,-710.9603394022
60,30,369,-9.803447295556e-16,4.309595771456e-14,-4.364540693679e-16,7353.872054266,1.598213218916,-719.5160248068
60,30,370,-1.077607205296e-15,4.250823728612e-14,-4.014890060967e-15,7612.760274183,1.031374878241,-714.3752895803
60,30,371,-1.096850890498e-15,4.288526695203e-14,-3.181387457901e-15,7810.770056342,-4.693677470839,-714.8068561727
60,30,372,-9.617675337287e-16,4.285099494781e-14,-3.356767522212e-15,7922.442875327,-4.175564298893,-717.727863821
60,30,373,-1.003217930161e-15,4.245482677726e-14,3.634092985304e-15,7973.294491233,-2.121457243767,-708.5144258746
60,30,374,-9.980451821857e-16,4.315422421423e-14,2.259371880286e-16,7954.847725487,-1.956268756927,-721.0695722758
60,30,375,-1.063746718259e-15,4.285776887145e-14,-5.888693897113e-15,7986.846269054,6.831378113971,-715.6563134456
60,30,376,-1.010884638681e-15,4.224617319968e-14,-1.222896624681e-15,7962.039477774,-0.5327480438122,-704.9453066787
60,30,377,-1.024852196222e-15,4.273884398975e-14,-5.222371803777e-15,7973.206171813,-3.108387202142,-712.8123177487
60,30,378,-1.13876000411e-15,4.305663945931e-14,-4.822480838078e-15,8409.369212715,2.239798185413,-717.62583566
60,30,379,-1.025332015435e-15,4.293344212127e-14,-5.391817448067e-15,7868.000489036,11.27125867959,-719.1032518713
60,30,380,-8.862220074749e-16,4.288958645631e-14,-7.276135420484e-15,7915.811870131,0.8104900242471,-715.1532008886
60,30,381,-9.659769465218e-16,4.301800336602e-14,-1.959969785434e-15,8085.390949677,5.490730859872,-718.0833303492
60,30,382,-9.701722244483e-16,4.273192705282e-14,-4.935357926343e-15,8035.430124002,-8.821342152438,-712.8302169097
60,30,383,-1.006845006389e-15,4.285396845006e-14,-3.967398442651e-16,8263.953868761,-2.814769317442,-714.0949499174
60,30,384,-1.117806157886e-15,4.312440638667e-14,-4.831800752086e-15,7731.574056963,0.2695020622651,-718.1448362974
60,30,385,-1.076209802264e-15,4.290634419006e-14,-4.145102580826e-15,7907.886649954,-12.59900785302,-716.836075669
60,30,386,-1.013499184347e-15,4.228474941992e-14,-4.308398887238e-15,7566.584578799,-6.278837767243,-707.2466065676
60,30,387,-9.08537716954e-16,4.276199226325e-14,-4.034341146016e-15,7935.508717343,-4.934148602321,-713.148443497
60,30,388,-9.836070182832e-16,4.281951027728e-14,-7.019489703027e-15,7777.583106802,1.92946491739,-713.9473463836
60,30,389,-9.35828824128e-16,4.242252006909e-14,-3.119931462726e-15,7998.649230853,12.71723403149,-709.0044098664
60,30,390,-9.494785965378e-16,4.291183614705e-14,-2.962309687113e-16,7896.98027136,1.814992438129,-717.5839780004
60,30,391,-1.016755248014e-15,4.237126156774e-14,-5.377273854621e-16,8082.016997813,-1.965346119489,-710.3326797893
60,30,392,-1.014818918818e-15,4.299757128467e-14,3.961040707467e-15,7798.275885905,-11.62595253491,-717.3710177344
60,30,393,-1.094801067553e-15,4.252133701831e-14,-9.594158713409e-17,7812.319393515,2.837029819625,-711.4129112874
60,30,394,-1.087314439565e-15,4.274690622648e-14,-3.345870183662e-15,7827.624963656,10.59689143123,-713.5212012236
60,30,395,-1.049847643521e-15,4.26851979904e-14,-4.970169830341e-15,7748.59874792,0.2264788417335,-714.9427992412
60,30,396,-9.777921732046e-16,4.276055065703e-14,1.821788705685e-15,7630.281611034,6.151260406049,-715.4243435998
60,30,397,-1.012775114861e-15,4.233297221184e-14,-2.193992853702e-15,7706.452375023,-6.259563139045,-708.8561329916
60,30,398,-9.669723158351e-16,4.265432700682e-14,-1.233924936493e-14,8093.457262904,-0.4244265415178,-714.9918420931
60,30,399,-9.652095700676e-16,4.303716556173e-14,-3.956761967608e-15,7700.566686191,-3.996776015555,-717.9178364587
60,30,400,-1.021261254687e-15,4.287789313141e-14,-3.613331913206e-15,8078.070226977,0.9048675280419,-713.7085911992
60,30,401,-9.903182094125e-16,4.342058066996e-14,-1.280934664625e-15,7747.748475788,-3.332191327014,-725.4187425047
60,30,402,-1.079696221577e-15,4.271883423185e-14,-1.226623969907e-14,7892.242909993,-15.91081134446,-712.0152268457
60,30,403,-1.018207925476e-15,4.340786988994e-14,-2.549376683441e-15,7908.218887095,-5.170657831349,-724.0475928292
60,30,404,-1.002871192246e-15,4.271342617572e-14,-5.919704031897e-15,7767.24806277,-12.65855364702,-713.0916312975
60,30,405,-1.072411390457e-15,4.302043458912e-14,-3.787182373961e-15,7822.691854695,0.7223249596216,-717.9555273488
60,30,406,-1.004983453893e-15,4.23870924358e-14,-8.049145391847e-15,7791.836253337,0.8320475578671,-710.6911804116
60,30,407,-9.390959323154e-16,4.309822162578e-14,-8.464305746297e-15,7924.541885126,3.492696700732,-718.5579275721
60,30,408,-9.720068434522e-16,4.290522641837e-14,-3.316770556944e-15,7906.539248114,2.042288919502,-716.6020516771
60,30,409,-1.01658382902e-15,4.27905556369e-14,-1.96008356719e-15,7807.612107786,-3.755524099038,-713.1108016758
60,30,410,-9.517052558707e-16,4.287634583396e-14,-4.622222790275e-15,7848.199441296,-6.325225546999,-714.1783603383
60,30,411,-9.93561170077e-16,4.288912769177e-14,-4.710589527408e-15,7735.684054644,-13.56109329919,-717.4478015974
60,30,412,-1.21824061925e-15,4.275416470547e-14,-2.357270095112e-15,7998.091633947,0.8566734834368,-712.4594114447
60,30,413,-9.95791103899e-16,4.242364043989e-14,-4.260091696671e-15,7575.057194736,-4.664179393162,-708.28957104
60,30,414,-1.104636732298e-15,4.261976735955e-14,-1.19028538208e-15,7779.552703639,14.2949015617,-712.880155591
60,30,415,-9.449207433954e-16,4.240956886499e-14,-7.66592685844e-15,7823.678422573,-4.193308494693,-710.2661524441
60,30,416,-1.005286844526e-15,4.294206103551e-14,-5.456878627515e-15,7852.668849595,-3.05474150379,-715.8241873165
60,30,417,-1.081451176543e-15,4.275047431095e-14,-1.041250921122e-15,8055.745155813,-3.614850840661,-714.042238357
60,30,418,-9.201906599091e-16,4.286136577135e-14,-6.151039692233e-15,7818.24291825,1.476382757322,-716.8723820958
60,30,419,-1.031320917509e-15,4.262613924637e-14,-2.81486737873e-15,7642.646583549,-2.886380324911,-711.1769296491
60,30,420,-1.078916439805e-15,4.294189296988e-14,-9.177586732603e-15,8252.56112512,-7.018015688315,-716.7352571427
60,30,421,-1.000903340796e-15,4.306910874299e-14,-5.905101871578e-16,7798.440835466,-0.453218188975,-720.8240284853
60,30,422,-9.496926499779e-16,4.267270105083e-14,-5.597896013171e-15,7801.565028713,-2.13691080324,-712.360633095
60,30,423,-1.004481519003e-15,4.249393581547e-14,-4.909619060495e-15,7804.942650598,-8.930747446188,-712.0814240346
60,30,424,-9.244761296906e-16,4.300243402776e-14,-8.651494706711e-16,7759.542695325,-2.706177431471,-716.5529613896
60,30,425,-1.063464991996e-15,4.269373408731e-14,-3.60888596548e-15,7932.354346944,-0.3972833681219,-714.9199591993
60,30,426,-1.076821487214e-15,4.357483367998e-14,-6.371714765568e-15,7783.801060084,-1.138232922447,-725.4096740898
60,30,427,-1.009001590954e-15,4.26879715543e-14,-9.058796223215e-15,7590.50941759,-9.542949442561,-713.5323045782
60,30,428,-1.054570769121e-15,4.270375985553e-14,-4.678280137436e-15,7788.698243999,-13.00282595189,-710.6761335635
60,30,429,-1.105535706692e-15,4.319100252537e-14,-3.572006900668e-16,7899.717679322,-3.218583643087,-720.6178072348
60,30,430,-1.01204493891e-15,4.286117550663e-14,-1.830049326512e-15,7799.490534083,7.010015660155,-717.0876172173
60,30,431,-8.723206313404e-16,4.284882303146e-14,-6.818872592968e-15,7887.212722148,6.037069395537,-716.2012425389
60,30,432,-9.953724458912e-16,4.278219699313e-14,-2.278372076129e-15,7654.195938015,9.096748248584,-712.8329258878
60,30,433,-1.094937092657e-15,4.281787471386e-14,-4.679348574621e-15,7904.522695763,-2.579115192082,-713.9099393311
60,30,434,-9.290858447614e-16,4.260765525289e-14,-4.72994339744e-15,8029.017075504,3.328725630136,-710.8693873469
60,30,435,-8.974717632326e-16,4.259955752563e-14,-3.547521166452e-15,7937.848645237,-10.66519110822,-710.9945884727
60,30,436,-1.12482769649e-15,4.287797966286e-14,-6.396061752322e-15,7733.982819636,-2.932335906456,-716.4284978032
60,30,437,-1.064306283219e-15,4.309499529405e-14,-2.922991786023e-16,7756.781168023,-0.7106471916499,-719.8892427862
60,30,438,-1.023566402801e-15,4.289655702615e-14,-2.857779804809e-15,7984.446021557,0.06622783186589,-718.4264927934
60,30,439,-9.635647707179e-16,4.271584132383e-14,-6.841752363886e-15,7704.261245378,-1.892331911245,-713.5685146414
60,30,440,-9.935362030917e-16,4.297298301302e-14,-8.953927265142e-16,7842.237532385,-4.857608466507,-718.8697480267
60,30,441,-9.65969740709e-16,4.264000589821e-14,-6.771083761901e-15,8168.163493945,-6.38854547407,-713.050305914
60,30,442,-8.337149624695e-16,4.301233563189e-14,2.836115587444e-15,7625.770485362,-2.264821868188,-719.0800338873
60,30,443,-1.101776216898e-15,4.305882322351e-14,1.536051928868e-15,7998.204392151,-2.713431695392,-718.5884628057
60,30,444,-1.095002953165e-15,4.289462731011e-14,-8.735418257219e-16,7819.963145038,-7.914303176887,-715.1536540579
60,30,445,-9.558070109643e-16,4.241844013598e-14,-8.541478676771e-15,8164.060177038,-0.1174697102508,-708.1805153688
60,30,446,-8.942283138757e-16,4.259000128504e-14,-1.235475641994e-16,7799.435336905,0.6609442872916,-712.3905949292
60,30,447,-1.051566978034e-15,4.248530538915e-14,-6.057299011535e-15,7841.647876609,-4.532457654423,-710.6919099653
60,30,448,-1.00831575909e-15,4.286878501988e-14,-2.818642320157e-15,7865.112915651,0.02612558784499,-715.4531175226
60,30,449,-1.038548621421e-15,4.293901777094e-14,-6.788361958955e-15,8045.477107232,4.494101162885,-715.5268277355
60,30,450,-9.084470676834e-16,4.256892783993e-14,-6.048783829142e-16,8069.304920068,9.940289287612,-712.6917929697
60,30,451,-9.981535282754e-16,4.287064456606e-14,-4.637718665586e-15,7873.802577784,-7.678981816766,-715.3928830074
60,30,452,-1.032660610363e-15,4.25203099481e-14,1.006608246715e-15,7930.41379776,-5.454825397232,-709.9374672158
60,30,453,-1.144244498488e-15,4.292187273079e-14,-7.34587966556e-15,7756.524045145,-4.970514546994,-715.1537036382
60,30,454,-9.601467269182e-16,4.27420399877e-14,-1.582375054891e-15,8103.67691085,7.013256282737,-714.7707272936
60,30,455,-1.096431859557e-15,4.250644775396e-14,-6.736642671156e-15,8162.302884804,-0.2942215882951,-710.913578325
60,30,456,-1.086437112037e-15,4.28308013702e-14,-5.578512770424e-16,7764.89355867,2.736556123386,-715.5063084388
60,30,457,-9.708538012238e-16,4.306724937671e-14,-2.954477681548e-15,7821.893079822,7.359704870415,-718.9758354272
60,30,458,-9.105876197954e-16,4.279482633818e-14,-3.239150340687e-15,8237.051052705,-15.22703899784,-713.4235255387
60,30,459,-9.499779867351e-16,4.26815854824e-14,-4.192514264565e-15,8043.98987809,16.1503381323,-713.9524414705
60,30,460,-1.040701623805e-15,4.265311074194e-14,-8.322933856407e-15,7842.479034313,0.252158344274,-711.869344021
60,30,461,-8.436887236903e-16,4.256112209493e-14,-3.35457427668e-15,7785.885062457,-2.987341525143,-709.5117357459
60,30,462,-1.035241114456e-15,4.326563940436e-14,9.240645348859e-16,8026.351113877,-10.52836385149,-721.9011330704
60,30,463,-9.975724711935e-16,4.304576584045e-14,-5.54829603214e-15,8021.369228093,1.05243093897,-717.9860278202
60,30,464,-9.768481591471e-16,4.315511177461e-14,-5.418715014402e-15,7822.306344517,-3.078467115343,-720.6279411555
60,30,465,-1.107098789695e-15,4.303205944394e-14,-4.338006326979e-15,7971.853935206,0.1158300986151,-717.2645448949
60,30,466,-1.100422439615e-15,4.300660912762e-14,-3.695415466652e-15,7448.879919075,14.45154942313,-716.8275246345
60,30,467,-1.131097885229e-15,4.309976917194e-14,-6.33291278901e-15,8062.125733492,7.41840436255,-720.0300932879
60,30,468,-9.556481452824e-16,4.242618076509e-14,-5.696203969669e-15,7976.142302733,3.243636110945,-708.4391181574
60,30,469,-9.201817106887e-16,4.294211273585e-14,-8.45521813284e-16,8363.690575944,5.153313201885,-717.3361537964
60,30,470,-9.896899324438e-16,4.251991155521e-14,-2.030637464607e-15,7718.835711867,3.738334406092,-711.8840433406
60,30,471,-1.018263927175e-15,4.33044280114e-14,1.71103107941e-15,7963.372985759,2.037017556397,-722.3052612759
60,30,472,-1.055650096174e-15,4.282413084758e-14,-5.928860539007e-15,7365.471797146,-12.02857413189,-714.5236345894
60,30,473,-1.050655631073e-15,4.243128384322e-14,-5.374390898811e-15,7738.028423747,-4.222640638507,-708.3348771092
60,30,474,-1.114887345318e-15,4.285764958465e-14,-5.931415160327e-15,7682.031143508,-5.705726116112,-718.5684981692
60,30,475,-1.048479856778e-15,4.305985090535e-14,-5.470039929185e-15,7871.218054812,2.305000595572,-718.4157140228
60,30,476,-8.886185794577e-16,4.253830462134e-14,7.070625645394e-16,7992.060798816,-10.51301353108,-711.9164143366
60,30,477,-9.790392293179e-16,4.316471811926e-14,3.720708455416e-16,7855.000307207,13.95749129514,-720.8146563821
60,30,478,-1.089389224732e-15,4.269548473215e-14,-2.204551538139e-15,7860.828819731,2.47082121392,-713.2421532626
60,30,479,-9.428150717402e-16,4.284776970114e-14,-5.176041922764e-15,7843.095853576,-1.317527685084,-716.1358058072
60,30,480,-1.174464307122e-15,4.294682943083e-14,-3.27773403207e-15,7905.225005005,2.843210582068,-717.9334023666
60,30,481,-8.483089293364e-16,4.261502185166e-14,-5.209134724936e-15,7995.988920356,-7.816404889151,-713.1584218559
60,30,482,-1.126986375483e-15,4.29491275782e-14,-4.028229690506e-15,8044.645506056,-3.051778804309,-717.775744242
60,30,483,-9.560119374459e-16,4.293843720198e-14,-3.137437076353e-15,7921.4470359,3.077777215236,-717.2661362394
60,30,484,-9.466004703654e-16,4.262912692083e-14,-3.244837118694e-15,7848.36912791,-9.445469710091,-712.2603517746
60,30,485,-1.033258716358e-15,4.338094157176e-14,-1.241133876169e-15,7944.452001496,-0.3840490698707,-725.5388227567
60,30,486,-1.025163766341e-15,4.269789189081e-14,-6.495258285912e-16,7511.961834555,-2.581154006257,-712.1692694829
60,30,487,-9.887455715338e-16,4.281937082147e-14,-5.208726404064e-15,7878.418151589,5.501048291053,-714.8967195252
60,30,488,-1.157289341691e-15,4.216512556651e-14,-5.486671393635e-15,7949.195470989,-14.58077848709,-704.1209696648
60,30,489,-1.169996570751e-15,4.26619736524e-14,-4.641558542978e-15,7846.723505724,-6.810421091654,-711.3962394804
60,30,490,-9.915697647495e-16,4.250323059176e-14,-4.509493414806e-15,7823.742336943,-1.945631055209,-710.7254194501
60,30,491,-1.056319417303e-15,4.269754337184e-14,-6.695792537605e-15,8082.582834075,3.094762936857,-714.7393221195
60,30,492,-1.035474023791e-15,4.281869283525e-14,-1.25880289221e-15,7909.539021003,-10.17916038522,-716.5164711163
60,30,493,-9.690643250128e-16,4.238296530561e-14,-1.423430971521e-15,8008.849271853,-1.196373883262,-708.1191488658
60,30,494,-1.186988355286e-15,4.302068020432e-14,7.747493718731e-17,8096.239868264,-1.532188733002,-720.0757289255
60,30,495,-1.01557158453e-15,4.273747512442e-14,3.38660366975e-15,7781.743720741,10.02827648072,-713.8887803458
60,30,496,-1.152009593038e-15,4.313513246145e-14,-2.713628454008e-15,7910.174870182,-0.06592014040079,-720.7119645302
60,30,497,-9.879582621635e-16,4.287736375031e-14,-4.028117323299e-15,7915.944436669,-0.4225794243498,-716.4522060205
60,30,498,-9.708739909502e-16,4.267874320507e-14,-4.303075600476e-15,7648.799968729,-0.1135031151037,-715.2602196545
60,30,499,-1.035202915563e-15,4.287400619807e-14,3.529075688245e-16,7942.172291867,1.453669926977,-716.4921219831
60,30,500,-9.091967599338e-16,4.270895746781e-14,-4.081468883851e-15,8003.851964338,-9.809173744139,-714.2214837526
60,30,501,-9.594274188191e-16,4.278285368983e-14,-2.35320739649e-15,7919.970736721,2.759710696839,-716.186088957
60,30,502,-1.035086980961e-15,4.277331525528e-14,-9.291964988954e-15,7887.029999923,2.009815823099,-715.3253191613
60,30,503,-1.064599129835e-15,4.263077855539e-14,-3.341641511423e-15,7959.607883797,-6.719457974041,-713.2779255981
60,30,504,-1.024568386271e-15,4.260034526895e-14,-3.943442736316e-15,7903.1430336,-3.178898164996,-713.7581205435
60,30,505,-1.031879670271e-15,4.296443250308e-14,-1.307873663746e-15,7710.493158524,-11.87747135273,-715.9664174873
60,30,506,-1.211310972974e-15,4.304686936036e-14,-8.461188736145e-15,7925.357396205,-9.418958926836,-719.0583062943
60,30,507,-1.123318698615e-15,4.326020308152e-14,-8.052974428439e-15,8105.879692245,-6.994531094378,-721.5319483003
60,30,508,-9.700502332184e-16,4.297571217729e-14,-8.484065644497e-15,7840.145807893,13.65681298731,-717.2113444772
60,30,509,-1.031386690356e-15,4.275644959843e-14,-5.444588536765e-15,7951.996246053,6.797448555897,-713.3411635277
60,30,510,-1.108676929109e-15,4.275629609645e-14,-5.710810216713e-15,7898.505301792,4.702949570301,-714.8790407466
60,30,511,-1.18578703716e-15,4.286941397649e-14,-6.937102810718e-15,7793.026953265,5.887396267954,-715.2836701448
60,30,512,-9.833715439805e-16,4.277709600548e-14,1.437664676988e-15,7788.785446652,-0.5032437482636,-714.8608520254
60,30,513,-1.051262755767e-15,4.32163298078e-14,-9.096497311085e-15,8042.205880375,-12.77347489347,-720.2253736257
60,30,514,-1.00032134212e-15,4.276540875655e-14,-6.175567139835e-15,7838.006320575,-6.665824314568,-714.3041698605
60,30,515,-1.017571889395e-15,4.302821858113e-14,-5.66515047946e-15,7949.434662746,-0.9923403689452,-718.4331690847
60,30,516,-7.851907699809e-16,4.247282057025e-14,-4.347275040884e-15,7881.88023427,-2.177153056782,-711.2403879961
60,30,517,-1.044534432047e-15,4.29643067649e-14,-3.584330941099e-15,7802.271053489,-2.120662461442,-717.6690362555
60,30,518,-1.095916775636e-15,4.297153774172e-14,-4.535814497723e-15,7724.913463259,2.851805755622,-717.357826645
60,30,519,-9.753590492129e-16,4.291877853617e-14,9.166606574227e-16,7943.188473971,2.155947176071,-716.0960485631
60,30,520,-7.709787388371e-16,4.293163402336e-14,-5.022317180231e-15,7775.664266313,9.746727018648,-717.1644484476
60,30,521,-9.878670817895e-16,4.252253302293e-14,-2.638243045323e-16,7994.243678698,7.056697129876,-709.5846581222
60,30,522,-1.03843794961e-15,4.2732730348e-14,-9.190744961904e-15,7920.35061325,-10.99167233568,-712.484788827
60,30,523,-1.020793012564e-15,4.277817829084e-14,-4.353948313707e-15,8162.485178815,-0.8045657459673,-715.9323914591
60,30,524,-8.844395550286e-16,4.283045114161e-14,-7.077022127318e-15,7748.921134849,4.636312553781,-714.629943613
60,30,525,-1.046415999501e-15,4.267444366197e-14,-5.854537850812e-15,7921.595252156,-1.744598529,-712.6523979654
60,30,526,-9.789377814982e-16,4.334819634949e-14,-4.197988684894e-15,7673.671701155,-12.48080962184,-724.5600529674
60,30,527,-9.881286230973e-16,4.256795233127e-14,-7.418578535371e-15,7934.541133028,-2.776434353558,-711.0890805129
60,30,528,-1.154776988353e-15,4.232890215641e-14,-4.711734755514e-15,7934.48498599,-2.064102998627,-709.7391829623
60,30,529,-1.062415044835e-15,4.230431420797e-14,-3.409502822668e-15,7874.427334631,-8.453793149172,-706.9514916472
60,30,530,-1.159935837934e-15,4.261842308866e-14,-2.069623696879e-15,8004.346033283,3.629046166897,-713.8388697306
60,30,531,-1.201279740455e-15,4.224858928326e-14,-1.783677690743e-15,7938.169905772,-5.03817714987,-706.7210180739
60,30,532,-9.567629143783e-16,4.262723692859e-14,-5.289641356448e-15,7550.070436458,-0.6053276655133,-710.8675045435
60,30,533,-1.138587858326e-15,4.307752741108e-14,-2.999771585363e-15,8266.178766005,2.800049181077,-722.5202088765
60,30,534,-1.080682473537e-15,4.316450878773e-14,2.411813989445e-15,7874.420636953,1.09744424356,-721.3665720796
60,30,535,-1.070640645887e-15,4.274149083678e-14,-3.931758851818e-15,7943.356903553,-8.870060539026,-712.4536140039
60,30,536,-1.061180938864e-15,4.291129409217e-14,-7.924479682744e-15,8060.544334201,-2.726125890524,-716.9441341153
60,30,537,-1.003689378377e-15,4.292178774599e-14,-9.079266246627e-15,8207.322418696,-2.017758465713,-716.4223754704
60,30,538,-9.657184050378e-16,4.308443034271e-14,-6.134856908473e-15,7817.531766696,0.2409169244926,-719.9354721876
60,30,539,-1.037308481144e-15,4.323829496812e-14,-3.849582631371e-15,7970.156673004,-8.034477073209,-722.4146591334
60,30,540,-1.037746878123e-15,4.289792561739e-14,-8.204393036351e-15,7793.37670446,0.887233434277,-716.7718651845
60,30,541,-9.148736893672e-16,4.247687251955e-14,-7.412619222051e-15,8037.720696272,-3.075560299096,-710.0994060815
60,30,542,-1.047761568035e-15,4.276698694967e-14,-7.454508786388e-15,8164.915873707,2.952540181848,-714.3301916833
60,30,543,-1.16220670004e-15,4.271331857338e-14,1.599400388904e-16,7641.34098875,-4.646089927834,-715.2978105027
60,30,544,-1.03742912292e-15,4.282627146495e-14,-9.495296794389e-15,7846.856715879,1.942867565829,-714.2020038918
60,30,545,-9.836793286684e-16,4.29112459319e-14,-1.830314564074e-15,7758.32748907,-2.47412122845,-716.4175066052
60,30,546,-1.064702919087e-15,4.191734764645e-14,-6.182043728845e-15,7907.732704113,2.600165911871,-702.6020833333
60,30,547,-9.61462411777e-16,4.273832313709e-14,-5.289655380052e-15,7921.008134057,11.66146774984,-714.8761083693
60,30,548,-1.036927149908e-15,4.272647376174e-14,-5.889890736105e-15,7729.476063852,4.493577882721,-715.1674466667
60,30,549,-1.061519554631e-15,4.251475451231e-14,-3.109722439684e-15,7719.784725476,-4.382154421508,-711.3952377006
60,30,550,-9.86928324643e-16,4.244028568113e-14,-6.27563895626e-15,7809.735407494,3.369197939456,-709.228184763
60,30,551,-1.040234303623e-15,4.259078061316e-14,-9.518023498617e-15,7892.667580258,-0.8804760192034,-711.3586960021
60,30,552,-9.480356939401e-16,4.257361140057e-14,-7.730824366064e-15,8312.585042815,-3.342923643297,-710.1497845284
60,30,553,-9.108013402182e-16,4.265135947622e-14,-1.157450123909e-15,8004.366375315,1.10401469615,-714.9456891977
60,30,554,-9.616587242444e-16,4.260893736865e-14,-1.990881400721e-15,8073.215768474,3.168501072504,-712.5396040366
60,30,555,-1.09078691495e-15,4.272465263506e-14,8.541264708407e-16,8136.744469516,6.099246203843,-713.9937119156
60,30,556,-8.780336626469e-16,4.291032567475e-14,-9.46554822627e-15,7846.944175659,0.6385962828061,-716.6501617756
60,30,557,-1.157812572138e-15,4.263283188303e-14,-4.022934493065e-15,8128.917689884,-3.909387376263,-711.6802554612
60,30,558,-1.055630918374e-15,4.307373365295e-14,-5.083005687201e-16,8113.165974347,15.98541693005,-718.0767972264
60,30,559,-1.035265765581e-15,4.299887798665e-14,-2.145179605915e-15,8045.316358995,-3.457363114425,-716.2730799092
60,30,560,-1.071999911877e-15,4.298334039064e-14,-5.869642214816e-15,7889.283424864,-3.117474225872,-716.3567890294
60,30,561,-9.366875568396e-16,4.264809843622e-14,-5.474469153932e-15,7985.263370724,1.296470688752,-712.5785186262
60,30,562,-9.459404386148e-16,4.262748290025e-14,-5.760821016799e-15,7848.736320484,5.794004455756,-711.3220960839
60,30,563,-9.948221004456e-16,4.271585416457e-14,-6.988952402015e-16,7905.246987028,-0.8260572684594,-712.8254593452
60,30,564,-1.049297941069e-15,4.272262015829e-14,-1.750908248652e-15,8006.075489765,0.8168221679538,-712.9236656777
60,30,565,-1.052596887442e-15,4.275558835894e-14,-7.609132546201e-16,7752.092678306,5.978386144111,-716.0160580922
60,30,566,-1.020629628168e-15,4.323104512915e-14,-5.312819124659e-15,7766.365162143,11.55895819323,-722.6720461409
60,30,567,-9.508282180002e-16,4.256650933377e-14,-4.110965865126e-15,7773.231102824,-4.251897806444,-710.0072046648
60,30,568,-1.053061285814e-15,4.254249065975e-14,-5.393142998926e-15,7825.464308543,7.962190104431,-708.9445423804
60,30,569,-1.017055253195e-15,4.26480249812e-14,-4.399241867147e-15,7682.761503333,-5.735724465043,-714.5477938981
60,30,570,-9.929211439865e-16,4.231242063083e-14,-3.599365021831e-15,8021.928300441,-5.598416500439,-709.7944332453
60,30,571,-9.409277518378e-16,4.255427336404e-14,-3.991109038996e-15,7848.685859808,-8.693724762834,-713.10380317
60,30,572,-8.70569902129e-16,4.259810815985e-14,-1.37143175626e-15,7856.312922483,0.5426046142554,-709.1085483493
60,30,573,-1.066645713462e-15,4.302373648175e-14,-3.671290150861e-15,7897.937097454,-5.16525012485,-720.051552005
60,30,574,-1.116503458237e-15,4.267325981196e-14,-3.548487204361e-15,7585.263194434,14.96652044003,-713.9738004722
60,30,575,-1.065936948128e-15,4.295095341603e-14,-4.443602975278e-15,7860.478968395,-11.30629167664,-716.0989959363
60,30,576,-1.107837271051e-15,4.235802108354e-14,-1.034169581588e-15,7843.676378177,-4.133570251782,-708.1049086857
60,30,577,-9.52736749699e-16,4.257166024324e-14,-1.044722813708e-14,7690.969948789,2.699611535785,-709.3575159114
60,30,578,-9.398991133629e-16,4.275080989017e-14,-4.577772319931e-15,7990.03285162,-8.659420133807,-714.8105247862
60,30,579,-9.958755014143e-16,4.265906027255e-14,-4.916828674191e-16,8287.313025666,2.431898667263,-711.5844641975
60,30,580,-1.102648015804e-15,4.260930688595e-14,-5.280485197048e-15,7476.987223348,-12.95733742327,-713.853836348
60,30,581,-1.112860778393e-15,4.330668403261e-14,-3.764129584744e-15,7533.007794301,-0.7724090931849,-723.4454621424
60,30,582,-1.099228300683e-15,4.260294807384e-14,-9.518972012034e-16,7778.787285245,-8.022004227668,-710.9511651565
60,30,583,-1.005350048401e-15,4.278540078763e-14,4.453854991606e-15,8049.850114537,4.967175656059,-714.3844897235
60,30,584,-1.067502435601e-15,4.275192222457e-14,5.246234564753e-17,7771.862027698,1.431180926667,-715.29161452
60,30,585,-9.781509044934e-16,4.315410696749e-14,-3.784466854941e-15,7826.674918951,-2.801525378503,-722.0560351879
60,30,586,-9.17740491038e-16,4.281202124365e-14,4.676940557264e-15,8073.824697079,7.59723770831,-715.818436211
60,30,587,-9.974455610654e-16,4.269900491507e-14,-2.762554779406e-15,7949.474832127,9.232326838367,-711.8195719657
60,30,588,-9.392697962251e-16,4.245267140502e-14,-6.301211475459e-15,8025.104847229,-6.303491616344,-708.7505801814
60,30,589,-1.029140618966e-15,4.311515446231e-14,-3.156122394439e-15,7787.929090556,-6.616060275359,-718.6600769967
60,30,590,-9.551405590649e-16,4.28367449238e-14,2.502648463182e-15,7862.590678749,-4.618586706584,-714.6507557865
60,30,591,-1.063882418959e-15,4.266610464525e-14,-1.738850716639e-15,8006.695674931,3.503146872198,-713.1408200026
60,30,592,-9.62867131915e-16,4.276004202141e-14,-8.513805192043e-15,7813.284666613,-4.683536124707,-715.1759748304
60,30,593,-1.107593289869e-15,4.286775592251e-14,-2.85156354156e-15,7969.150902088,11.75877426408,-718.442078912
60,30,594,-1.079617922654e-15,4.321076456293e-14,-5.800604263332e-15,8083.413716368,8.152325252492,-720.4620542006
60,30,595,-1.0495116507e-15,4.302558512261e-14,-6.682367103352e-15,7830.371831141,-0.4272371866004,-718.8575909659
60,30,596,-8.707257208671e-16,4.256611337033e-14,-2.551256174788e-15,7862.190108893,-5.637967480296,-709.2023810993
60,30,597,-7.985487396588e-16,4.273649770822e-14,-4.982189746735e-15,7772.23741743,4.591767733156,-713.1926382208
60,30,598,-1.063419814718e-15,4.288474940537e-14,-8.194154389744e-15,8343.406046737,-5.60036005372,-717.4730785488
60,30,599,-9.99087767693e-16,4.261234657245e-14,-3.759889661375e-15,7734.749225687,6.371897989752,-712.485193715
60,30,600,-1.06823456631e-15,4.277415273788e-14,-4.954485908247e-15,7721.227413384,-1.599416799713,-714.8849085652
60,30,601,-9.636735707401e-16,4.257924160364e-14,-6.014827934755e-15,8005.409952643,-4.699373158652,-712.8065498059
60,30,602,-9.55622563275e-16,4.295971865283e-14,-5.049646974639e-15,7772.320853937,6.105527808845,-717.8822333791
60,30,603,-9.572266567439e-16,4.304286976436e-14,-8.730538635948e-15,7913.29514289,-4.683671368307,-717.6712010001
60,30,604,-8.986055775928e-16,4.296409934665e-14,-5.423694547645e-15,7861.393588482,-0.7058592581216,-716.7489517167
60,30,605,-1.009986942291e-15,4.318902896813e-14,-1.184257511555e-15,7913.917165183,-2.550041369975,-719.4966444469
60,30,606,-1.038026574247e-15,4.268876641162e-14,-1.331420546369e-14,7862.590584306,-3.502313167025,-712.8743574497
60,30,607,-1.033117741694e-15,4.247937405865e-14,1.007821547726e-15,7664.607908808,-0.9560166571726,-707.7800607177
60,30,608,-1.097484484977e-15,4.287269481921e-14,5.307619982823e-16,7898.033610987,5.230426477347,-719.8316744832
60,30,609,-9.808361907667e-16,4.315409570709e-14,-4.368895224635e-15,7962.36687957,5.963464905049,-722.0224185499
60,30,610,-1.02051182498e-15,4.274679569199e-14,-3.171425088562e-15,7987.708769054,1.059431393391,-714.4169559178
60,30,611,-9.896559783544e-16,4.26869236263e-14,-9.777313850714e-16,7872.139891972,-2.656679120983,-712.793543937
60,30,612,-9.450369433558e-16,4.252586822233e-14,-5.998152384253e-15,8156.845460232,-4.006861324894,-710.1624021142
60,30,613,-9.915493386704e-16,4.290057837812e-14,8.229693572539e-16,7953.305703338,2.507854531572,-717.6253701229
60,30,614,-9.030252395562e-16,4.290240793116e-14,-1.010870300402e-14,7925.483621367,-1.638733259273,-717.8232259906
60,30,615,-1.00370729163e-15,4.265269575525e-14,-2.84249244111e-15,7913.061192438,-3.570380660674,-713.4890123567
60,30,616,-1.031471374994e-15,4.261378154924e-14,-3.262035780643e-15,8055.609776296,3.127484204744,-713.7783147886
60,30,617,-9.797888375316e-16,4.264651123287e-14,-7.196627914682e-15,7984.026303171,-2.724950843037,-711.7185055673
60,30,618,-9.346494002634e-16,4.239538466492e-14,-2.240554763327e-15,7893.456623829,-2.03787399754,-709.5315775855
60,30,619,-1.012283078733e-15,4.265671049965e-14,-3.724417177771e-15,7852.174070726,-6.038906180846,-713.1659633843
60,30,620,-1.103174268193e-15,4.319899239368e-14,-3.784385363249e-15,7942.846514313,-7.364483203102,-720.2167184878
60,30,621,-9.322841695794e-16,4.31403830923e-14,-6.623293032755e-16,7820.790666652,2.43518712351,-720.0907813965
60,30,622,-9.90856447781e-16,4.261129980707e-14,-3.739013507647e-15,7668.0254748,2.271329878881,-712.4835364051
60,30,623,-1.076128685837e-15,4.321728558365e-14,-3.769491023758e-15,7923.463172899,-4.672085503901,-719.6232183949
60,30,624,-9.766487250337e-16,4.254099286029e-14,-3.187295914598e-15,8003.131308455,-8.514903462817,-711.1381759449
60,30,625,-9.080902923775e-16,4.272068280619e-14,-6.513866368948e-15,8159.997020958,-1.097741638169,-713.6180860174
60,30,626,-1.171698912403e-15,4.260687236724e-14,-7.533447316095e-15,8082.010152093,-4.226673544889,-712.2246068208
60,30,627,-8.866479528557e-16,4.261549198824e-14,-8.791462667014e-15,8035.997132902,-5.619102813595,-712.5961788701
60,30,628,-9.740418087759e-16,4.296621908033e-14,-5.670168188616e-15,7896.877217802,-3.36195773762,-716.9347828351
60,30,629,-9.709234011534e-16,4.257175443097e-14,-8.967939204875e-15,8156.685336919,-3.682073962281,-710.9451964934
60,30,630,-9.568350465153e-16,4.253482875884e-14,-7.682282390827e-15,7846.329553455,-3.993931226418,-710.6225379463
60,30,631,-1.1578578255e-15,4.252359828075e-14,2.165854345617e-15,7786.268433185,5.062901542782,-708.7317409399
60,30,632,-8.140245553105e-16,4.294365509453e-14,-3.813836387614e-15,8117.521672479,-2.156601893977,-716.3604409369
60,30,633,-9.761436436801e-16,4.301838128427e-14,-5.748682058306e-15,7801.973617164,-2.400822650547,-718.6908952066
60,30,634,-9.854920318111e-16,4.21078977558e-14,-5.535961228314e-15,7972.334297717,-4.46748183291,-704.3901391034
60,30,635,-1.091134023779e-15,4.325738978005e-14,-5.350354411652e-15,7773.534525388,-2.062670933527,-723.4676861282
60,30,636,-9.92953576185e-16,4.267831200987e-14,-3.478150449716e-15,7953.996727693,1.097852338668,-711.5486265672
60,30,637,-1.078101885194e-15,4.32347658539e-14,-7.048698395341e-15,7829.969667584,7.865838144591,-721.6692426725
60,30,638,-1.055550697401e-15,4.283711487768e-14,-4.267542203926e-15,7871.7753941,-3.030948514268,-716.7444877243
60,30,639,-1.075685692325e-15,4.250303292184e-14,-2.244504804891e-15,7719.271355732,2.198302220501,-711.3141274514
60,30,640,-1.000446425973e-15,4.264210364498e-14,-7.100626949865e-15,8217.400476897,-1.378229617154,-714.4004313416
60,30,641,-1.051368368676e-15,4.232815579394e-14,-2.928078583607e-15,7785.691264851,-6.619026232704,-706.5755271967
60,30,642,-1.082558685851e-15,4.262738706478e-14,1.731978138612e-15,7671.371077946,-8.904217087109,-713.0812866962
60,30,643,-9.312339742404e-16,4.284177478595e-14,-7.79014948941e-15,7907.850769013,1.295843015692,-718.2146902963
60,30,644,-9.931317881513e-16,4.293168594043e-14,-6.31752360594e-15,7942.091678802,-5.070057161638,-715.4925556061
60,30,645,-1.017241760632e-15,4.267016326671e-14,-5.010223231326e-15,7690.307513929,-7.265561279418,-712.9248591703
60,30,646,-1.004263741212e-15,4.313986527908e-14,-7.377282642037e-15,8034.82209385,5.398123827967,-719.9501673612
60,30,647,-1.075261554109e-15,4.229494554825e-14,4.986480679874e-16,7865.966981802,2.931888796115,-707.572313989
60,30,648,-1.034269917744e-15,4.252115430288e-14,1.310985739027e-15,8230.902388326,-11.68384333089,-712.3133925868
60,30,649,-1.190950398613e-15,4.27596600494e-14,-7.39253320952e-15,7899.08867292,-9.7857543239,-716.1279337794
60,30,650,-9.439103067513e-16,4.267508744388e-14,-5.543127392004e-15,8061.604246786,-12.39461257529,-712.7709551192
60,30,651,-9.893105650696e-16,4.267611888907e-14,-6.494416015409e-15,8180.327664801,2.113498799603,-712.4280394191
60,30,652,-9.546119184798e-16,4.277010020109e-14,-4.666825338494e-15,7870.332787081,0.5798943929565,-714.2519709751
60,30,653,-1.056894624198e-15,4.256665086391e-14,1.862589666987e-15,7844.789515303,10.11916713326,-712.8931018074
60,30,654,-1.03043812727e-15,4.285918531399e-14,-2.15150924372e-15,7926.756547707,5.286292572294,-715.4397029563
60,30,655,-1.036339831164e-15,4.283053064223e-14,-5.890483135735e-15,7933.828172259,6.617134750787,-715.9313784095
60,30,656,-1.00164745535e-15,4.285592928723e-14,-3.401959192887e-15,7874.200351931,3.744321164733,-715.1555849659
60,30,657,-1.000181472249e-15,4.319231140341e-14,-3.632310764607e-15,7840.467226969,-3.402934516643,-720.775702121
60,30,658,-1.04853883855e-15,4.270868514281e-14,-3.523480851069e-15,7349.794489624,3.23231814982,-712.430966876
60,30,659,-9.287310642671e-16,4.308377145653e-14,-4.927160449038e-15,7981.647938579,0.235221642479,-719.4179377474
60,30,660,-1.098986266467e-15,4.297245968212e-14,-4.534042375313e-15,8207.73797176,-3.787582759871,-719.2678861331
60,30,661,-1.045337551476e-15,4.29712479307e-14,-2.629497908789e-15,7971.687060513,10.96874880273,-717.277815356
60,30,662,-1.069625702433e-15,4.291851502739e-14,-3.686728277503e-15,7910.206543032,9.641248437325,-714.179393547
60,30,663,-1.075181827023e-15,4.298962937449e-14,-4.746884107815e-15,7832.064213788,-4.565797108351,-719.9402413993
60,30,664,-1.079079800334e-15,4.254087310102e-14,4.341676385867e-15,8118.166974282,4.369167992504,-711.8811447995
60,30,665,-9.642497398747e-16,4.283271475842e-14,-8.040790703373e-16,7766.941112728,3.072515376188,-718.811676544
60,30,666,-1.140873331941e-15,4.276295781381e-14,-4.4249518103e-15,7846.496101171,-2.509724698565,-713.1990109542
60,30,667,-1.080317814271e-15,4.254644103233e-14,-1.410737338765e-15,7649.56336835,-1.935159811613,-712.6182980839
60,30,668,-9.043665496095e-16,4.245847327885e-14,4.758477499477e-15,7880.880083426,2.217719539471,-708.9908683801
60,30,669,-1.183659214175e-15,4.300368880921e-14,-3.633002406234e-15,7719.986020118,-4.600567630252,-719.3322630451
60,30,670,-1.038283652051e-15,4.259255815649e-14,-3.67770856755e-15,7623.522948962,2.91951097092,-710.6398808382
60,30,671,-9.861633189414e-16,4.289584915326e-14,-9.012320141603e-16,7850.104425599,-0.9408686456377,-717.7457046686
60,30,672,-9.950156139731e-16,4.293517250607e-14,-2.899462884965e-15,7939.945553756,-1.665982111366,-717.1318575336
60,30,673,-9.117935985225e-16,4.263873790123e-14,-6.345557422935e-15,7727.125302561,-4.639181276405,-710.9829795958
60,30,674,-1.002173200431e-15,4.230062232029e-14,-3.634039373211e-15,7866.769379363,-2.203634541943,-705.5183131207
60,30,675,-1.039471771829e-15,4.287836868596e-14,-5.478402921121e-15,7631.860349154,2.317858397021,-715.9221905581
60,30,676,-1.022137315471e-15,4.247450108004e-14,-1.076135476595e-15,8161.226260976,-0.2074154605884,-707.4097081026
60,30,677,-1.00452349496e-15,4.26428826495e-14,-5.572385957103e-15,8004.149815605,-2.751237925098,-712.859977299
60,30,678,-8.671116094e-16,4.269519432447e-14,-8.890763176211e-15,8069.91248974,0.0877027696718,-713.9111775939
60,30,679,-1.103576871015e-15,4.279545721851e-14,-3.991213005767e-15,7668.312757326,9.089652367221,-715.5951646628
60,30,680,-1.003047947167e-15,4.259875788915e-14,-2.25072560082e-15,7656.243577951,-5.121439904077,-710.3451818909
60,30,681,-9.790213271793e-16,4.252381776155e-14,-6.589341515696e-15,7861.827034427,5.09474029269,-710.2027767601
60,30,682,-1.024658949637e-15,4.265275291933e-14,-2.654090527863e-15,7761.999187737,-2.831772285964,-712.0390762267
60,30,683,-1.07647640069e-15,4.306601011191e-14,-2.61909984246e-15,7903.106035293,-2.691549485161,-719.7217898731
60,30,684,-1.106558967609e-15,4.265141416027e-14,-4.082089060634e-15,7810.287570559,0.1762395558141,-712.4760027613
60,30,685,-9.140623929044e-16,4.260617788778e-14,-3.811395371156e-15,7877.0619802,2.423174197908,-712.2042344554
60,30,686,-1.104868109383e-15,4.284259192423e-14,-4.812671546411e-15,7812.843505186,-9.18378846521,-716.53783536
60,30,687,-1.084601451005e-15,4.273765131238e-14,-3.805401101514e-15,8256.304708114,3.257967021879,-714.6745128625
60,30,688,-1.080690932363e-15,4.275181617864e-14,-5.761270306614e-15,8019.691996333,2.059086562197,-715.0169707114
60,30,689,-1.001055409698e-15,4.244796277516e-14,-1.292896143588e-15,7868.636040705,-4.357670083906,-711.3399452405
60,30,690,-1.04906636942e-15,4.318842782494e-14,-3.01732894989e-15,7926.190696248,7.008046863282,-721.4407162115
60,30,691,-1.011437848502e-15,4.293095404005e-14,-1.829100179381e-15,7729.809890565,-2.486917821333,-718.8336318683
60,30,692,-1.050847107619e-15,4.271816102902e-14,-9.913504825954e-15,8123.978814683,0.5382911379107,-713.1492386838
60,30,693,-9.711169733698e-16,4.263640401296e-14,-7.73622828327e-16,7649.86942504,10.70303928865,-711.1012821922
60,30,694,-1.023104220192e-15,4.231455456435e-14,-6.775983626405e-15,7954.367919208,3.022859151809,-709.3799045633
60,30,695,-1.094698721866e-15,4.274622061038e-14,-5.185354125075e-15,7967.526521914,3.111537338022,-715.4209351103
60,30,696,-1.013245695145e-15,4.335784195594e-14,-3.995286224658e-15,7702.967856889,-2.488796727558,-723.063728332
60,30,697,-1.072928322637e-15,4.322841602497e-14,-5.029928989469e-15,7850.496738152,7.8843105288,-722.2767612367
60,30,698,-9.284441553989e-16,4.289674200055e-14,-6.81216246755e-15,7608.51517627,1.427535557911,-717.0517535332
60,30,699,-1.02011008259e-15,4.289511317032e-14,-8.352136331955e-16,7642.661586883,0.8528699619899,-716.8190153027
60,30,700,-9.643709214119e-16,4.280579035235e-14,-1.454755485701e-15,7980.88321827,-4.736433943835,-714.0609564993
60,30,701,-9.197344137818e-16,4.258661180748e-14,-4.480312894597e-15,7826.842554532,-8.709832111377,-709.3825454443
60,30,702,-1.077476509784e-15,4.248559844606e-14,-4.396126357864e-15,8325.135991382,-8.78336129833,-707.1391430879
60,30,703,-1.043708647054e-15,4.263210651853e-14,1.596576892456e-15,7976.236391878,-4.813045922113,-711.0139560113
60,30,704,-9.339910544925e-16,4.293146648735e-14,-4.954027514304e-15,7891.277603632,-3.371853621035,-719.1277101148
60,30,705,-9.567257200013e-16,4.275863901851e-14,-3.106631578728e-15,8141.671178457,4.554928626099,-713.065406674
60,30,706,-9.681200063086e-16,4.295174531931e-14,-4.390802795799e-15,7822.309958225,-1.598198073366,-717.9000252109
60,30,707,-1.024967872056e-15,4.304430581092e-14,-7.426241939339e-15,7937.139495502,-3.794685892183,-720.8464559382
60,30,708,-1.177372921537e-15,4.27737375541e-14,-1.835071887813e-15,7787.263022666,-1.995493464546,-714.5171912496
60,30,709,-1.164084675659e-15,4.305223238518e-14,-6.549957907042e-15,7870.159351669,0.8199892388942,-720.0358373981
60,30,710,-8.998976149316e-16,4.225308356003e-14,-7.314167168555e-15,8050.139079466,-3.917476871681,-706.8175197691
60,30,711,-1.051426894058e-15,4.262648255342e-14,-2.140127790774e-15,8111.191840603,9.943788393607,-713.2373553786
60,30,712,-1.028374561664e-15,4.258697348431e-14,-4.926441636818e-15,7733.575497138,3.681943719972,-712.596614887
60,30,713,-9.915729162566e-16,4.291422122996e-14,-6.148916731489e-15,7889.096037393,2.042114471849,-716.1419438304
60,30,714,-1.086309727488e-15,4.286260888092e-14,-2.651342971315e-15,7545.36196797,8.478587730412,-717.7215849492
60,30,715,-1.131777908273e-15,4.310640409185e-14,-2.053635000889e-16,7778.443665372,-4.727426976032,-718.3825045885
60,30,716,-1.061621000158e-15,4.276953945129e-14,-5.070261351695e-15,7749.974460724,4.140306779868,-717.5391815742
60,30,717,-1.022735716049e-15,4.289117480451e-14,-6.367937780783e-15,7822.331144704,-7.534418578767,-717.7652511963
60,30,718,-1.026710560858e-15,4.200732617862e-14,-6.147435204666e-15,7475.919152776,3.349636059079,-702.4833987602
60,30,719,-1.095196384507e-15,4.259107131491e-14,-6.242625550501e-15,7792.411523101,-3.362786716333,-712.1078639697
60,30,720,-1.055990732342e-15,4.300781129129e-14,-1.003647281396e-15,7982.602979599,5.093219253329,-720.0601056981
60,30,721,-1.04093720383e-15,4.282121444205e-14,-1.180739629828e-14,7888.461989635,3.714714031221,-715.8008357543
60,30,722,-9.786748805015e-16,4.254403543044e-14,-4.020661015382e-15,8059.020922705,11.19385560854,-712.0213402042
60,30,723,-1.110916567087e-15,4.306036662045e-14,-1.28232589533e-15,7885.730366176,6.308893896294,-719.5419544793
60,30,724,-9.898784113057e-16,4.253534026738e-14,-8.423990738026e-15,7888.539595768,20.66353937601,-712.5649591633
60,30,725,-1.067357649538e-15,4.242683073722e-14,-5.975625896036e-15,7824.435219305,4.496644144232,-710.64358756
60,30,726,-1.042560154354e-15,4.303766572733e-14,-2.531190811954e-15,7850.912081705,-6.234684517366,-716.6444941115
60,30,727,-8.77169482826e-16,4.317126306113e-14,-1.746811650971e-15,7904.369525615,12.77738086438,-720.7589881952
60,30,728,-1.177672850003e-15,4.293155562663e-14,-2.170841274661e-15,7810.145155751,1.025951512603,-717.0299834605
60,30,729,-1.10036600541e-15,4.288930746097e-14,-1.937135149684e-15,7315.012266933,2.839029296495,-718.8768396507
60,30,730,-1.021465699618e-15,4.266795585566e-14,-4.273816909058e-15,7782.265261559,-7.838304883529,-713.7217844431
60,30,731,-1.081875836111e-15,4.30735911413e-14,-1.061650091543e-15,8090.202310226,-1.514497073094,-720.0459345956
60,30,732,-1.052949501449e-15,4.297691393418e-14,-7.451875843297e-15,7763.25697921,-5.732053959408,-717.7434525418
60,30,733,-1.050607301068e-15,4.290575549538e-14,-8.034870091952e-15,7738.209314107,-0.05098354229342,-715.6834193769
60,30,734,-9.552806733088e-16,4.25407565221e-14,-8.853038026192e-16,7762.713142202,3.231325090878,-709.8724456167
60,30,735,-9.629128719552e-16,4.292015841334e-14,-5.494374867713e-15,7581.830715096,4.426505617517,-715.8526761009
60,30,736,-1.12598772399e-15,4.30596242041e-14,-4.80792686408e-15,7739.038565937,-2.940973105964,-718.7236048581
60,30,737,-1.133666901173e-15,4.287737455013e-14,-4.302845061873e-15,7982.204049077,4.541306572474,-713.0842519304
60,30,738,-1.005490195832e-15,4.263555271219e-14,2.85752769353e-15,7818.234425183,8.337168277614,-711.5203525099
60,30,739,-9.186263996492e-16,4.285303868589e-14,-6.416891519521e-15,7917.9339146,0.5609868222729,-716.5415429475
60,30,740,-1.1461347686e-15,4.273718146596e-14,-2.991143671925e-15,7929.528123361,0.4985636003127,-714.1427902691
60,30,741,-1.056968558804e-15,4.254579949517e-14,-2.039396544361e-15,8028.068830445,-2.999105775154,-709.2492328889
60,30,742,-1.040317053222e-15,4.261773865753e-14,-1.649622981487e-15,8188.790725263,-2.6152658569,-712.482866911
60,30,743,-9.736117505429e-16,4.30695927793e-14,-4.688546896657e-15,7854.431775696,-0.4199760228054,-719.6681209835
60,30,744,-9.778306135214e-16,4.332480273075e-14,-1.362583124261e-15,7568.697469986,-7.881170480656,-720.2120334874
60,30,745,-1.001887815474e-15,4.27852754248e-14,-3.649133105546e-15,7654.358922401,1.757846407178,-714.1310769565
60,30,746,-1.067709924167e-15,4.304862936185e-14,-4.276536128631e-15,7820.231361647,2.286365360451,-720.60942097
60,30,747,-1.09781330265e-15,4.301750857221e-14,-7.425002858346e-15,7672.98476724,4.971950861295,-718.5651179162
60,30,748,-1.034669463722e-15,4.246309880797e-14,-5.864472487674e-15,7818.415409118,8.776413574188,-710.7265700383
60,30,749,-1.071389531405e-15,4.277458899155e-14,-6.097089547682e-15,7827.18447421,-8.284404378938,-713.6872026061
60,30,750,-9.637086847759e-16,4.292152452661e-14,-7.270489090062e-15,8041.221071294,0.4083982813358,-718.1714716154
60,30,751,-9.846036431368e-16,4.280076727764e-14,2.737649905314e-16,7900.105814904,-5.930373443057,-714.9425675896
60,30,752,-1.037465415994e-15,4.25843562407e-14,-4.546426245762e-15,8137.243590842,0.5257150018006,-711.5757009082
60,30,753,-9.072765017278e-16,4.273271001179e-14,-3.959564967187e-15,7934.042911571,-0.2503668927359,-712.6257009743
60,30,754,-1.005750293981e-15,4.255724359688e-14,-8.186888939783e-15,7938.038452587,17.20486493992,-711.1295045994
60,30,755,-9.652271075947e-16,4.298443558173e-14,2.722728853444e-16,7671.093371026,3.932034852726,-720.2156054977
60,30,756,-1.097377804136e-15,4.306710969806e-14,-5.854813566522e-15,8009.06243036,-9.046973942368,-717.0806824089
60,30,757,-9.603243531999e-16,4.260950911419e-14,-5.6553455674e-15,8021.541327329,-6.240118751649,-712.9325708307
60,30,758,-1.082346230857e-15,4.301657047048e-14,-1.65889629947e-15,7921.776638886,3.778365446517,-719.2936570989
60,30,759,-1.114470724511e-15,4.281438731919e-14,-1.003500763102e-14,8016.403814621,-2.008816484231,-713.9208866275
60,30,760,-1.093740451173e-15,4.319886702044e-14,-1.977626571276e-16,8073.482593525,-8.510784852955,-720.476187355
60,30,761,-9.349175764391e-16,4.239254035866e-14,6.383073719087e-17,8174.219242491,6.549127142728,-709.6619088975
60,30,762,-1.051314465735e-15,4.271374709745e-14,1.094820913914e-17,7875.426687976,-1.517290404132,-713.5108923442
60,30,763,-9.998811494009e-16,4.297233030173e-14,-6.431383776095e-15,8044.932035099,-1.157387111843,-717.3104925632
60,30,764,-9.563636275831e-16,4.270812053175e-14,-3.003836040563e-15,8257.459658967,-3.550598102254,-714.4459144548
60,30,765,-8.802803706304e-16,4.297468071213e-14,-6.876648008426e-16,7941.354342307,-8.646067460848,-716.4945352574
60,30,766,-1.022213652098e-15,4.324266682013e-14,-6.792922105927e-15,7975.598356947,4.339728674755,-722.0653652122
60,30,767,-1.051071751441e-15,4.272437395243e-14,-3.321809836054e-15,7870.665774662,-1.265415833088,-713.7726569594
60,30,768,-9.883160806181e-16,4.227805326998e-14,-3.701405499916e-15,8168.037658427,4.780706611962,-706.1509378456
60,30,769,-1.025910672637e-15,4.306331050758e-14,-7.040558032688e-15,7604.518383992,-3.091986583687,-717.4702635821
60,30,770,-1.044384505576e-15,4.271098653022e-14,-4.633180861483e-15,7857.973289587,4.689454154037,-713.6283156625
60,30,771,-8.785048536549e-16,4.29751929335e-14,-1.195843909984e-14,8139.753991521,0.788129246056,-719.2482079259
60,30,772,-1.084069331027e-15,4.279534507444e-14,-6.320152949631e-15,7930.427788653,-10.51987415938,-715.6144751638
60,30,773,-9.969382883619e-16,4.294815911682e-14,-1.345293357683e-15,8050.817166723,1.901240504696,-716.4984253924
60,30,774,-1.049868330062e-15,4.299608467942e-14,-1.611713081102e-15,8122.800726731,2.895733657968,-717.7694105413
60,30,775,-1.082387298157e-15,4.29611328406e-14,-6.211774459917e-15,7852.444865092,-1.894963683687,-716.0591775057
60,30,776,-1.014787553387e-15,4.23376727127e-14,-7.321042286133e-15,7807.878954453,-5.853066842684,-707.5316515777
60,30,777,-1.2080612408e-15,4.302163416199e-14,-2.054851548224e-15,7986.840045292,-8.280031677121,-716.9516066183
60,30,778,-8.853366408124e-16,4.305095366348e-14,-5.485166271988e-16,7797.365881017,12.24072251246,-719.2963486507
60,30,779,-1.027482101851e-15,4.263681400312e-14,-1.310417279949e-15,8087.197029114,-1.482947219928,-712.4124954954
60,30,780,-9.810208322792e-16,4.294096526799e-14,-1.41433340594e-15,7547.385945319,0.7620895868976,-717.4399417567
60,30,781,-9.517331963799e-16,4.298769839119e-14,-4.69835468781e-15,8096.910176318,0.3912715807729,-720.5522530527
60,30,782,-1.092692559513e-15,4.308156482821e-14,-1.941627349372e-15,7820.218367652,-6.546107664469,-720.3624288232
60,30,783,-1.057027530425e-15,4.225648658468e-14,-1.221743666463e-15,7749.399116838,6.895732489177,-707.6482831385
60,30,784,-8.25576260021e-16,4.277595378122e-14,-4.194795239002e-15,7921.252325708,7.666076144979,-712.1062488416
60,30,785,-1.037836345884e-15,4.31905759368e-14,-4.740485931026e-15,8013.542282565,0.5480253014485,-720.49174148
60,30,786,-1.019234280739e-15,4.28554081948e-14,-3.567664068848e-15,7809.682649086,11.99536760385,-714.510582722
60,30,787,-1.133710831745e-15,4.264932776281e-14,-2.016441456226e-15,8027.39462169,11.78800759084,-714.3548283762
60,30,788,-1.040696633504e-15,4.249996780654e-14,-2.160043037751e-15,7644.37647951,2.846642772862,-711.5126900042
60,30,789,-1.033209006659e-15,4.286064786342e-14,-3.562126107743e-15,7830.125959064,5.835235153051,-714.5834699771
60,30,790,-1.032651321062e-15,4.310133133209e-14,-7.964925756851e-15,8084.892856656,-5.487956273685,-718.6899082993
60,30,791,-1.062560731526e-15,4.282017620488e-14,-2.354092432757e-15,7778.225743599,-2.644784309856,-715.1781657436
60,30,792,-1.111894266534e-15,4.27076765068e-14,-4.159029369922e-16,7885.761565718,8.276945594668,-712.3824488418
60,30,793,-1.002394651139e-15,4.276640655386e-14,-3.591716852139e-16,7880.064947664,-7.740392328428,-712.0921981025
60,30,794,-1.032457556576e-15,4.287660679678e-14,-7.818045070689e-15,8047.671392544,3.283594582247,-718.3974272526
60,30,795,-1.048962395019e-15,4.322679730408e-14,-1.85432111735e-15,8043.154224816,-4.114679550124,-720.8065592135
60,30,796,-9.719078358233e-16,4.305471113529e-14,1.500399031367e-16,7810.314417338,-2.379946151902,-717.8808410658
60,30,797,-1.173352454727e-15,4.307495692159e-14,5.526961193952e-16,7616.28593924,3.110753504317,-720.0323283859
60,30,798,-1.042326113151e-15,4.256852406527e-14,-2.900340264277e-15,7916.044208443,-3.776911363448,-711.2347407638
60,30,799,-9.930213529301e-16,4.28009579206e-14,1.018065698896e-15,7837.992753952,0.6548004396797,-714.7285347286
60,30,800,-1.062669649127e-15,4.339129381912e-14,-1.521745155688e-15,7967.261863041,-3.032139039982,-725.6599823346
60,30,801,-1.135264802577e-15,4.296299619988e-14,-3.277005561887e-15,8195.015514057,-8.847519853905,-719.2859834042
60,30,802,-1.060258500364e-15,4.2652439146e-14,-4.966131453568e-15,7664.950779278,-1.644287926682,-710.8070379309
60,30,803,-1.020975366669e-15,4.272025741959e-14,-4.412210341628e-15,7837.812979791,-5.495218491073,-713.6793503858
60,30,804,-1.000284348589e-15,4.274166681512e-14,-1.325998983159e-15,7438.948600118,1.347091589885,-713.6807705884
60,30,805,-1.03676003737e-15,4.297373381826e-14,-1.814129347984e-15,7493.400359734,0.7375048963592,-717.1785008804
60,30,806,-1.107600542431e-15,4.307989213263e-14,-8.314875117019e-15,7792.687965485,-3.469862877287,-719.41612238
60,30,807,-1.004542009486e-15,4.28555629181e-14,-4.697698571631e-15,7736.708880434,8.754590196277,-715.3871922884
60,30,808,-9.723232763723e-16,4.263223063968e-14,-4.79850567166e-16,7742.793783371,-0.4501492150547,-711.7013776281
60,30,809,-9.301534259692e-16,4.291403610427e-14,-5.438559475258e-15,8023.825919192,-1.210950756596,-719.7400608058
60,30,810,-9.044275530254e-16,4.219508409884e-14,-4.549085966339e-15,7813.434536291,-5.758015240522,-705.3635127005
60,30,811,-1.027658366854e-15,4.250329054052e-14,-9.897280119697e-15,7907.264371393,0.6408216222584,-710.5691570758
60,30,812,-1.038023605264e-15,4.275395646338e-14,-1.876240098237e-15,7846.63859709,10.84122858188,-714.0532041174
60,30,813,-1.003513195783e-15,4.293404787178e-14,-1.929246751742e-15,7528.122329324,-4.84202580136,-715.4215153128
60,30,814,-9.056528968787e-16,4.297547289167e-14,-6.497223512808e-15,8315.024056476,-5.495950588205,-717.4971076438
60,30,815,-1.068555072262e-15,4.300153685895e-14,-4.751584789297e-15,7798.260016828,2.391933039158,-717.1461269726
60,30,816,-1.071024887776e-15,4.25301581807e-14,-7.291186357993e-15,7999.543855479,-5.703080286035,-711.7821751961
60,30,817,-1.112626918167e-15,4.322652394866e-14,-6.056738781579e-15,7923.090661745,3.854913702362,-720.5951670731
60,30,818,-8.961633711068e-16,4.249198678001e-14,3.00147308509e-15,8067.934749912,-8.126531784932,-708.8841662713
60,30,819,-1.056318751972e-15,4.296697765019e-14,-8.311049788545e-15,7888.636450754,-9.124605626114,-717.7211422974
60,30,820,-1.14780649968e-15,4.267670514107e-14,-1.249571944034e-14,7975.408995391,3.287918372189,-713.3925111798
60,30,821,-1.034090384895e-15,4.291902925113e-14,-3.805886674955e-15,7660.933462322,3.223802217677,-718.6557677553
60,30,822,-1.101593992366e-15,4.306781215448e-14,-3.43138410199e-15,8196.97954076,4.347373892219,-719.770690228
60,30,823,-1.020569648127e-15,4.286787845162e-14,-3.758948291596e-15,7448.726185062,0.5056375709377,-715.7745697362
60,30,824,-8.869288977592e-16,4.302413773958e-14,-5.129584758483e-15,7812.400920856,6.829447159006,-717.6363954306
60,30,825,-1.000888579431e-15,4.307104473639e-14,-3.494282700224e-15,7830.493209117,-7.630913294148,-717.3974933063
60,30,826,-9.289962352498e-16,4.262367777412e-14,1.304933100699e-18,7633.717494547,-0.3042632194314,-711.8819408703
60,30,827,-9.286223826258e-16,4.312099162824e-14,-8.639515504218e-15,7864.992435178,-3.748558440798,-718.0788585571
60,30,828,-9.885314390174e-16,4.298388722564e-14,-8.078943668041e-15,8208.276497164,-6.084134979341,-716.6182151368
60,30,829,-7.861336190675e-16,4.259741748827e-14,-6.518842901792e-15,7742.043604831,-2.6468976208,-708.7520088626
60,30,830,-1.033807410993e-15,4.249895290166e-14,-7.943126787531e-15,8080.933196914,3.782464435249,-708.1994536334
60,30,831,-1.086149251019e-15,4.278636825568e-14,-4.823416553588e-15,7788.408115835,-0.7761447794045,-710.1430582958
60,30,832,-1.059876000843e-15,4.282749941676e-14,-2.296505257732e-15,7793.064018779,-5.483896499636,-717.6658005862
60,30,833,-1.078402455219e-15,4.268331411343e-14,-5.785057505876e-15,7582.716781273,-1.943814739564,-714.3849842546
60,30,834,-9.979778140552e-16,4.323456652747e-14,-3.334109375977e-15,7819.281511576,6.326369635126,-720.4238880289
60,30,835,-9.805840645159e-16,4.25603091901e-14,-5.865448789635e-15,7882.251352707,-0.1791700646351,-709.4013021221
60,30,836,-1.049206183299e-15,4.273628689985e-14,-4.493786978254e-15,7756.903224151,-1.509817572284,-712.2844473696
60,30,837,-1.132578022889e-15,4.315528654907e-14,-5.268441022717e-15,7855.604239042,8.568124028736,-720.7133011904
60,30,838,-1.075594521798e-15,4.274557723718e-14,-1.163364928837e-15,7787.225909306,4.091494990799,-713.03891582
60,30,839,-1.01357041889e-15,4.305387582738e-14,-2.963882428887e-15,7705.91953867,-1.903216801156,-717.4623986144
60,30,840,-1.169020332748e-15,4.277283328894e-14,-3.48292923983e-15,8136.472714612,2.701682406037,-715.0807527216
60,30,841,-1.052261651883e-15,4.286882830241e-14,-8.756943766821e-16,7924.022935956,-9.666599223272,-714.1926494708
60,30,842,-1.003281808042e-15,4.25129382778e-14,-4.047255707912e-15,8051.040359098,5.514577926927,-709.2215544552
60,30,843,-9.916073277079e-16,4.272793983034e-14,-4.020026911837e-15,7863.385637452,6.169095551809,-716.2392150329
60,30,844,-1.094103362165e-15,4.247624897272e-14,-4.305193635591e-15,7835.612953998,-7.078528892211,-708.5680181328
60,30,845,-8.863878723962e-16,4.36839338362e-14,-8.131680389814e-15,7751.353024994,1.921152455042,-729.2077135588
60,30,846,-9.764487928943e-16,4.317818930642e-14,-3.245967341377e-15,8206.919875064,-5.560256010798,-720.6053327014
60,30,847,-1.099677156339e-15,4.315500352096e-14,-6.222905445524e-15,7900.904848037,-13.18617885365,-721.7142153616
60,30,848,-1.038839816656e-15,4.275389096915e-14,-6.640220958427e-15,7978.298049576,-4.054953271543,-714.2307790058
60,30,849,-1.137744423299e-15,4.302167107251e-14,-5.407702203062e-15,7836.807415466,-16.10300506923,-718.6182702691
60,30,850,-1.096837213522e-15,4.244713635108e-14,-3.971089322714e-15,7998.784530815,3.872463146856,-708.3262883368
60,30,851,-9.127762847288e-16,4.263711614637e-14,-5.136561085442e-15,7677.624058691,4.404475992367,-712.3204204002
60,30,852,-1.012679463112e-15,4.252956873338e-14,3.393112138414e-17,7873.063089116,1.123108830807,-710.7941466673
60,30,853,-1.010361855903e-15,4.194876032789e-14,1.696432721045e-15,7755.960102473,1.732430815855,-703.9008102551
60,30,854,-9.936316677989e-16,4.25911651581e-14,-6.448239569513e-15,8191.083138931,-5.721364503925,-712.735123508
60,30,855,-9.727826960471e-16,4.302929001781e-14,-1.430126161862e-15,7921.209017161,-5.34739498211,-718.2229400792
60,30,856,-1.069549954698e-15,4.256376431422e-14,-2.568563946748e-15,7794.353225828,2.630106360786,-709.5634769062
60,30,857,-9.961948110952e-16,4.31984765009e-14,-9.472985646715e-15,7754.031904047,-8.967655884333,-721.645133844
60,30,858,-1.057947711347e-15,4.277521932281e-14,-2.80937989054e-15,7955.237687823,5.661566775505,-716.2099179845
60,30,859,-9.671197929551e-16,4.254216057191e-14,-7.843271036325e-15,7589.03268807,1.63734438297,-709.8522823576
60,30,860,-9.652047942788e-16,4.309591348925e-14,-5.901092323455e-15,7932.996093233,6.103413797849,-718.9193608977
60,30,861,-1.104569779618e-15,4.269400328032e-14,-3.466663068121e-15,7966.144269081,-7.183176902389,-713.7822919272
60,30,862,-1.071192425081e-15,4.274367482537e-14,1.02713892851e-15,7946.898616362,-10.73481001053,-713.1635469213
60,30,863,-1.047577521152e-15,4.299815207829e-14,-4.616890142703e-15,7868.525130289,-10.84956622928,-716.8370676814
60,30,864,-1.053314086579e-15,4.283286000347e-14,-4.884860250903e-15,7704.352257482,1.596242289774,-719.2640196935
60,30,865,-1.026237773782e-15,4.233665244857e-14,-6.898877070675e-15,7975.987624334,-5.974650099595,-708.7065852901
60,30,866,-9.168293964606e-16,4.275189227879e-14,-4.861224826127e-16,7795.008135041,-1.40295173349,-714.4197700406
60,30,867,-1.015131423695e-15,4.248438120766e-14,-6.460933261245e-15,7713.672673097,4.894800612915,-710.0664368076
60,30,868,-1.068432956446e-15,4.311194398596e-14,-2.712496445113e-15,7753.335111797,-5.12393478084,-720.643976734
60,30,869,-1.042954131023e-15,4.270033485136e-14,-1.080095518034e-14,7956.502255834,-2.74211801889,-715.8077732656
60,30,870,-1.077296035205e-15,4.256996905885e-14,-5.509660344107e-15,7887.992732381,-1.247451500122,-711.6360969612
60,30,871,-1.100362020221e-15,4.284357350022e-14,-5.02615149275e-15,8022.068379523,-1.871940073855,-716.1295630521
60,30,872,-9.027324514713e-16,4.269416773044e-14,-3.549959410704e-15,7964.916263831,-2.97113950572,-712.2027697465
60,30,873,-1.088936936679e-15,4.303050638019e-14,-1.284011178005e-16,7583.968763713,-3.388668457327,-717.907678721
60,30,874,-8.922081371352e-16,4.241647827066e-14,-1.69226611288e-15,7990.814216674,9.663816977039,-708.0692177267
60,30,875,-9.410348185577e-16,4.27149439496e-14,2.433775204725e-15,7975.731638016,0.5809564691342,-713.4821785176
60,30,876,-9.686528132736e-16,4.266679422838e-14,-7.560926014476e-15,7919.947787479,6.23823967597,-714.8930747561
60,30,877,-9.960030561434e-16,4.288347982524e-14,-3.43167197981e-15,7813.167830409,-4.932667591503,-715.7935166136
60,30,878,-1.104273578624e-15,4.280835022054e-14,-8.288623594037e-15,8215.15482718,3.755936350956,-716.8325834112
60,30,879,-1.064771273652e-15,4.288743578854e-14,-1.068660894771e-15,7805.634448393,3.098989208111,-715.821203673
60,30,880,-1.034747585252e-15,4.227794482969e-14,-6.768477732354e-15,7570.722986364,7.111254688447,-708.2272045785
60,30,881,-1.136281551258e-15,4.257561618928e-14,-7.657970170144e-15,8005.318792078,3.274511834516,-714.3098114518
60,30,882,-1.067254719789e-15,4.2682393833e-14,-6.247512095497e-15,7823.764516924,-8.461853002451,-711.2417566003
60,30,883,-1.024291042295e-15,4.332811048567e-14,5.250141220468e-16,7737.85237033,-8.943103003229,-722.3166435836
60,30,884,-9.944720285444e-16,4.289965311585e-14,4.140938446278e-16,7800.415510365,8.284194404168,-717.827269709
60,30,885,-9.589465935081e-16,4.26749333218e-14,-1.3829702727e-15,7816.354543152,-0.07879922966847,-713.8769167181
60,30,886,-1.026217209194e-15,4.25436254958e-14,-3.739729941883e-15,8034.615954369,-4.40332656904,-712.3391614788
60,30,887,-1.103298000947e-15,4.308869535804e-14,-2.300513691492e-15,7677.918581347,-0.09953479346801,-717.9588227278
60,30,888,-9.48209428156e-16,4.277665108367e-14,-3.449327527858e-15,7963.859832826,-7.221009001834,-712.8569416087
60,30,889,-9.213397103206e-16,4.268164046133e-14,-2.940043385351e-15,7950.270095254,-1.691181374689,-714.7825634455
60,30,890,-9.60584111364e-16,4.22494545034e-14,-9.813153054965e-15,7766.870495891,-1.871927917914,-705.7031581857
60,30,891,-1.034284714511e-15,4.314225571459e-14,-4.022715670709e-15,7817.614567709,-3.179697870515,-721.0313664703
60,30,892,-9.00190163129e-16,4.247981325948e-14,-5.800024170531e-15,7793.826637957,5.148343851206,-709.4273823016
60,30,893,-1.031070625567e-15,4.270695989416e-14,-4.662130302543e-15,7762.058463433,-5.170265920036,-712.0990798054
60,30,894,-9.602347933548e-16,4.240136381509e-14,-4.603914904634e-15,7787.275464743,1.851927113045,-710.1516723886
60,30,895,-9.765162888996e-16,4.292944793081e-14,-2.728758817541e-15,8004.93395229,-3.572840918848,-716.1977227536
60,30,896,-1.023645548639e-15,4.288657252626e-14,-7.457827006041e-15,7831.130675942,-4.391491498357,-717.4838142533
60,30,897,-1.132759606659e-15,4.284923180085e-14,2.000984846164e-16,7922.173033381,10.47200940285,-716.6852726219
60,30,898,-9.967013184415e-16,4.285499783839e-14,-4.837926542787e-15,8097.56913855,-10.21184550579,-717.0688080553
60,30,899,-9.790781384033e-16,4.274482436163e-14,-2.395629702784e-15,7774.062104935,-3.924201462159,-713.9572305157
60,30,900,-1.050192621895e-15,4.282783207791e-14,-1.928904489035e-15,7666.317218063,-2.851066674022,-715.2683713214
60,30,901,-1.210881019452e-15,4.278826816735e-14,-6.424412946574e-15,7913.892562855,11.75604719561,-714.7452331573
60,30,902,-9.607720772091e-16,4.284035599495e-14,-1.652308870005e-15,7829.762157551,12.69451584709,-717.2889484991
60,30,903,-1.060454945391e-15,4.253781362248e-14,-6.464832435745e-15,7942.048645947,1.333981482554,-712.3925940207
60,30,904,-9.159789172569e-16,4.255763761491e-14,-7.944590415629e-15,7959.067256634,-8.264685517358,-709.919711591
60,30,905,-9.517816208214e-16,4.246886586015e-14,-1.759154430786e-15,7697.586422132,7.072468540767,-712.0761325368
60,30,906,-1.152631185069e-15,4.296806786191e-14,-2.687979597097e-15,7879.061929769,-4.356439732243,-716.432176181
60,30,907,-1.079110256785e-15,4.274570286098e-14,-6.821580216736e-15,7709.60103506,-9.770142809357,-713.0916325424
60,30,908,-9.744709218672e-16,4.251445812009e-14,-2.810872189566e-16,7705.09818193,1.96862651174,-711.9197807815
60,30,909,-1.04533213986e-15,4.285580553191e-14,-7.568731445413e-15,8035.894375888,-4.169060294311,-718.0236387297
60,30,910,-1.119928054998e-15,4.307646126868e-14,-9.7570937999e-16,8025.500683498,-3.08008013388,-718.8967321196
60,30,911,-9.553207392997e-16,4.28986443686e-14,2.454412983877e-15,7930.888496631,-0.9079570381007,-717.4215924881
60,30,912,-1.080698229907e-15,4.311077150091e-14,5.304994084829e-15,7593.191432204,-1.681237197052,-718.6261708082
60,30,913,-9.732452783827e-16,4.26918168111e-14,-1.75538678263e-15,7647.879498324,-1.560452066843,-712.8728222429
60,30,914,-9.899679470587e-16,4.307341754169e-14,-6.675661783451e-15,7807.171508784,1.781079030526,-719.7838106249
60,30,915,-1.021312842334e-15,4.2542274316e-14,-4.329777516377e-15,8092.547040223,15.20560406648,-712.3282781783
60,30,916,-9.924590647359e-16,4.257657639443e-14,-9.157322258818e-15,8158.53289213,7.562512278324,-713.3454680846
60,30,917,-1.129536946262e-15,4.239304661352e-14,-6.379552436058e-15,8056.00263742,-13.56447656921,-710.8612301394
60,30,918,-1.266828443243e-15,4.308380467838e-14,-3.218687732084e-15,7658.018005486,0.1239584780476,-718.9709732825
60,30,919,-1.066770139457e-15,4.20240430987e-14,-1.967920770185e-15,7816.78375643,-11.67894689868,-703.5363369068
60,30,920,-1.011232255831e-15,4.239209753623e-14,-7.17876374631e-15,7775.388941366,-9.511368279539,-709.551222733
60,30,921,-1.068187990675e-15,4.317246176149e-14,-7.62024867437e-15,8479.664481959,-6.95318428652,-719.2414368887
60,30,922,-8.562361949073e-16,4.293899204707e-14,-2.836120610631e-15,7902.453223167,9.517077421972,-715.8747219802
60,30,923,-1.05328528958e-15,4.28008980694e-14,-2.897230840417e-15,7832.153745011,1.877575222262,-716.2295633311
60,30,924,-1.020539790569e-15,4.262147224231e-14,-8.146374346559e-15,8016.274260651,-6.214656315726,-711.5622517494
60,30,925,-9.595291976051e-16,4.278564085885e-14,1.04578592661e-15,7658.187279223,-5.259323914007,-712.954270801
60,30,926,-1.042413309413e-15,4.282360154546e-14,-4.213258970316e-15,7692.791148509,-5.458376012452,-715.5813576327
60,30,927,-1.034507722762e-15,4.30459466286e-14,-3.883998731994e-15,8136.802374833,4.175722797041,-716.8816852416
60,30,928,-1.12461566169e-15,4.24832403206e-14,-2.104538665804e-15,8082.256122247,5.743692091953,-710.0399393271
60,30,929,-9.560573524713e-16,4.257107185989e-14,-4.800193606091e-15,8036.468221581,1.455690911707,-710.7653951248
60,30,930,-1.044547628904e-15,4.289338674168e-14,-3.100230051836e-15,7915.13585525,-1.549351511741,-716.0769807923
60,30,931,-1.020221385167e-15,4.253866400511e-14,-5.306714849734e-15,7777.540431723,-2.785642305996,-709.7558227288
60,30,932,-8.903713781202e-16,4.318892478443e-14,-9.801231303015e-15,7884.413380917,-2.003638366177,-719.3637715434
60,30,933,-9.658520931824e-16,4.272545057623e-14,-6.523047063285e-15,8303.444374123,-5.938135861194,-712.650198439
60,30,934,-1.01901229368e-15,4.256754080681e-14,-6.287162029177e-15,7800.057716809,-5.72432796849,-711.7747222562
60,30,935,-1.029332278176e-15,4.311101312308e-14,-1.021752034134e-14,7722.010328512,-5.610095575935,-719.8183502417
60,30,936,-1.033481308182e-15,4.220683097488e-14,-5.761578389226e-15,8119.632922262,-3.209401281117,-703.7773449526
60,30,937,-9.581170354635e-16,4.30959217419e-14,-5.607881851335e-15,7841.37690371,-7.292169180421,-717.4392572365
60,30,938,-1.127376004107e-15,4.258926272705e-14,-3.417324512683e-15,8045.179188246,-12.38101681155,-711.0710331987
60,30,939,-1.031216305079e-15,4.290859447656e-14,-1.247042747661e-15,7721.909956267,6.439651237547,-717.4410264848
60,30,940,-1.043233355425e-15,4.26287236594e-14,-4.881453869528e-15,7881.796673507,-3.616663322317,-710.7701262596
60,30,941,-1.103636827426e-15,4.336439397004e-14,-4.639104062916e-15,7909.023204874,15.40719490408,-723.5027248979
60,30,942,-1.137195208826e-15,4.297142862243e-14,-3.657485272639e-15,7665.524521459,-0.0559252117486,-718.1865068917
60,30,943,-9.554743087774e-16,4.3088517006e-14,-4.083149871004e-15,7842.839238142,7.741728739558,-719.4532459092
60,30,944,-9.595603749364e-16,4.248711219941e-14,-4.726224561792e-15,7865.145210686,12.02525489806,-710.5902224444
60,30,945,-1.034542306976e-15,4.268854620522e-14,-4.305298568179e-15,8067.550521351,9.235685337882,-716.0225920458
60,30,946,-9.718354417674e-16,4.311026870408e-14,-8.760088879074e-15,7694.801494226,-7.093318833979,-717.29179269
60,30,947,-1.039442023463e-15,4.321910465056e-14,-6.22480687988e-15,7724.036028672,1.346897975391,-721.6177855432
60,30,948,-1.060075919849e-15,4.261505536579e-14,8.063651702445e-16,7911.669823861,1.774110854857,-713.2121565402
60,30,949,-1.0069015427e-15,4.274755778912e-14,2.139650224959e-15,7926.488461341,0.7585138231547,-714.8192254816
60,30,950,-1.099124742562e-15,4.218217569289e-14,-5.23961870468e-15,8027.171873644,3.224004316708,-705.7668947362
60,30,951,-9.631444769225e-16,4.285876086077e-14,-1.867576415975e-15,7783.923382939,-4.041317318297,-715.8348280256
60,30,952,-1.087319512989e-15,4.312470309912e-14,-6.818430190777e-16,7930.194578037,-7.208864988002,-720.0045795894
60,30,953,-9.286756181288e-16,4.281203293457e-14,-6.433853053954e-15,7739.968089403,7.52819398045,-715.8399729179
60,30,954,-1.038229504136e-15,4.27914769202e-14,-2.521371448316e-15,7826.486900952,3.771436200418,-713.2129516951
60,30,955,-1.064147679178e-15,4.285691041446e-14,-5.131090872412e-15,7928.529946059,4.38353480458,-717.3101934015
60,30,956,-1.087978282541e-15,4.259542846579e-14,2.254793437884e-15,8321.8395135,-6.628040074493,-711.7792273428
60,30,957,-1.089579829585e-15,4.262938706572e-14,-8.962350618011e-15,7792.36188307,-10.60330185366,-711.1553009612
60,30,958,-1.057233543396e-15,4.276526851571e-14,-8.049664347004e-15,7645.626487965,3.535871705639,-713.1463539569
60,30,959,-1.134261837694e-15,4.27366248809e-14,-4.90584884457e-15,7851.896720545,3.510522087662,-714.4637304586
60,30,960,-1.044419545501e-15,4.282602941763e-14,-4.638185940324e-15,7858.41205935,-1.645859957883,-715.0656583954
60,30,961,-1.052334934109e-15,4.313265926015e-14,-6.565523589308e-15,7936.698785339,-3.776559377435,-720.3659909032
60,30,962,-9.845766927241e-16,4.290195449122e-14,-3.621453970112e-15,7833.193679841,2.69462351496,-717.7191033834
60,30,963,-9.789488490241e-16,4.246253028887e-14,-5.334135076741e-15,7745.732576871,-12.10489303577,-709.6985162042
60,30,964,-9.229767163834e-16,4.312192813922e-14,-2.00652895912e-15,7999.156442242,1.238952404218,-719.2033218484
60,30,965,-9.048763154866e-16,4.280902439805e-14,-2.797637857872e-15,7843.884581443,10.21807724914,-715.2972651164
60,30,966,-1.062030269546e-15,4.275989982563e-14,-5.696435792397e-15,7829.951135125,-4.977223979322,-714.9112479818
60,30,967,-9.502337151681e-16,4.285273288131e-14,-3.209419982813e-15,8037.295172718,3.05350459629,-715.7201411717
60,30,968,-1.114429083979e-15,4.271876026152e-14,-1.114783265086e-14,7762.167552336,-6.598854134322,-716.3845311882
60,30,969,-1.103552062708e-15,4.303952178833e-14,-2.518718106189e-15,7982.367928615,5.24944256779,-719.2934468696
60,30,970,-9.471377410285e-16,4.298208360134e-14,-8.641318761423e-15,7830.490317294,7.752342256427,-719.2365646716
60,30,971,-1.017353026954e-15,4.26881187954e-14,-3.787170145217e-15,7588.474692921,0.4593686297515,-712.8575885822
60,30,972,-1.191526514038e-15,4.297913161573e-14,-2.185253203607e-15,7765.652458812,3.46302697457,-716.9449065668
60,30,973,-1.179791190552e-15,4.289912971098e-14,-6.955513869561e-16,7920.638908053,-0.2753371936975,-715.8237644689
60,30,974,-1.123549665914e-15,4.3290075194e-14,-6.733366674074e-15,7717.221031942,0.291804744691,-719.3766810281
60,30,975,-1.094636003492e-15,4.244234680277e-14,-1.035220212275e-14,7925.400242119,7.946277064099,-708.5607183205
60,30,976,-9.941370465276e-16,4.289182523831e-14,-6.004182658631e-15,8052.452719375,-4.989691311041,-716.8855840832
60,30,977,-1.053384917767e-15,4.269400359154e-14,-6.174722889171e-16,7989.348056099,-6.151243427208,-713.6094494042
60,30,978,-1.1252361199e-15,4.283649368939e-14,-7.920705430526e-15,8028.355641232,-3.697562153518,-715.5054443605
60,30,979,-1.10328101182e-15,4.310393023698e-14,-5.151202100283e-15,7806.553383646,4.776314113576,-719.8904559443
60,30,980,-9.595032486894e-16,4.24467906309e-14,-4.960302028531e-15,7637.230958478,10.22639012612,-708.1024044386
60,30,981,-9.682809916938e-16,4.254334779227e-14,5.154335180469e-16,7983.231468607,-9.792520039952,-711.7436570687
60,30,982,-9.530892175415e-16,4.249411286054e-14,-1.1295044208e-15,7755.540017957,1.812699467855,-709.2682957447
60,30,983,-1.010882847004e-15,4.32290159053e-14,-3.432159883058e-15,8093.949440611,-20.38644275812,-721.4922705805
60,30,984,-9.725090870957e-16,4.274902570246e-14,-5.386410535558e-15,7951.426204947,-2.506921291781,-713.9020703691
60,30,985,-1.076145549787e-15,4.294901892289e-14,-8.98475938298e-15,7966.656417388,-0.9081599569006,-717.0845794031
60,30,986,-1.184618184521e-15,4.312194853477e-14,-8.020064990395e-15,7668.678791281,-1.431893501131,-719.9461204473
60,30,987,-1.101249287384e-15,4.2539222482e-14,-2.308700922221e-15,8024.14902261,-7.082907604107,-712.8761955211
60,30,988,-1.025234215455e-15,4.333159554049e-14,-6.765409839075e-15,7952.748096734,5.115317130327,-724.3493418807
60,30,989,-1.005783233587e-15,4.290773708703e-14,-8.334367871094e-15,8217.743625631,-12.7842717677,-716.090184196
60,30,990,-9.31794171563e-16,4.285219283888e-14,-4.081826736458e-15,7853.051223855,0.6083383547305,-715.5933184422
60,30,991,-1.013718375764e-15,4.261318496413e-14,-1.034317778168e-14,7975.481591411,-12.47481983015,-708.876669444
60,30,992,-8.781483748744e-16,4.26562738739e-14,-2.277804573447e-15,7967.763785557,8.670883274094,-713.7637316118
60,30,993,-1.006796709383e-15,4.288886438318e-14,-9.456733435439e-15,7371.46467522,8.765001800644,-714.8764794348
60,30,994,-9.008546374708e-16,4.267199565283e-14,-7.575905060216e-15,7948.530368644,11.80338292459,-713.3685042376
60,30,995,-1.180586746377e-15,4.265942745681e-14,2.876322490272e-16,7795.179747678,1.154353049916,-712.6121518915
60,30,996,-9.1599519084e-16,4.275625675029e-14,-3.741371357331e-15,7787.693668853,-1.590935000637,-714.1100122316
60,30,997,-1.028576083843e-15,4.288200989539e-14,-3.116947613499e-15,7762.86301371,-13.37003016079,-716.6779458326
60,30,998,-1.046664598358e-15,4.204178867459e-14,-1.768122957885e-15,7465.061582735,4.272472858166,-702.1905111057
60,30,999,-1.10353410521e-15,4.281337645144e-14,-4.382243673438e-15,8029.310097009,-0.8057595240694,-715.0196767862
60,30,1000,-9.743602276992e-16,4.288188041809e-14,-4.524140140112e-15,8042.829478662,-4.98507053247,-717.1044185965
65,32.5,1,-4.728702751108e-16,2.343188533674e-14,-1.13999782575e-15,5053.817123537,2.726127500192,-392.8861726721
65,32.5,2,-4.824859259366e-16,2.340424366465e-14,-1.188124056552e-15,5254.886649536,-4.566820905907,-390.5398814687
65,32.5,3,-4.937170575694e-16,2.369598303875e-14,-5.983652229463e-15,5245.28924796,-4.646949862895,-394.9323645366
65,32.5,4,-5.068905024829e-16,2.373816257503e-14,-3.782186761368e-15,5119.158017261,1.356520838544,-396.5840979311
65,32.5,5,-4.675668638541e-16,2.377991524677e-14,-2.759423469223e-15,5363.587031184,-1.941727507824,-396.8850453121
65,32.5,6,-4.080711293151e-16,2.328758563452e-14,7.740410538984e-16,5235.858587945,-3.63290503766,-387.9448988248
65,32.5,7,-4.46104844777e-16,2.327900249967e-14,-3.33037262689e-15,5100.26327549,3.89359445668,-388.9442076031
65,32.5,8,-4.568565071329e-16,2.352667844446e-14,-1.265641745771e-15,5221.795279445,-1.895374474437,-393.5266482677
65,32.5,9,-5.552088178839e-16,2.356797395532e-14,-6.076424677905e-15,5370.739754598,-4.360561571946,-393.4661544221
65,32.5,10,-5.088455163014e-16,2.337114273581e-14,1.06226922295e-15,5241.139002982,2.91038747411,-390.2719168503
65,32.5,11,-4.913824055157e-16,2.329145873218e-14,-1.601756456301e-15,5294.859858133,2.900500134745,-388.6800031489
65,32.5,12,-4.830765550928e-16,2.316196914043e-14,-2.439231424985e-15,5055.361012461,-0.6278013703023,-387.1384875185
65,32.5,13,-4.883744443013e-16,2.344955525844e-14,-3.308871202445e-15,5234.021639681,-0.02522180404399,-390.5508200197
65,32.5,14,-4.685522183748e-16,2.35799640612e-14,6.008685271488e-16,5147.730785892,0.0644746622804,-393.6926438295
65,32.5,15,-4.612969126095e-16,2.329319347748e-14,-5.308872611012e-15,5269.468394739,1.753388599959,-388.5959884233
65,32.5,16,-5.189006683558e-16,2.336723379403e-14,-2.855429659713e-15,5317.156608763,-3.137504513702,-391.3895717469
65,32.5,17,-4.787377521841e-16,2.360724794504e-14,-2.078310774504e-15,5276.967509196,0.7178202469374,-393.5310029436
65,32.5,18,-4.139894103583e-16,2.341395932765e-14,-4.172183812099e-16,5270.068775809,-3.301479909251,-389.5930861765
65,32.5,19,-4.957443368569e-16,2.352355479719e-14,-5.886772991037e-16,5193.50791687,-4.249898325856,-392.6969109731
65,32.5,20,-4.140659094887e-16,2.330878947154e-14,-1.277300675081e-15,5071.247346163,2.11960259673,-389.3021238197
65,32.5,21,-4.589622289251e-16,2.33622822688e-14,-2.132591718484e-15,5231.813858247,3.652076840036,-390.0931026369
65,32.5,22,-4.56260801064e-16,2.345001141816e-14,8.689080839023e-16,5337.426988556,0.5481716642585,-392.7282618501
65,32.5,23,-4.430844768404e-16,2.339512251849e-14,-4.89279308817e-15,5136.581298381,0.3486041369644,-389.5153755727
65,32.5,24,-4.89270483061e-16,2.350040614252e-14,-3.265237680134e-15,5053.43401539,-3.079794801458,-391.8745646952
65,32.5,25,-4.089394725247e-16,2.341182870735e-14,-2.985489754731e-15,5250.81035759,3.530978930704,-390.4496117029
65,32.5,26,-4.401767066223e-16,2.331728229501e-14,-2.928902746659e-15,5155.763014015,-4.042789058995,-388.9806698846
65,32.5,27,-4.767232754629e-16,2.349859194345e-14,-3.251968150053e-15,5012.432400768,3.767885309938,-392.6406530282
65,32.5,28,-4.532555859889e-16,2.341612979592e-14,-2.525330167879e-15,5232.128155279,-0.582780938004,-390.983366651
65,32.5,29,-5.02205124655e-16,2.36433249013e-14,-2.888894236235e-15,5071.815435475,1.604541925677,-394.1312881181
65,32.5,30,-4.010151354408e-16,2.330353209328e-14,-2.650242460489e-15,5246.997140578,-1.373231672099,-389.4881935064
65,32.5,31,-4.567920127365e-16,2.360762786507e-14,-1.561467807274e-15,5063.419691286,-3.218026471235,-394.6420619269
65,32.5,32,-4.680476325886e-16,2.338588908059e-14,-1.827760562949e-15,5162.578670331,-0.8669795792627,-390.1945060141
65,32.5,33,-4.542227902066e-16,2.358700228461e-14,-4.537438923742e-15,5054.848438609,-2.035853204924,-394.678694134
65,32.5,34,-4.333073862971e-16,2.35626632483e-14,-4.429550655398e-15,5061.833576946,-0.9974459420021,-393.3360211756
65,32.5,35,-4.082644498633e-16,2.326272510958e-14,-2.571993217567e-15,5234.832205151,2.677479696519,-390.1138625432
65,32.5,36,-4.114801030155e-16,2.321120987304e-14,-3.362673542276e-15,4991.195488868,3.057484797442,-388.9120577166
65,32.5,37,-4.488552668048e-16,2.354113733565e-14,-3.330255649951e-15,5271.088861802,-2.531815391519,-392.4344282629
65,32.5,38,-4.649586706914e-16,2.342837877969e-14,-2.201675333333e-15,5313.739198114,-2.479591444577,-391.5700014905
65,32.5,39,-5.287651997716e-16,2.375128011979e-14,-7.204649915337e-16,5362.864446012,-2.501979434872,-396.6289486428
65,32.5,40,-4.651519625254e-16,2.348439499368e-14,-4.613141271684e-15,5123.910820094,4.355270333839,-394.5726766887
65,32.5,41,-3.942314084169e-16,2.329640954338e-14,-5.269675707933e-15,5163.210776144,-2.211668726099,-389.7455273748
65,32.5,42,-4.219874208055e-16,2.339144215153e-14,-5.929871437854e-15,5393.10144639,0.947021917408,-391.0442035436
65,32.5,43,-4.18353914511e-16,2.357100811987e-14,-3.092975489132e-15,5189.770034183,0.07829093935977,-393.7969865621
65,32.5,44,-5.130900981697e-16,2.329802526383e-14,-5.374657612199e-15,5276.861980938,2.404955828479,-390.0188261566
65,32.5,45,-4.775651844787e-16,2.359128781134e-14,-3.869245963606e-15,5227.537196281,0.7659883379198,-394.851582315
65,32.5,46,-4.478090053929e-16,2.318544996048e-14,-3.674484504702e-15,5150.508967282,6.390010051291,-388.630305024
65,32.5,47,-4.642457124526e-16,2.361779793756e-14,-4.648815576121e-15,5123.428868573,-0.707242181412,-395.6565145563
65,32.5,48,-5.298731625119e-16,2.35025618626e-14,-1.27191017957e-15,5337.767148487,1.399512568935,-393.1068143468
65,32.5,49,-4.448461400424e-16,2.349295002281e-14,-1.173906485092e-16,5021.313787459,3.477270805415,-392.3971331099
65,32.5,50,-4.787504871334e-16,2.347310285912e-14,-5.824520000584e-15,5409.029133132,1.388051510422,-391.8737058195
65,32.5,51,-4.918246719984e-16,2.332422099436e-14,-2.855680062916e-15,5279.335137719,1.498742935686,-390.2473663943
65,32.5,52,-4.817637166849e-16,2.3082047301e-14,-5.40850457725e-15,5204.317619856,-7.390709124043,-386.8178214092
65,32.5,53,-4.413989299936e-16,2.34788115949e-14,-5.559459636001e-15,5232.450579755,-0.5634630526107,-391.8872687624
65,32.5,54,-4.915529435017e-16,2.331002113562e-14,-5.714097482123e-15,5079.944831083,-3.295694329387,-389.331223685
65,32.5,55,-5.84133747498e-16,2.361910273915e-14,-1.333545742822e-15,4936.66677005,-1.643513094943,-394.2560730776
65,32.5,56,-4.640815815505e-16,2.355983180468e-14,-3.475582034707e-15,5019.804758033,2.817560187359,-393.5875227921
65,32.5,57,-4.801469401581e-16,2.331217625184e-14,-1.926974598732e-15,5317.25848024,0.904712672041,-389.8551774532
65,32.5,58,-4.692695123497e-16,2.360314921637e-14,-7.220950863915e-15,5126.390520246,0.3423143051642,-393.9729206942
65,32.5,59,-4.778700028251e-16,2.334240477701e-14,1.648833894057e-15,5253.194713981,5.154856963546,-390.6290678262
65,32.5,60,-3.950038105534e-16,2.322591288618e-14,-5.172967095487e-16,5115.417217173,3.345244591693,-388.6479931499
65,32.5,61,-4.328887973847e-16,2.333276588244e-14,-6.566038227141e-15,5175.869785861,2.249255027374,-390.0813917615
65,32.5,62,-4.837035024991e-16,2.361901826748e-14,-6.620785835637e-16,5229.650566119,-3.656275853855,-394.5242586733
65,32.5,63,-4.868661272411e-16,2.318306286203e-14,-3.144215593957e-15,5159.850584249,-2.679556848351,-387.5320865934
65,32.5,64,-5.601870129612e-16,2.358041335597e-14,-1.592807668613e-15,5352.194883777,-3.040727110706,-393.5934506623
65,32.5,65,-4.824486263339e-16,2.354523687518e-14,-3.127211277292e-15,5197.537693649,-0.4248052832063,-392.4307524935
65,32.5,66,-4.189298570837e-16,2.329499549958e-14,-4.931857366233e-15,5205.987895307,-0.1044635726923,-388.268750452
65,32.5,67,-4.295104798086e-16,2.312988064394e-14,-3.653771575552e-15,5216.794114266,-4.41289668806,-386.7550155736
65,32.5,68,-4.808277778862e-16,2.332325002345e-14,-2.246112647227e-15,5416.657581593,6.605266433042,-390.7361381947
65,32.5,69,-4.601180839657e-16,2.353081044734e-14,-2.409284279918e-15,5131.006295993,4.405776073371,-393.9558247607
65,32.5,70,-4.290158802094e-16,2.358022944599e-14,1.054418125736e-16,5048.329215191,1.910889480282,-393.4767066126
65,32.5,71,-4.343674493363e-16,2.342404933841e-14,-1.168930194996e-15,5212.949789165,0.963948032692,-392.1285576283
65,32.5,72,-4.054683381936e-16,2.352566786179e-14,-3.248538347057e-15,5246.12814099,-2.337001532508,-392.6791766919
65,32.5,73,-4.32849979089e-16,2.349844750721e-14,-2.363797442967e-15,5324.120801611,-5.311428987318,-392.7227873561
65,32.5,74,-4.455508715142e-16,2.3390893016e-14,-3.225947730109e-15,5243.055087782,-2.055316037488,-391.3034670608
65,32.5,75,-4.895339787926e-16,2.324742026311e-14,-1.300716436435e-16,5141.047316984,6.164568929008,-388.3443507602
65,32.5,76,-5.052945289876e-16,2.324347190347e-14,-5.372466063306e-15,5035.612516023,-5.448440750012,-388.7398789231
65,32.5,77,-4.329326966568e-16,2.340320509919e-14,1.932617397948e-15,5144.14206516,2.919360522474,-391.0980113939
65,32.5,78,-3.862104455108e-16,2.31443839165e-14,-1.12060235484e-15,5130.73017235,1.85888741495,-387.8329654801
65,32.5,79,-4.728552583877e-16,2.359503491471e-14,-2.546088263443e-15,5143.430187564,3.508095697108,-393.8427197944
65,32.5,80,-4.425328104548e-16,2.358823911358e-14,-1.626968173231e-15,5173.015771746,9.582221167382,-395.3952073048
65,32.5,81,-5.081695315396e-16,2.339882777065e-14,-2.487893922198e-15,5102.997427262,-0.9838368195792,-391.2090297666
65,32.5,82,-4.466211551916e-16,2.346832881511e-14,-5.064883768887e-15,5217.052033061,-0.07319684932717,-392.6688530863
65,32.5,83,-5.343996872667e-16,2.363763662269e-14,5.386359439844e-17,5149.995926443,1.355477702392,-394.3421735023
65,32.5,84,-4.871061259237e-16,2.355069620973e-14,-6.825732620292e-16,5115.080887933,1.764003037065,-394.0314430319
65,32.5,85,-3.556313651264e-16,2.340313318268e-14,5.899761787323e-16,5068.154793495,-5.5344217097,-390.8645032012
65,32.5,86,-4.924077259744e-16,2.362194183041e-14,-1.315045164164e-15,5222.758869193,1.270208807939,-394.3943074078
65,32.5,87,-4.439004140907e-16,2.333490944162e-14,-1.558535438844e-15,5301.073023692,-1.125763377049,-390.3290660186
65,32.5,88,-4.269443503863e-16,2.357537677314e-14,-1.146181831984e-15,5014.71919341,0.4331618990313,-393.5827602455
65,32.5,89,-4.243970120827e-16,2.336478901085e-14,-2.356955152211e-15,5114.971919283,4.226299764713,-389.9342706457
65,32.5,90,-5.493363497137e-16,2.376012068775e-14,-1.895592942136e-15,5254.629137134,1.592904258675,-395.5188857259
65,32.5,91,-4.912022119431e-16,2.343991197806e-14,-1.251676596424e-15,5258.317617742,2.535905760789,-391.6628428847
65,32.5,92,-4.753608334794e-16,2.345576663312e-14,2.858576061699e-16,5152.768183514,1.576002890215,-390.6126597835
65,32.5,93,-4.561727122788e-16,2.331550399667e-14,5.322976380497e-16,5093.284265338,1.998487183697,-390.6921954892
65,32.5,94,-4.327717297879e-16,2.354138383562e-14,-2.064020390132e-15,5185.213228518,1.453009302538,-393.1992456772
65,32.5,95,-4.897667972705e-16,2.339783922352e-14,-1.506737143895e-15,5247.113509911,3.169784036556,-388.3805988581
65,32.5,96,-4.82444723036e-16,2.361831175524e-14,-1.444092114947e-15,5222.872891657,-1.290095651806,-393.9592699991
65,32.5,97,-5.057258844442e-16,2.336439905231e-14,-2.01742040321e-15,5171.018466346,-2.41937859907,-391.4094664164
65,32.5,98,-5.022437536937e-16,2.333305777502e-14,-3.271389959687e-15,4990.487932112,-3.418905714605,-389.5010569059
65,32.5,99,-4.690221907904e-16,2.323817280282e-14,-4.020822579546e-15,5081.101725246,0.364114966393,-388.1128477829
65,32.5,100,-4.910269455621e-16,2.329658514725e-14,-1.131259854737e-15,5360.38841362,-1.992039007234,-389.8286343104
65,32.5,101,-3.708263901686e-16,2.349681629728e-14,-2.894302699929e-15,5229.52635379,-0.028027524955,-391.834409559
65,32.5,102,-4.131398140844e-16,2.344084492442e-14,-5.742341666506e-16,5171.713824591,-0.7343008158048,-391.8456748209
65,32.5,103,-4.935532511299e-16,2.333986242073e-14,-2.919612103431e-15,5133.051521352,-1.823944490966,-388.6665497867
65,32.5,104,-3.872748930116e-16,2.36155706332e-14,-3.456365033617e-15,5233.946758177,2.893539990079,-394.1037618707
65,32.5,105,-4.569759007852e-16,2.340445747919e-14,-1.387542017913e-15,4896.042291879,-1.757874141595,-391.0534078694
65,32.5,106,-5.089260938489e-16,2.341753096003e-14,-6.878867514625e-17,5069.287835105,-1.720558939197,-391.227935874
65,32.5,107,-5.280169316288e-16,2.345608824945e-14,-8.449489244448e-17,5295.221753834,-2.631513615292,-391.4519415482
65,32.5,108,-4.866689966773e-16,2.342641691245e-14,-6.828253225612e-15,5119.459077219,-1.310752098823,-390.6176197938
65,32.5,109,-4.374093162936e-16,2.330222192212e-14,1.258283591641e-15,5190.187688463,-1.617162479872,-389.5624543278
65,32.5,110,-5.325780374063e-16,2.318439661358e-14,-6.925383155361e-15,5252.837794928,0.6456190518005,-387.8557926052
65,32.5,111,-4.618938440096e-16,2.336847291405e-14,-2.636789044309e-15,5261.680836049,-0.8246440827684,-390.5624577719
65,32.5,112,-4.946057822534e-16,2.347131671004e-14,-6.061961072091e-16,5360.769897819,-2.270697867776,-392.0224396259
65,32.5,113,-3.221355703069e-16,2.355973091725e-14,-7.040242207799e-16,4986.817134356,6.276078423287,-393.12902105
65,32.5,114,-4.30284070261e-16,2.334322879809e-14,-2.734481854014e-15,5332.509929926,-4.530024941609,-390.5898842552
65,32.5,115,-4.965835650837e-16,2.344472403917e-14,-5.85126576706e-15,5222.076820605,-5.815565077881,-390.5333330918
65,32.5,116,-4.765727942275e-16,2.348296391964e-14,-8.490976654935e-16,5234.636455668,1.165095005258,-392.8400616124
65,32.5,117,-4.864761144627e-16,2.333093649022e-14,-4.357215230561e-15,5256.789399845,0.08134890648941,-390.0660344792
65,32.5,118,-4.375192530686e-16,2.32770548491e-14,-1.248388779945e-15,5262.103930814,-0.5357522384303,-389.0728646518
65,32.5,119,-4.189170845725e-16,2.340455804013e-14,-1.785232125852e-15,5062.45139548,1.9549377377,-391.2266146737
65,32.5,120,-4.397338509345e-16,2.329172325253e-14,-4.901902718519e-15,5396.620213524,-1.711632870991,-388.8564019862
65,32.5,121,-4.729926571171e-16,2.340196081182e-14,-1.451417753857e-15,5196.016835152,7.073332090472,-392.2362926088
65,32.5,122,-4.387222924154e-16,2.347716725348e-14,-7.937948404461e-16,5195.862966166,-3.590579321788,-392.4637014458
65,32.5,123,-4.590792533316e-16,2.336195021101e-14,-1.058950325373e-15,5305.488617018,3.700133055213,-390.2778776261
65,32.5,124,-4.756359937884e-16,2.364170261776e-14,-4.77034144156e-15,5247.629282492,0.4378770836274,-395.3202492164
65,32.5,125,-5.108356336867e-16,2.35723202676e-14,-5.013461793463e-15,5222.582157368,-1.01024354653,-392.57050611
65,32.5,126,-4.193444510662e-16,2.347802423621e-14,-2.784221042716e-15,5049.472927067,-4.37410351602,-391.8892549797
65,32.5,127,-3.879857390625e-16,2.342445559594e-14,-1.04443430685e-15,5054.743968728,-4.609222222059,-391.5194463689
65,32.5,128,-4.575714086538e-16,2.347640739796e-14,-3.661991083886e-15,5230.093129889,-1.503844939107,-390.9644377309
65,32.5,129,-5.468544769006e-16,2.351312099775e-14,5.292941790109e-16,5189.717559198,-6.490598514629,-393.731892989
65,32.5,130,-4.684785649303e-16,2.35065445424e-14,-4.011758891443e-15,5393.879424348,-1.63660861544,-390.6223840361
65,32.5,131,-5.004688007394e-16,2.330206704054e-14,-1.288318483126e-15,5067.534820738,2.709376803802,-390.0494214145
65,32.5,132,-4.859115426804e-16,2.33942228216e-14,-1.548498378129e-15,5414.749932197,4.182003900565,-390.4285740685
65,32.5,133,-4.522742660343e-16,2.334945516031e-14,1.877614449003e-15,5294.361251555,2.626242117351,-390.6824828059
65,32.5,134,-3.938392681156e-16,2.32809220798e-14,-3.412254175336e-15,5192.532006639,-4.219371468561,-388.3183084818
65,32.5,135,-3.885572164786e-16,2.337797954169e-14,-3.311935726255e-15,5196.336915262,-1.067597254227,-389.5441113556
65,32.5,136,-4.566692987961e-16,2.359635470696e-14,-6.562296380147e-15,5287.919896062,-2.153500686549,-392.8765798211
65,32.5,137,-4.23698505171e-16,2.343589623494e-14,-6.574559393253e-16,5109.044803151,2.029217517241,-390.6251297956
65,32.5,138,-4.466365460655e-16,2.33922259957e-14,-3.900505573252e-15,5159.502469609,-1.042681017313,-390.8644467513
65,32.5,139,-4.952575253334e-16,2.353290481962e-14,-4.888519768741e-15,5367.262181622,2.885674503914,-392.599853134
65,32.5,140,-4.855640320647e-16,2.350010459655e-14,1.357504099858e-15,5198.368026112,-3.680808909731,-390.6391186069
65,32.5,141,-4.017907278282e-16,2.325673950901e-14,-5.46966367308e-15,5163.622839202,0.915330119257,-388.0543012695
65,32.5,142,-5.007270678723e-16,2.344864480886e-14,-4.865519115174e-15,4954.304108678,5.013835074254,-391.4505998734
65,32.5,143,-5.276173501887e-16,2.321807976302e-14,-2.088611186745e-15,5268.377821788,-3.629406256894,-387.6567945499
65,32.5,144,-4.314453595217e-16,2.335027974815e-14,-5.745673708667e-16,5313.180235598,2.605941953487,-390.6656170038
65,32.5,145,-4.46577821315e-16,2.335183153713e-14,-2.234847847704e-16,5226.912333791,3.286949943209,-390.8940610851
65,32.5,146,-4.823038881761e-16,2.366436442702e-14,1.22028248798e-15,5153.109274409,1.713056723405,-394.3477316462
65,32.5,147,-4.252139372145e-16,2.369149284505e-14,-4.160044665412e-15,4962.403819687,0.7758491143873,-396.3375177928
65,32.5,148,-4.646406372287e-16,2.334896276565e-14,4.436559198074e-16,5422.315027141,-3.301504338078,-390.8021267693
65,32.5,149,-5.024928475274e-16,2.351482756084e-14,-4.098417264245e-15,5126.646907019,4.410873300689,-393.4271977498
65,32.5,150,-4.73468791322e-16,2.340994050496e-14,6.309144348057e-16,5070.921623825,-1.132282956471,-391.3311259337
65,32.5,151,-5.056198088568e-16,2.366802921226e-14,-1.312670996722e-15,5158.450697883,0.447110339907,-394.1758706935
65,32.5,152,-5.49163536266e-16,2.350730565823e-14,-3.833200004928e-15,5272.256393515,0.8005141297811,-392.2761433394
65,32.5,153,-3.965824889011e-16,2.335275778326e-14,-1.791292116002e-16,5312.611253323,-1.918366992617,-388.6513459362
65,32.5,154,-5.022006572288e-16,2.345539296094e-14,-8.300028785607e-16,5161.514578362,-2.462643802193,-391.547346681
65,32.5,155,-4.5678783588e-16,2.32197102685e-14,-8.477725113501e-16,5014.251049489,-2.721860838461,-389.0540196996
65,32.5,156,-4.488736421812e-16,2.339795900459e-14,-1.930238665003e-15,5028.050096743,1.649609146707,-390.7995627166
65,32.5,157,-4.342099331106e-16,2.365968223036e-14,-3.614982112965e-15,5348.999339871,-0.8815468889734,-396.5440076068
65,32.5,158,-4.261677311561e-16,2.354433433157e-14,-4.17835944449e-15,5276.157943188,-3.48943760605,-394.2841609543
65,32.5,159,-4.657168576211e-16,2.350496406378e-14,-2.544619717709e-15,5273.158267124,9.396487217877,-391.7044842841
65,32.5,160,-4.329366690549e-16,2.327008715742e-14,-2.252892704389e-15,5017.341912627,1.217123304796,-388.5599297199
65,32.5,161,-4.873686873476e-16,2.35019552334e-14,1.208249504935e-15,5073.260944529,6.492515090825,-393.6273266882
65,32.5,162,-4.123210945085e-16,2.348438049544e-14,-7.050661305555e-16,5231.017185943,-4.302977443881,-391.3945222721
65,32.5,163,-3.808918663484e-16,2.344096524888e-14,-1.795122424364e-15,5269.984582514,2.144971622723,-391.5490348925
65,32.5,164,-4.718354355409e-16,2.352007892875e-14,-3.274272309845e-16,5105.646621224,-2.839130749017,-392.3419918546
65,32.5,165,-4.31092218903e-16,2.350772874174e-14,-1.89519762467e-15,5253.290068982,1.522745863388,-391.6104084467
65,32.5,166,-4.863008280171e-16,2.321407901492e-14,-4.847803353469e-15,5276.170283469,4.690711741274,-388.5761986027
65,32.5,167,-3.930573324768e-16,2.326666983973e-14,-4.061295077668e-15,5262.131378194,4.206875039562,-388.5321280819
65,32.5,168,-4.03974230349e-16,2.361657337802e-14,-2.944595053787e-16,5046.808797277,0.08250706412525,-394.5222506963
65,32.5,169,-4.125540069027e-16,2.350389351878e-14,-6.739571453633e-16,5298.180025919,-6.685858698246,-392.859767158
65,32.5,170,-4.515770077791e-16,2.347271577681e-14,5.870955615187e-16,5262.456585561,0.5130386865934,-392.6147477853
65,32.5,171,-4.193992206963e-16,2.346916899082e-14,8.7515973361e-16,5163.103885066,2.526449388659,-391.6856612028
65,32.5,172,-4.823255542321e-16,2.350751167733e-14,6.348130201364e-17,5094.28843235,1.200419608173,-393.3264925564
65,32.5,173,-4.327134974087e-16,2.365083766244e-14,-1.268537790406e-15,5065.393388842,2.412545748427,-394.9451135492
65,32.5,174,-4.540883173747e-16,2.353059426711e-14,-6.589914484703e-16,5200.19976271,2.562949177331,-393.8977519474
65,32.5,175,-4.853552519507e-16,2.343761640849e-14,7.556621116432e-16,5115.558985366,4.130958610835,-390.8147892422
65,32.5,176,-4.659568728251e-16,2.337516733925e-14,-1.209244525379e-15,5182.885619206,3.84699411367,-391.1356291166
65,32.5,177,-4.828168946353e-16,2.345708136132e-14,-4.926202189032e-15,5305.409581259,-2.326576106956,-393.279128966
65,32.5,178,-5.277919086503e-16,2.354566468372e-14,-1.935820883514e-15,5211.049832333,-0.5190464824779,-391.43947496
65,32.5,179,-5.119692554734e-16,2.337413443932e-14,1.289315141526e-15,5263.673178861,-1.161209544416,-390.8847326466
65,32.5,180,-4.533621945863e-16,2.334812244489e-14,-1.501099379937e-15,5188.139000761,-0.09704345478219,-389.567068945
65,32.5,181,-5.272225991721e-16,2.346280101124e-14,-4.957844398948e-16,5012.752276177,-2.865137603396,-391.6254846207
65,32.5,182,-4.922010771254e-16,2.363292444432e-14,-3.987378193831e-15,5155.382538443,-2.136407115819,-393.7984979551
65,32.5,183,-5.504584612089e-16,2.362721323191e-14,2.336523795306e-15,5257.574866554,0.8403074095549,-394.3825950429
65,32.5,184,-4.702308242404e-16,2.337270076735e-14,-2.803658727013e-18,5296.998890327,0.845770350242,-390.2718627128
65,32.5,185,-5.263402508346e-16,2.354150463571e-14,-3.600109102448e-15,5411.244556191,3.606759071921,-394.0645695055
65,32.5,186,-5.198122485614e-16,2.356797208166e-14,-1.638003384301e-15,5159.038253254,4.210155813039,-393.7647327361
65,32.5,187,-4.269144940105e-16,2.327597706595e-14,9.902599751239e-16,5330.201414907,2.59694562003,-388.5904121786
65,32.5,188,-4.45313239731e-16,2.328171790514e-14,-1.742453705925e-15,5237.759773331,-1.6132697848,-389.6206836022
65,32.5,189,-4.840955985993e-16,2.374050584724e-14,3.503658664034e-16,5081.699446413,-0.3808533109343,-395.4921074978
65,32.5,190,-4.752079259212e-16,2.33266332468e-14,-8.792471815954e-16,5130.884096549,3.077709502318,-389.7267902134
65,32.5,191,-4.118725217897e-16,2.345498166676e-14,-3.805176367617e-15,5401.970240592,-1.944363228419,-392.0503388801
65,32.5,192,-4.650954670683e-16,2.352898621394e-14,-7.194351066947e-18,5494.360908614,-4.96498955594,-391.3942725161
65,32.5,193,-5.009012915122e-16,2.319593517535e-14,-5.056902786313e-15,5259.139688597,-0.5368491066436,-388.0466163815
65,32.5,194,-4.879988498694e-16,2.35958251913e-14,-2.571914380635e-15,5065.0698626,-5.124115998521,-393.8638535788
65,32.5,195,-5.227283325845e-16,2.348528966748e-14,1.59074835416e-15,5036.983604082,4.920177209726,-391.509691272
65,32.5,196,-3.828306727542e-16,2.351979678248e-14,1.334694978878e-15,5047.092066387,3.468318392533,-393.0856053402
65,32.5,197,-4.662555835138e-16,2.373777523725e-14,-1.904213202915e-15,5361.496647995,4.677542999705,-397.1523921063
65,32.5,198,-4.24180099174e-16,2.346044182559e-14,-3.038593858129e-15,5045.308363373,4.697449291523,-392.360510088
65,32.5,199,-5.137039422176e-16,2.336077138481e-14,-2.743015558673e-15,5169.728665707,3.379854447359,-390.8062227852
65,32.5,200,-4.318594911123e-16,2.328102452811e-14,-5.60627663362e-16,5058.132756963,1.065770423615,-388.7394547109
65,32.5,201,-4.556841550819e-16,2.347640246313e-14,-3.182375347466e-15,5245.245582484,-3.299014795387,-390.5537516091
65,32.5,202,-4.021565955758e-16,2.358007314567e-14,-3.330980079275e-15,5173.222582515,-1.415807543527,-393.7560774934
65,32.5,203,-4.411367823384e-16,2.344540451305e-14,-2.478812314624e-15,5233.235136989,4.046643063202,-390.9849886035
65,32.5,204,-3.935498454976e-16,2.350604646908e-14,-2.536931269612e-15,5381.669707204,-0.2259797980494,-392.7379025456
65,32.5,205,-5.36056389385e-16,2.343556437761e-14,-2.258961622386e-17,5182.711173898,6.080849584135,-391.568624312
65,32.5,206,-4.740717010234e-16,2.353955711067e-14,-1.919127115793e-15,5406.44779661,4.148204459027,-393.0138484816
65,32.5,207,-4.561919024331e-16,2.343793161019e-14,-2.349188609443e-15,5110.253622116,-5.298820657573,-392.0075557063
65,32.5,208,-5.29512350319e-16,2.347816100531e-14,-1.960072046978e-15,5090.448031741,1.155708465439,-392.6445622529
65,32.5,209,-4.91643206814e-16,2.351726036585e-14,-1.570403679185e-15,5257.686685232,0.4115458664335,-393.5957547195
65,32.5,210,-4.298037443166e-16,2.332561572983e-14,-1.448801224453e-15,5246.693740766,-3.219640075528,-390.5038800877
65,32.5,211,-4.200451012548e-16,2.332305628799e-14,-4.014182081186e-15,5182.620524511,0.03138523759715,-390.308530534
65,32.5,212,-4.062561489389e-16,2.356253188747e-14,-1.508948904864e-15,5043.891871057,0.8125448326078,-393.8671926944
65,32.5,213,-5.127828427713e-16,2.349415798173e-14,-2.970551470318e-15,5040.732430091,-3.23781087069,-391.5528047442
65,32.5,214,-4.591350062182e-16,2.363093822385e-14,4.61305617956e-15,5057.118267336,-0.1065278040367,-393.7757195251
65,32.5,215,-3.660928034442e-16,2.350678457529e-14,9.365798719761e-16,5209.9262002,-10.42601094771,-392.212311393
65,32.5,216,-4.235567660179e-16,2.350235853442e-14,1.132461659361e-15,5156.309903932,-1.264358637696,-392.1728405343
65,32.5,217,-5.114061803299e-16,2.336002792973e-14,5.3797263578e-16,5143.852724353,1.322714643587,-390.6753523078
65,32.5,218,-5.314903222906e-16,2.33398271535e-14,-3.524137100232e-15,5299.135186731,-2.663222741281,-388.7984202341
65,32.5,219,-4.935625399231e-16,2.345281638106e-14,-2.815177697319e-15,5327.843667244,6.473195049749,-391.5078764462
65,32.5,220,-5.497730131529e-16,2.332485198736e-14,2.141154325803e-15,5268.822177387,-6.143264035996,-390.1028491471
65,32.5,221,-3.946379693226e-16,2.36805589501e-14,-3.203377035941e-15,5162.019572884,2.681921080145,-394.66514734
65,32.5,222,-4.270689368869e-16,2.371966224154e-14,-2.173820517572e-15,5289.317389525,-3.655507947403,-396.4672739162
65,32.5,223,-4.723435974597e-16,2.347548943939e-14,-2.643319513382e-15,5243.823063858,-0.4126455729447,-391.3525389031
65,32.5,224,-4.927184301946e-16,2.330388109469e-14,-2.424049830607e-17,4983.726219076,-2.394921512514,-391.07255471
65,32.5,225,-4.418468865944e-16,2.325338685755e-14,-2.52110688271e-15,4971.517335778,3.218490304219,-388.0685019124
65,32.5,226,-4.842672395651e-16,2.347674877647e-14,-4.328055048317e-15,5298.636314561,-5.174009899552,-393.0077405308
65,32.5,227,-4.318459449329e-16,2.349262834503e-14,-1.978410087898e-15,5382.646790232,-1.822990258869,-391.0439108035
65,32.5,228,-4.280133873172e-16,2.361047309473e-14,-6.861772473611e-16,5224.971805448,-2.849516478149,-394.3596092487
65,32.5,229,-3.92162121073e-16,2.354463867137e-14,-3.393426123852e-15,5412.900427524,1.125140851827,-392.7625428345
65,32.5,230,-4.019179585675e-16,2.345055188034e-14,-1.615567360714e-15,5371.065574025,1.464442639318,-391.7826055448
65,32.5,231,-4.310621417784e-16,2.340218276925e-14,8.986102103205e-16,5185.059469979,5.745984557893,-391.4942020296
65,32.5,232,-3.936945318618e-16,2.350269711449e-14,-2.521282357051e-15,5153.823301219,-1.922417692742,-393.0563571087
65,32.5,233,-5.216735089074e-16,2.337751118809e-14,-2.368811408022e-15,5264.12747548,3.026445391525,-390.1041237989
65,32.5,234,-5.012530018594e-16,2.356858897505e-14,-1.595705338909e-15,5198.154679233,2.157336068046,-393.3700803329
65,32.5,235,-4.788685653787e-16,2.337969175292e-14,-8.723862828461e-16,5351.52345101,4.475404735899,-390.9597031344
65,32.5,236,-3.863079704096e-16,2.351073344492e-14,-3.765275953563e-15,5028.311271898,-3.027724368758,-392.5189383252
65,32.5,237,-3.953540783451e-16,2.339228260042e-14,-1.560970840908e-15,5335.37024339,-2.267355313925,-389.7226018294
65,32.5,238,-4.429468128193e-16,2.366252450938e-14,-3.988056192535e-15,5401.016798637,2.691040598677,-395.8217421574
65,32.5,239,-4.247351512094e-16,2.329770494914e-14,-5.358571445109e-15,5168.556456105,0.1838927979349,-388.7790186998
65,32.5,240,-5.757612663708e-16,2.343622793202e-14,-2.33281731135e-15,5250.849078806,3.341693406675,-390.8468171493
65,32.5,241,-4.888027425053e-16,2.339040627236e-14,-1.874119547631e-15,5160.784780769,-10.92355441767,-391.0310214994
65,32.5,242,-4.145446908855e-16,2.368100929877e-14,-3.342120035194e-15,5128.466274096,2.99890554251,-395.2159875491
65,32.5,243,-4.678379668002e-16,2.350294515497e-14,-4.974825468705e-15,4995.187465384,1.237174539721,-391.9118279594
65,32.5,244,-4.54097992641e-16,2.338636023475e-14,-2.309282567851e-15,5129.580287104,-0.9802910322732,-389.6870032669
65,32.5,245,-4.610813842673e-16,2.349948770187e-14,-2.689164248458e-15,5183.430000244,0.7077610125471,-392.4835493727
65,32.5,246,-4.090892457838e-16,2.334764103433e-14,-4.918727436145e-17,5302.97710886,-3.905100855245,-388.5787877388
65,32.5,247,-3.86616922021e-16,2.346930728945e-14,1.653320847437e-16,5155.216280269,-3.260671281583,-391.9897052966
65,32.5,248,-4.571918357133e-16,2.339482200085e-14,5.540447272752e-16,5125.037093901,1.169249412083,-390.0748635689
65,32.5,249,-4.852138679687e-16,2.369481899683e-14,-2.585046329484e-15,5330.896920814,3.247561254258,-394.6581538001
65,32.5,250,-4.85827463242e-16,2.365495184817e-14,2.480724317622e-16,5335.789065256,2.318257729031,-395.3934431933
65,32.5,251,-3.806393016112e-16,2.327232180867e-14,-3.876490452101e-15,5114.500272594,3.594000060734,-388.5517259422
65,32.5,252,-4.088799130193e-16,2.337718258148e-14,-3.100814492302e-15,5277.770536136,1.857342936396,-390.2283721068
65,32.5,253,-4.405111737917e-16,2.347228072184e-14,-1.28789015245e-16,5301.111094302,-1.574735326304,-392.7351356989
65,32.5,254,-4.526173695685e-16,2.351734966681e-14,-1.484376814893e-15,5337.946351652,-1.219544224672,-392.6299932302
65,32.5,255,-3.831511282326e-16,2.322305587959e-14,-5.704159082825e-15,5240.042123621,-4.724087150003,-386.790760006
65,32.5,256,-4.373760643371e-16,2.341388344066e-14,-3.077360455703e-15,5359.488201244,2.998411167879,-390.637748608
65,32.5,257,-5.230737990241e-16,2.356745759401e-14,-1.888597709784e-15,5193.194231361,-1.66546077057,-394.3017429477
65,32.5,258,-5.168406893874e-16,2.335301134381e-14,2.291123032141e-15,5073.359709572,2.663969197726,-391.7449334179
65,32.5,259,-4.768505254548e-16,2.359738182251e-14,-7.986044369385e-16,5147.443665186,2.399432446404,-394.7095221644
65,32.5,260,-4.399484245692e-16,2.348148247687e-14,-4.234230541857e-15,5261.261785399,2.034995021131,-391.5549204729
65,32.5,261,-4.856599427931e-16,2.326137346415e-14,-2.397275266241e-15,5263.673533998,-5.031024855121,-388.8952552195
65,32.5,262,-4.163694351008e-16,2.340770729302e-14,-3.590198784973e-15,5227.490562746,-2.725891919373,-390.7625197383
65,32.5,263,-4.486057923208e-16,2.333093375926e-14,-3.429002687758e-15,5140.394237561,-2.083542642697,-389.630420608
65,32.5,264,-4.694880625388e-16,2.333748380531e-14,-2.571053359636e-16,5039.5894347,-0.9008439827054,-389.3527570378
65,32.5,265,-4.340001290754e-16,2.327178298187e-14,4.249406958639e-16,5300.892257942,-4.453544931565,-388.8407105944
65,32.5,266,-4.832869025016e-16,2.363088730864e-14,-2.38576294104e-15,5200.582468557,-4.357498357431,-394.9064396803
65,32.5,267,-4.376171674071e-16,2.320072452575e-14,-4.142844679422e-15,5263.147674091,3.409064880354,-387.857142255
65,32.5,268,-5.072030715953e-16,2.351079732947e-14,-4.83279123118e-15,5148.876418659,0.57938847503,-393.2451274233
65,32.5,269,-4.582688049076e-16,2.336762585267e-14,-1.596639869911e-15,5427.408156298,2.188541619863,-391.1271233198
65,32.5,270,-4.570270533229e-16,2.348756489626e-14,-3.077677133039e-17,5075.768267291,-4.308302256577,-392.7521809308
65,32.5,271,-4.13027589698e-16,2.359499625538e-14,1.405471759658e-15,5196.647322559,-0.4384863363331,-394.6217481667
65,32.5,272,-4.834816863626e-16,2.332915790066e-14,2.29100805749e-15,5164.378627737,-1.899083491168,-391.1897040923
65,32.5,273,-5.036071577342e-16,2.34619308453e-14,-3.511370485545e-15,5156.122348649,2.354762509464,-392.6576137979
65,32.5,274,-4.266685091416e-16,2.316870813193e-14,-3.235226262565e-15,5236.724583313,3.424159569772,-388.2262088844
65,32.5,275,-4.253094858816e-16,2.334302437423e-14,-3.317398080598e-15,5135.037406712,-3.288359874794,-389.0754346995
65,32.5,276,-4.551735485944e-16,2.343650910545e-14,-4.7572737062e-15,5382.502298583,-0.7706957527714,-391.2948041368
65,32.5,277,-5.435059659949e-16,2.343285972689e-14,-3.748597054155e-15,5387.5575876,-4.142600710944,-392.1435906457
65,32.5,278,-4.844418740616e-16,2.351650443036e-14,-1.372567539796e-15,5202.240387359,-0.4833519182375,-392.7147882161
65,32.5,279,-4.440431400938e-16,2.338445428683e-14,-2.574534912152e-15,5301.912727466,1.042856263269,-390.2918376392
65,32.5,280,-3.568816837729e-16,2.328858670457e-14,2.549988236344e-16,5253.168207235,1.666300366887,-389.2667519225
65,32.5,281,-5.193267048135e-16,2.347846970427e-14,-7.175589959483e-17,5210.849150627,1.825984417251,-391.2778938676
65,32.5,282,-5.03328839576e-16,2.363891821749e-14,1.267680374849e-15,5123.623018087,2.408578639473,-395.3520381934
65,32.5,283,-4.17739792664e-16,2.350525577398e-14,-5.550659305933e-15,5298.562563877,0.5907120634656,-392.3694450847
65,32.5,284,-3.833051027147e-16,2.333270185242e-14,9.371508771843e-16,5294.76134432,4.471600389909,-389.7558701781
65,32.5,285,-3.407110828984e-16,2.330613873237e-14,-1.629439903587e-15,5190.540637454,2.39267851141,-389.3712670655
65,32.5,286,-5.040485138912e-16,2.33247273107e-14,-2.448397984853e-15,5291.677649101,-2.416046395444,-388.3618809438
65,32.5,287,-4.119704409032e-16,2.342358848648e-14,2.035869389553e-16,5200.368809233,-0.5571906927996,-390.7488308636
65,32.5,288,-3.701320276202e-16,2.329951986067e-14,-3.754329275351e-15,5193.742680452,0.3797849821095,-388.2596701378
65,32.5,289,-4.127574643755e-16,2.344634336842e-14,-7.559363444895e-16,4999.095551751,0.1648251343709,-391.8510539052
65,32.5,290,-4.949642215979e-16,2.343050482947e-14,-5.991863408514e-16,5117.920061408,-2.577900108253,-391.0897084579
65,32.5,291,-4.008486320951e-16,2.343434289442e-14,-2.575002585044e-15,5271.627588405,-1.720678341379,-392.8533310313
65,32.5,292,-4.85192400596e-16,2.362107056833e-14,-4.017313655616e-15,5178.564752074,2.342022186787,-393.2560147069
65,32.5,293,-5.181044527702e-16,2.348863895761e-14,-4.999326246124e-15,5088.378041178,5.189291767518,-391.7649701505
65,32.5,294,-5.101164239351e-16,2.345766106828e-14,-4.068800738215e-15,5051.127065553,0.9441440532634,-392.3097829719
65,32.5,295,-4.324533388704e-16,2.357685889217e-14,-1.852394304877e-15,5202.371866463,3.097741722135,-393.3649745293
65,32.5,296,-5.115042032568e-16,2.359749578786e-14,2.997886287458e-15,4949.805083916,-1.340283964522,-393.1100507715
65,32.5,297,-4.02527608219e-16,2.352451631556e-14,-3.164062908226e-15,5208.27067866,3.035657917052,-392.1375571496
65,32.5,298,-4.320836672149e-16,2.330033299035e-14,-7.184717362703e-16,5346.297079703,-2.919982811765,-389.1822783568
65,32.5,299,-5.695535556159e-16,2.353999702947e-14,-1.74826794729e-15,5411.812942253,-3.53790561612,-393.4760722136
65,32.5,300,-4.039486971836e-16,2.33007820965e-14,-1.766634602456e-15,5208.171001104,3.587734657727,-390.9167676605
65,32.5,301,-4.845575347059e-16,2.359571241776e-14,-1.395148778978e-15,5140.9484551,-1.955943139981,-393.8084762565
65,32.5,302,-4.395049832459e-16,2.344614561626e-14,-2.064069271853e-15,5216.797903193,4.631157084314,-390.2625245345
65,32.5,303,-4.260594875713e-16,2.323543466871e-14,-3.249430895272e-16,5147.125857453,2.94131895512,-389.0978155388
65,32.5,304,-4.39051971856e-16,2.355064568016e-14,-3.22356416511e-16,5080.890374182,2.710754012623,-394.6526126105
65,32.5,305,-4.039961632612e-16,2.334580712506e-14,-1.497193246333e-15,5175.706200189,1.221348795999,-389.6324700692
65,32.5,306,-4.405840239439e-16,2.356353932979e-14,-1.320215957484e-16,5149.180659539,-0.8319394379156,-393.9769405263
65,32.5,307,-4.602618943332e-16,2.34476865366e-14,-1.752856202989e-15,4972.554706836,4.396514074691,-390.5324603707
65,32.5,308,-4.273813174133e-16,2.327061981424e-14,-3.054731738612e-15,5151.508034013,6.309146377546,-389.5905478582
65,32.5,309,-4.778668932823e-16,2.346454941513e-14,1.612701554408e-15,5081.064487642,4.011423277344,-392.4092067358
65,32.5,310,-4.524503613721e-16,2.323045347705e-14,-1.981770563078e-15,5277.7930431,1.641441345419,-389.0454139739
65,32.5,311,-4.637321441259e-16,2.361846450608e-14,-3.221320589009e-15,5285.348043499,3.905303354273,-394.5534916499
65,32.5,312,-4.87183996321e-16,2.361437500236e-14,-3.299424973272e-15,5276.913559634,3.315485473987,-395.2811383455
65,32.5,313,-5.325938279941e-16,2.351468027707e-14,-2.143184417908e-15,4982.415737536,0.1388115952753,-392.6112649957
65,32.5,314,-4.938211833446e-16,2.332940688554e-14,-8.392835472505e-16,5176.740924617,3.178553881319,-390.8880602583
65,32.5,315,-4.373375568996e-16,2.346288357652e-14,-1.361359038482e-15,5396.244277645,-1.921279109347,-392.5403039255
65,32.5,316,-4.21780014083e-16,2.31047325067e-14,-1.206650203041e-15,5300.353537919,-6.244685019994,-387.2361288941
65,32.5,317,-4.693315224783e-16,2.346032626547e-14,2.436745642172e-16,5097.465874399,3.441908776977,-391.17797591
65,32.5,318,-4.789590108543e-16,2.346882018391e-14,-2.75726716595e-15,5258.988382684,4.911249687167,-391.7972992835
65,32.5,319,-4.95503249135e-16,2.313816868815e-14,2.04756378966e-15,5161.445137263,4.562654403817,-386.2869303421
65,32.5,320,-5.389872792543e-16,2.338140583811e-14,-1.220462313296e-15,5124.052635776,0.860884227396,-391.554079285
65,32.5,321,-4.282485781853e-16,2.341842679511e-14,-2.502663941866e-15,5225.324645402,-1.270232021559,-390.4177682225
65,32.5,322,-3.754100598829e-16,2.346353365963e-14,-2.524465627428e-15,5354.632384018,4.099316492607,-392.1113263844
65,32.5,323,-4.932668554719e-16,2.355872928705e-14,-3.034078152068e-15,5189.975107551,4.271272394768,-393.3296029844
65,32.5,324,-4.470757370195e-16,2.347971174201e-14,-2.675370278228e-15,5210.830577885,-3.500324452202,-391.5960117374
65,32.5,325,-4.37886339636e-16,2.368202137426e-14,-4.229408696909e-15,5206.378189322,2.360804566821,-395.0764680212
65,32.5,326,-3.980535689957e-16,2.34140918522e-14,-4.654921027604e-15,5246.053575426,-7.674655920817,-391.7212719341
65,32.5,327,-4.827214706261e-16,2.344247323993e-14,-2.112101719939e-15,5202.384391227,-2.261780150821,-390.4483229055
65,32.5,328,-4.820263875331e-16,2.327449503009e-14,6.664503787577e-17,5142.172224268,-4.432183212325,-388.7156418604
65,32.5,329,-4.132562784781e-16,2.341412040523e-14,-3.898193170659e-15,5143.573573512,-1.055487739024,-390.9759848644
65,32.5,330,-3.821132751949e-16,2.33300970054e-14,5.338350271267e-16,5288.077446997,4.000961261464,-389.7117003415
65,32.5,331,-4.782073780277e-16,2.354622153231e-14,-1.422078717575e-15,5274.363096891,0.05828788245906,-395.3924904984
65,32.5,332,-4.500417015756e-16,2.361106432135e-14,-1.491892136015e-15,5129.415808447,2.535228944763,-394.7661987647
65,32.5,333,-4.417757409331e-16,2.356515622794e-14,-5.728080838591e-15,5130.545191775,-1.188055416638,-393.3292937851
65,32.5,334,-4.52667158518e-16,2.321533941846e-14,-4.920686503822e-15,5193.841504672,4.378864331579,-387.3082715673
65,32.5,335,-4.865257995359e-16,2.345530102327e-14,-1.511381752898e-15,5458.685532512,-2.785778038824,-391.9239349693
65,32.5,336,-4.541596114048e-16,2.317478608484e-14,1.09496789151e-15,5309.907395433,-1.094826537718,-388.050635387
65,32.5,337,-4.110160221036e-16,2.329323244556e-14,-2.00619211645e-15,5322.668678569,3.192950411602,-389.6561742769
65,32.5,338,-4.786425299214e-16,2.339281909334e-14,-3.59204732972e-15,5250.591319006,-2.570304632012,-391.0165514751
65,32.5,339,-3.923036766518e-16,2.345989274488e-14,9.607386637905e-16,5248.831132923,-3.604724537439,-391.6392194521
65,32.5,340,-5.279948066964e-16,2.35599446843e-14,4.486435634338e-16,5334.122431372,3.714804370063,-392.662383662
65,32.5,341,-4.11466288855e-16,2.347285198693e-14,-1.361306521122e-15,5179.695004957,-1.162028643695,-392.7119100159
65,32.5,342,-4.450538761924e-16,2.362895198581e-14,-3.452212983423e-15,5187.72754548,-0.4066034672885,-394.3420607822
65,32.5,343,-5.145380081199e-16,2.350770020392e-14,-6.822871506856e-15,5132.194765792,4.374283787291,-392.341918839
65,32.5,344,-4.320370991325e-16,2.338977802627e-14,-2.164669524059e-15,5156.695430631,1.969134037014,-389.9363028263
65,32.5,345,-4.350400863766e-16,2.310070933815e-14,-1.521334182288e-15,5234.346484669,-3.903870176977,-386.006562424
65,32.5,346,-4.781213519967e-16,2.361017100782e-14,-1.454599496279e-15,5255.79828633,-0.9269415397332,-394.4446437901
65,32.5,347,-5.275053127335e-16,2.357772428303e-14,-3.030622383044e-15,5393.909982868,-0.3462061511594,-393.6169733575
65,32.5,348,-4.483210020796e-16,2.347253761383e-14,-3.43676093156e-16,5369.415291745,-3.975464291119,-392.5376998463
65,32.5,349,-4.53981908755e-16,2.346180649994e-14,-1.431603598168e-15,5121.563155941,-4.401566010833,-392.0124202999
65,32.5,350,-4.338214714963e-16,2.351514944386e-14,-6.043963213749e-16,5133.180587821,0.6254771060143,-392.6907433475
65,32.5,351,-4.2800997179e-16,2.346576633001e-14,2.383841593319e-16,5210.528381116,0.03709457990111,-391.552436164
65,32.5,352,-4.592006728006e-16,2.33145021177e-14,-1.48059740142e-15,5260.708251784,-2.096270356523,-389.4876956476
65,32.5,353,-5.011989374401e-16,2.352036536276e-14,3.060778803132e-15,5382.645405397,-1.865856732348,-393.6159531096
65,32.5,354,-4.609789611654e-16,2.310773930456e-14,3.499261576469e-16,5364.746565146,0.7707394187916,-387.0208349103
65,32.5,355,-4.613314177944e-16,2.345127582457e-14,-6.022317563969e-15,5286.860882603,-4.304846984381,-392.1131630862
65,32.5,356,-4.141479474569e-16,2.334785038483e-14,-4.409326162255e-15,5428.009946312,2.389431960337,-389.2699218894
65,32.5,357,-4.47557316886e-16,2.326681879323e-14,-3.410121707978e-16,5167.962831403,4.920503151685,-389.3995009278
65,32.5,358,-3.520627980593e-16,2.336384977086e-14,-6.574018252575e-15,5084.664024015,0.01092378765911,-390.4002643194
65,32.5,359,-5.213698776256e-16,2.339448253185e-14,-2.283545497512e-15,5342.268603527,0.02093304712816,-390.9756589574
65,32.5,360,-4.69877508169e-16,2.332874749913e-14,-3.939026379832e-15,5098.908809922,-2.831468256428,-389.6394916773
65,32.5,361,-4.393099847881e-16,2.33484839552e-14,-5.122797149556e-15,5351.750287163,-4.345326417205,-390.6470255426
65,32.5,362,-4.515280619109e-16,2.358775993615e-14,-3.312264908238e-15,5032.524622784,-2.15245763548,-392.6001817612
65,32.5,363,-4.613739173872e-16,2.325033852476e-14,-3.146424305749e-15,5215.866226772,-0.9585780449671,-387.9822987995
65,32.5,364,-4.111930289257e-16,2.324548255597e-14,-1.685402514682e-15,5237.090306028,-4.115875801217,-388.3909192802
65,32.5,365,-4.491664561425e-16,2.338905515979e-14,-1.967143743198e-15,5321.589324128,-1.274846841986,-390.3629342431
65,32.5,366,-4.03716812305e-16,2.354063109785e-14,-9.804424807522e-16,5132.702235332,0.4236252335255,-392.6425472902
65,32.5,367,-4.561162806665e-16,2.361343481375e-14,-3.682754004293e-15,5182.856351544,0.1103940295509,-393.8436349716
65,32.5,368,-4.18881033638e-16,2.32870748328e-14,-3.143285730902e-15,5358.704604781,-1.35777259814,-388.8169625455
65,32.5,369,-4.596430639665e-16,2.356817684056e-14,-6.279179838353e-16,4862.020428198,-5.932222115574,-394.1627106745
65,32.5,370,-4.9184680018e-16,2.34864698638e-14,1.116593388512e-15,5020.679516686,-1.066432971314,-391.3545856319
65,32.5,371,-4.15409390738e-16,2.341838799192e-14,-3.335445685226e-15,5165.714881655,-2.572972567504,-391.0248290843
65,32.5,372,-5.304220891571e-16,2.357291620265e-14,-4.838623972656e-15,5243.499764281,-2.213880565482,-393.4549559422
65,32.5,373,-4.15293028492e-16,2.324300978466e-14,-3.960687614807e-15,5289.035741778,-4.301538801312,-387.6932629885
65,32.5,374,-5.022111574808e-16,2.362771608691e-14,-4.233257064863e-15,5270.112896002,-4.045476277772,-395.1191605643
65,32.5,375,-4.151298745039e-16,2.344755028786e-14,-8.778949013322e-16,5261.901577437,3.046318406481,-391.6065550719
65,32.5,376,-4.347764926611e-16,2.313482488025e-14,-8.829022541288e-16,5266.674771994,-5.538457646795,-385.6994392686
65,32.5,377,-4.593178406853e-16,2.331682795504e-14,-1.976509360594e-15,5264.069383529,0.9063104706793,-390.3805008651
65,32.5,378,-4.514656601267e-16,2.343292118583e-14,3.753273831471e-16,5551.606199876,-3.081210998479,-392.8157075197
65,32.5,379,-5.121347706195e-16,2.360617593992e-14,1.726732741117e-16,5180.149937759,1.301550863254,-394.0839937628
65,32.5,380,-4.921462496328e-16,2.345241166441e-14,-3.62173750486e-15,5218.508942752,5.138719138954,-391.8501257463
65,32.5,381,-4.601158408376e-16,2.355042741478e-14,-1.589666201005e-15,5341.15538606,-2.49390713877,-393.2719211015
65,32.5,382,-4.929296357228e-16,2.337095139995e-14,-3.368873284734e-15,5308.253848727,5.959578717776,-390.4585621755
65,32.5,383,-4.041024711112e-16,2.341996822555e-14,-4.325233993808e-15,5469.388617998,2.328266505752,-390.656210481
65,32.5,384,-4.39404638208e-16,2.356844287976e-14,1.947224196128e-16,5100.366719188,-1.63207499162,-392.6484337045
65,32.5,385,-4.254088713157e-16,2.350180204189e-14,-4.397990747349e-15,5231.516720367,3.131054951431,-392.2562866161
65,32.5,386,-5.407024702667e-16,2.32448673367e-14,-4.192108403484e-15,5002.547697896,0.1396852243552,-387.4451407778
65,32.5,387,-5.368402965568e-16,2.33548654715e-14,-3.48266134529e-15,5246.475467502,-0.4197173700881,-390.9579755332
65,32.5,388,-4.264773066947e-16,2.337228342361e-14,4.50969811853e-16,5122.800549733,1.818495925792,-390.9275063355
65,32.5,389,-5.147875002055e-16,2.319913377458e-14,1.882763070032e-15,5270.616182331,-1.19901814079,-388.8018471956
65,32.5,390,-4.201504283975e-16,2.353251046044e-14,-2.052203534325e-15,5215.86527501,5.226099680195,-393.0364573636
65,32.5,391,-5.445592937061e-16,2.337820807536e-14,-2.616595724252e-15,5348.065782963,-2.60326593528,-389.2692698628
65,32.5,392,-4.815887852986e-16,2.350722013733e-14,-7.473811087526e-15,5186.548043037,-6.053009274799,-392.8991867846
65,32.5,393,-4.841318701667e-16,2.335754695399e-14,-3.891288254177e-15,5166.551680978,1.202036614549,-389.4770882067
65,32.5,394,-4.386270072978e-16,2.336588444089e-14,-4.275575269458e-15,5166.248242312,1.035114293427,-390.5113183371
65,32.5,395,-4.715483504882e-16,2.346867777493e-14,-2.326457259031e-15,5114.345412899,0.9753180387021,-391.5555453756
65,32.5,396,-4.755612894867e-16,2.344460903604e-14,-2.161653990088e-15,5048.618501663,-5.43414545581,-392.0582856551
65,32.5,397,-4.822732265573e-16,2.332416382458e-14,-2.129588708628e-15,5096.856284802,-1.175778663513,-388.1619653858
65,32.5,398,-4.977465581118e-16,2.345398919695e-14,-5.630845796017e-16,5320.963093944,8.025465013302,-392.0480495224
65,32.5,399,-4.900665616827e-16,2.351920575823e-14,-3.157028308822e-15,5090.45040786,-1.569742383597,-393.2590659721
65,32.5,400,-3.588553047679e-16,2.332556860964e-14,-3.668799072391e-15,5335.011361172,3.176110019171,-390.4926704093
65,32.5,401,-5.130632613418e-16,2.381787835611e-14,-3.443109830963e-15,5124.63967345,-1.23627778419,-397.4095363239
65,32.5,402,-4.040073243907e-16,2.331667618407e-14,-1.786135737609e-15,5200.471997125,5.460723359305,-389.379728227
65,32.5,403,-4.220946019662e-16,2.372020168434e-14,-4.549659023132e-15,5229.376086199,2.486871593705,-396.3197814108
65,32.5,404,-4.196883903145e-16,2.337838328681e-14,-1.705829249308e-15,5133.576720409,-0.7868332424348,-390.3267456113
65,32.5,405,-4.489747210964e-16,2.351914307153e-14,-1.679252696855e-15,5162.230805064,2.919472084732,-392.980146781
65,32.5,406,-4.386749164691e-16,2.333624846391e-14,5.256151436522e-16,5134.619252779,-1.487227945118,-389.2786474656
65,32.5,407,-4.712131063174e-16,2.346074415784e-14,-1.061397463302e-15,5215.691683986,5.792561276116,-393.9608782281
65,32.5,408,-4.991594137311e-16,2.349058345834e-14,-3.082451402326e-15,5224.55612064,-0.9222912409949,-392.6865366579
65,32.5,409,-5.007877726298e-16,2.335855154007e-14,-3.306757889752e-15,5167.814038862,-3.522004142889,-390.5037636397
65,32.5,410,-5.18279771799e-16,2.34187068386e-14,-2.518580902364e-15,5186.658723093,0.6940358546369,-391.1684927191
65,32.5,411,-4.773829494301e-16,2.352838499963e-14,-5.73224645983e-15,5120.484997723,2.002746373342,-393.0289495296
65,32.5,412,-3.879038879853e-16,2.332540682066e-14,-2.618081187724e-15,5290.082440343,-3.985355829169,-389.3050719677
65,32.5,413,-4.614761739084e-16,2.3239066486e-14,-2.043649112378e-15,5004.030188496,0.8466547316934,-387.7787862707
65,32.5,414,-5.182867854886e-16,2.334730860553e-14,-7.88169224025e-16,5131.401036728,-1.890983360816,-390.5827929719
65,32.5,415,-5.319666553103e-16,2.330198636084e-14,-2.311872761222e-15,5162.297095011,1.488197232604,-389.5604448776
65,32.5,416,-4.504444448408e-16,2.341866928536e-14,-4.366721645424e-16,5185.089325291,-3.667709746398,-391.9032235941
65,32.5,417,-4.260725519647e-16,2.337972756752e-14,-4.995296952663e-15,5336.438221042,-3.091395998575,-390.7625619277
65,32.5,418,-4.882215474669e-16,2.347841512263e-14,-3.142318232071e-15,5156.397954976,3.314973847094,-393.0839409663
65,32.5,419,-3.437429787384e-16,2.330209248569e-14,-4.442961849e-15,5051.678028864,2.607893115338,-388.9944667052
65,32.5,420,-4.482669322988e-16,2.346492240724e-14,-3.948158831247e-15,5444.276206169,6.521584062989,-392.3319073151
65,32.5,421,-4.591792915796e-16,2.363595850686e-14,-3.135977825041e-15,5158.976499509,-1.173793565365,-394.9399405139
65,32.5,422,-4.741086640964e-16,2.334434356085e-14,-1.915799768139e-15,5145.982191879,3.713227923976,-390.2966978663
65,32.5,423,-4.726599117071e-16,2.339294524043e-14,-5.041702807072e-15,5162.643751102,0.6557943727949,-390.0699438645
65,32.5,424,-4.313123430865e-16,2.343985330879e-14,-7.202744430723e-15,5143.343546176,-2.98085619788,-392.5359530417
65,32.5,425,-4.796160892286e-16,2.345200633584e-14,-9.507093603198e-16,5236.985427378,-1.722027549883,-391.5567349295
65,32.5,426,-4.185485935038e-16,2.374071118818e-14,-2.400132894476e-15,5133.731964955,1.974191053158,-396.787680505
65,32.5,427,-4.701521006852e-16,2.342579127808e-14,-2.075790071827e-15,5003.24972018,5.118808477128,-390.6701997331
65,32.5,428,-3.735870689602e-16,2.318864877983e-14,-4.074555837899e-15,5153.942969116,0.414228042199,-388.9517660073
65,32.5,429,-4.3523727975e-16,2.363617235118e-14,-2.108301271354e-15,5226.943394968,-2.261414744698,-394.11881962
65,32.5,430,-5.029447785363e-16,2.354904021162e-14,1.300689175249e-15,5145.456153284,-2.193625754688,-392.7908490948
65,32.5,431,-4.535425383955e-16,2.345936837847e-14,1.723287689132e-15,5189.631710675,2.810042925375,-392.6301539134
65,32.5,432,-4.540872169598e-16,2.334814800287e-14,-2.348186403822e-15,5051.90088051,0.0003199888341345,-390.2706137012
65,32.5,433,-4.265188010815e-16,2.338851597158e-14,-3.290258454359e-15,5224.255437593,-0.9967115641568,-390.5268951787
65,32.5,434,-4.64811853545e-16,2.327780675145e-14,-2.407582697578e-15,5302.981401681,-2.762386265683,-389.4837249588
65,32.5,435,-4.632013872063e-16,2.330719341833e-14,-4.874009032154e-15,5261.33900199,-5.695393468883,-389.6186645709
65,32.5,436,-4.234323428512e-16,2.347233700098e-14,-3.393670213002e-15,5105.118105326,2.458944879104,-391.9079311918
65,32.5,437,-5.243535749193e-16,2.359626799925e-14,-3.07271665502e-15,5136.279351853,-6.614575716584,-394.3749177572
65,32.5,438,-4.919650448934e-16,2.36368686993e-14,-2.214673684671e-15,5278.383631297,-4.072819214236,-393.4035983888
65,32.5,439,-4.994116477485e-16,2.344867184963e-14,8.891493307894e-16,5079.249271747,-0.9093138196535,-390.8703738126
65,32.5,440,-5.104967376157e-16,2.357300649298e-14,-5.945693697678e-15,5194.705661517,-0.4833952473986,-393.9287646921
65,32.5,441,-5.173167704874e-16,2.344486907049e-14,-4.063567654735e-16,5389.705458542,2.947050697712,-390.6021117552
65,32.5,442,-5.508777939486e-16,2.357404495331e-14,-3.009997345623e-15,5054.813027886,-6.09170415315,-394.6134768754
65,32.5,443,-4.136215105633e-16,2.354020999438e-14,-3.575948723937e-15,5298.352359293,-1.361368546024,-393.073746635
65,32.5,444,-3.634203815019e-16,2.341745038135e-14,-3.851741971404e-15,5178.473919351,-0.4327358131789,-391.0684230141
65,32.5,445,-4.618261107883e-16,2.324540042503e-14,-2.063233080853e-15,5387.384695131,-1.057409493559,-387.8347101459
65,32.5,446,-4.974833737394e-16,2.336658672148e-14,-2.135348712383e-15,5158.496896957,-2.844291991023,-390.6178730036
65,32.5,447,-4.39968223443e-16,2.333830667487e-14,-1.992632584962e-15,5179.450892676,-1.203018607207,-388.9792317499
65,32.5,448,-3.983657966695e-16,2.340943949579e-14,-6.040384372513e-15,5198.599996241,4.134985124591,-391.7104417863
65,32.5,449,-3.804594565205e-16,2.343748029358e-14,-4.881116823452e-16,5302.906373878,1.241888103212,-391.4172621999
65,32.5,450,-5.171504801633e-16,2.342405909807e-14,-4.168343141987e-15,5335.636667366,-3.302521724612,-390.7349378038
65,32.5,451,-4.255220361044e-16,2.341448878775e-14,-2.236422472512e-15,5200.973714592,2.466280034637,-391.7351499566
65,32.5,452,-4.274726131492e-16,2.32923260108e-14,-5.576662273442e-15,5253.155417507,2.803795017315,-388.4872024436
65,32.5,453,-4.32903727775e-16,2.336526150704e-14,-1.412843521534e-15,5117.404456253,-0.09703279942218,-391.2358900153
65,32.5,454,-4.603745158412e-16,2.341908591316e-14,-3.518595972619e-15,5357.11610004,-2.646442255831,-391.6663609764
65,32.5,455,-4.34569351927e-16,2.332037853732e-14,-2.202019152805e-15,5381.032031458,5.327215692009,-389.0009837864
65,32.5,456,-3.938593869494e-16,2.343521018505e-14,-1.828980708035e-15,5135.363586113,-4.180871943742,-391.5016592942
65,32.5,457,-5.227790451995e-16,2.356258075122e-14,-1.347356777558e-15,5158.952764234,2.733850134597,-394.0114590943
65,32.5,458,-4.171475112539e-16,2.331233062169e-14,-4.479036456605e-15,5461.076869672,-4.382030513423,-390.8683786854
65,32.5,459,-4.527288898632e-16,2.337522115647e-14,2.77085023742e-15,5294.281517958,-1.633483277489,-391.290873758
65,32.5,460,-4.613027624477e-16,2.334054456128e-14,-1.167593445589e-16,5165.626493681,1.472200044198,-389.6082099381
65,32.5,461,-4.345901311658e-16,2.312592053406e-14,-1.862093277188e-15,5142.658635186,1.800571576071,-389.1820860065
65,32.5,462,-4.64631505275e-16,2.365048593771e-14,-5.715397047724e-15,5325.792789491,-1.901562031415,-395.2369896846
65,32.5,463,-5.414404415645e-16,2.354054371941e-14,-5.404459766202e-16,5287.307946987,4.109156242067,-393.3428530424
65,32.5,464,-4.720629900938e-16,2.364512149279e-14,-8.842124163298e-16,5159.610057167,3.702316510215,-394.6308500506
65,32.5,465,-3.65007140693e-16,2.341877319168e-14,-1.690953297704e-15,5263.956828726,-1.090071588044,-392.3707227237
65,32.5,466,-4.166421508815e-16,2.349702518554e-14,1.31102972122e-15,4898.635364128,2.560160425799,-392.0143318957
65,32.5,467,-4.121996824308e-16,2.355994342615e-14,-9.350375275966e-16,5312.102662405,1.920463654215,-394.0006994432
65,32.5,468,-4.451944921933e-16,2.318703898995e-14,-2.085544863275e-15,5259.631476982,4.142348080812,-388.0588662937
65,32.5,469,-5.065393341741e-16,2.352955267859e-14,-2.314696211758e-15,5533.789992058,-5.458755780446,-393.2698631062
65,32.5,470,-4.961948831214e-16,2.33583642317e-14,-4.084033284251e-15,5103.685425046,-1.608267351526,-390.1120667207
65,32.5,471,-4.719096670925e-16,2.364887079749e-14,-7.751274646802e-15,5278.822117878,0.02664629121297,-395.4929365346
65,32.5,472,-4.462786063592e-16,2.340164039454e-14,-3.36556396507e-15,4866.107459722,1.776438268943,-391.1329293435
65,32.5,473,-4.193886356287e-16,2.321187380054e-14,-3.38552757807e-15,5115.419459343,-2.828571691951,-387.5158297475
65,32.5,474,-4.206262154105e-16,2.362112807269e-14,-2.602467748049e-15,5075.517756597,-2.694982624831,-393.2191237509
65,32.5,475,-4.65538563225e-16,2.356832149028e-14,-2.652703405648e-15,5193.76631115,1.252084248126,-393.1600339863
65,32.5,476,-4.784578669477e-16,2.331020258539e-14,-9.619158060962e-15,5306.228506529,1.538566900192,-390.5198582046
65,32.5,477,-5.218753229398e-16,2.362860416878e-14,-2.431696277069e-15,5189.183841494,-2.074402714565,-394.9378844439
65,32.5,478,-3.846965014682e-16,2.338738838817e-14,-1.446012452178e-15,5195.16188572,-3.566354493734,-390.1037257538
65,32.5,479,-5.051656761155e-16,2.348360783626e-14,-6.675344950359e-16,5177.534404724,-2.678494837738,-392.531205548
65,32.5,480,-4.407070071227e-16,2.351472567337e-14,-1.549759568603e-15,5215.334713742,3.696367623627,-392.8153755399
65,32.5,481,-4.899096997459e-16,2.336515301773e-14,-1.993323925107e-15,5281.616080755,1.431830304221,-391.2491288257
65,32.5,482,-4.396841074851e-16,2.35481948237e-14,-3.363544739818e-15,5319.02732356,-1.776279012121,-392.694544458
65,32.5,483,-5.29677243235e-16,2.358932657971e-14,-7.947920844364e-16,5230.799004843,-2.146280319781,-392.8322964177
65,32.5,484,-5.066500448109e-16,2.334568257288e-14,-7.029844745577e-15,5197.515033785,3.170632171836,-390.3675234417
65,32.5,485,-4.856125729365e-16,2.37774902914e-14,-3.517860296826e-15,5257.49255917,-5.230363595279,-397.5154833833
65,32.5,486,-3.969530079123e-16,2.330158063459e-14,-3.176775740986e-15,4972.839394263,-4.377814328852,-389.7946596159
65,32.5,487,-5.046171647497e-16,2.342561324004e-14,-2.861781652424e-15,5199.319740441,-0.8926310313604,-391.6985245851
65,32.5,488,-3.868283762269e-16,2.309754191491e-14,-2.810081163389e-15,5259.308966791,-1.155310504948,-384.9066307456
65,32.5,489,-4.345180841742e-16,2.333382079045e-14,-2.074933907356e-15,5187.165547561,-0.8932167053574,-388.8693421872
65,32.5,490,-4.055198769503e-16,2.328897755625e-14,-2.566397840193e-15,5168.75161554,-0.7100999276789,-389.1870230602
65,32.5,491,-4.917839837366e-16,2.344235369407e-14,5.255002394215e-16,5324.429102777,2.445518907611,-391.5528762978
65,32.5,492,-4.701643097911e-16,2.35037207451e-14,-5.004420476948e-15,5239.752435933,-0.1424152671989,-392.4521534947
65,32.5,493,-4.859668305664e-16,2.317079783142e-14,-2.938587452833e-15,5298.091653885,-0.5997867963561,-388.1153690335
65,32.5,494,-4.434060366471e-16,2.35891197905e-14,-5.011220131287e-15,5358.018461684,2.280531011495,-393.9886438416
65,32.5,495,-4.441313528424e-16,2.341143800049e-14,-2.180064087084e-15,5152.14783605,-6.84106905076,-390.8635264145
65,32.5,496,-4.391198788395e-16,2.362255914727e-14,-3.077768907859e-15,5229.332204115,-1.548925248088,-394.1804512115
65,32.5,497,-4.362226338472e-16,2.349117164124e-14,5.687312036757e-16,5225.310793082,-0.9962889880998,-392.3684864474
65,32.5,498,-4.758016573529e-16,2.347949764596e-14,-1.974262097002e-15,5047.820519437,0.7138156049759,-391.9638089558
65,32.5,499,-3.893404535568e-16,2.34457352829e-14,-3.342590804544e-15,5260.239379967,-6.002134767359,-392.2516191134
65,32.5,500,-4.955094767468e-16,2.345093995006e-14,-3.362595180792e-15,5295.380744927,-0.4136933371216,-391.4997683839
65,32.5,501,-4.959792422296e-16,2.351479669296e-14,-2.527074535485e-15,5236.711443332,-4.490171639303,-392.4774381743
65,32.5,502,-4.260944551515e-16,2.345419025842e-14,-1.488613183522e-15,5197.411358073,-0.1754318879185,-391.6280765421
65,32.5,503,-4.582531401105e-16,2.339924127548e-14,-5.040469260408e-15,5270.14534436,-3.114609385866,-390.5115602296
65,32.5,504,-5.277004078169e-16,2.341692762848e-14,-7.276955504718e-16,5220.864080864,-1.180708785967,-391.2243314524
65,32.5,505,-3.775338093616e-16,2.345039642266e-14,-6.772208082543e-15,5110.775345017,0.2515723923595,-391.6282366458
65,32.5,506,-4.260575006038e-16,2.35504521768e-14,-2.775794210504e-15,5228.452127819,4.43570793321,-393.2389817537
65,32.5,507,-3.876896327085e-16,2.367797995541e-14,-3.273665450891e-15,5351.104318316,2.885970784125,-394.3378993267
65,32.5,508,-4.769877973619e-16,2.35433543396e-14,-6.194519018709e-16,5152.208933829,7.238013507414,-392.7931624215
65,32.5,509,-3.875755078528e-16,2.337930510181e-14,9.309508162233e-16,5241.525238412,-2.791686960033,-390.240072352
65,32.5,510,-4.117691061943e-16,2.346549877363e-14,4.852876497652e-17,5205.153738375,1.019253253863,-391.0246844625
65,32.5,511,-4.056100147397e-16,2.342475955487e-14,2.142042728431e-16,5134.899940078,-3.061972357105,-391.042126654
65,32.5,512,-4.959035952825e-16,2.34250107666e-14,-4.342345783606e-15,5160.707182843,-3.985036160458,-391.7070176989
65,32.5,513,-3.843125069564e-16,2.355419282408e-14,-6.105307827687e-15,5315.5166008,4.078942155088,-394.0144864945
65,32.5,514,-4.825638827554e-16,2.342911772565e-14,3.597082557592e-16,5173.397646925,-1.877736181637,-391.2131547018
65,32.5,515,-4.342142923494e-16,2.350219865698e-14,-1.577883372593e-15,5247.428794399,-1.104069744721,-393.4884607664
65,32.5,516,-5.179243579503e-16,2.331352667347e-14,-7.974566971411e-16,5203.788551623,0.2673262408685,-390.4521116436
65,32.5,517,-4.085836529828e-16,2.354264566576e-14,-2.595441369823e-15,5155.593222376,-0.2293309239268,-392.6537389275
65,32.5,518,-4.55969681113e-16,2.350413349353e-14,-2.750387562702e-15,5096.790796898,3.074442952869,-392.523203672
65,32.5,519,-4.888423355096e-16,2.349349095745e-14,-3.232983728015e-15,5257.716414387,-3.411429357165,-392.2006500563
65,32.5,520,-4.890280823877e-16,2.345277847863e-14,-1.224359350033e-15,5124.719618678,-0.08800609655662,-393.7160440195
65,32.5,521,-4.068387711155e-16,2.321767919247e-14,-9.172541202615e-16,5288.321854356,-8.722486571926,-388.5426056627
65,32.5,522,-4.71494554648e-16,2.335005418163e-14,-2.441292487092e-15,5229.807272021,1.02440365775,-389.9554922877
65,32.5,523,-4.67721222871e-16,2.347106684763e-14,-3.518795433353e-15,5398.124343377,-3.108229962488,-392.1829394671
65,32.5,524,-4.064806022972e-16,2.339672856749e-14,1.251762099514e-15,5101.668727895,0.5993178898841,-391.4698543308
65,32.5,525,-3.977440604409e-16,2.334004409817e-14,-2.476957319177e-15,5229.093370904,1.791835814806,-389.9610307869
65,32.5,526,-4.308424252365e-16,2.372854825252e-14,-5.70338085102e-15,5077.629489588,2.235206455792,-396.9097950122
65,32.5,527,-4.697698551421e-16,2.32660677076e-14,-4.005098957772e-15,5235.617633097,4.547861726449,-389.5993308425
65,32.5,528,-4.217611522283e-16,2.326883249968e-14,-2.657193476335e-15,5240.087718624,1.01974571152,-388.380047278
65,32.5,529,-3.753145866885e-16,2.315111292933e-14,-5.056940789957e-15,5212.0288315,-0.07217642924917,-386.8743828488
65,32.5,530,-4.613257072242e-16,2.34708968044e-14,-1.043922074368e-15,5285.66847974,-0.2681215647376,-390.5090507901
65,32.5,531,-4.137744771377e-16,2.320086069545e-14,-2.038481522435e-15,5257.394809598,-6.344830862742,-386.31035899
65,32.5,532,-4.442509141261e-16,2.324509327544e-14,-1.64435764549e-16,4973.268609523,4.919346229406,-389.4360037044
65,32.5,533,-4.727231292035e-16,2.374136496057e-14,-2.467537336243e-15,5460.417582823,1.135194965709,-395.5949569624
65,32.5,534,-3.98219236206e-16,2.364510689055e-14,-4.101290850288e-15,5216.09019328,-2.865594124357,-394.6903816875
65,32.5,535,-3.453209486985e-16,2.33273328955e-14,-3.676101866372e-15,5251.07482527,4.109369811521,-389.6089201267
65,32.5,536,-4.759698910911e-16,2.353720225534e-14,1.641859111179e-15,5312.610381901,-0.6687245928551,-392.393153231
65,32.5,537,-4.32501688666e-16,2.349641344141e-14,-3.688627035736e-15,5411.38566545,5.323940202135,-392.1691137241
65,32.5,538,-5.26367323217e-16,2.36114659255e-14,-1.974583537411e-15,5158.326154828,1.451494638143,-394.5193114925
65,32.5,539,-4.430088479835e-16,2.372193106857e-14,-2.160745885487e-15,5271.755978576,-2.081633892693,-395.3216047613
65,32.5,540,-3.92899299786e-16,2.344882844009e-14,-1.479589803682e-15,5134.91345169,0.91033462417,-392.4419531071
65,32.5,541,-4.921046676672e-16,2.331726668501e-14,-2.380519622965e-15,5306.775855953,-1.086895551293,-389.1756479398
65,32.5,542,-4.513406731764e-16,2.340384827843e-14,-1.139064487183e-15,5382.432039037,0.188373535086,-391.124426868
65,32.5,543,-3.75178797027e-16,2.348068935563e-14,-5.06295338355e-15,5060.385280524,0.4039832474288,-391.0787183676
65,32.5,544,-4.39052282982e-16,2.337372129157e-14,-3.002910056068e-15,5168.30618771,4.814637322825,-390.9878319894
65,32.5,545,-4.186011028479e-16,2.345924798896e-14,5.842957233862e-16,5131.189784788,-9.045883533364,-392.3218723627
65,32.5,546,-5.224419776728e-16,2.305861019178e-14,-8.757466553611e-16,5212.305203775,1.858808311084,-385.0526219164
65,32.5,547,-5.097530202152e-16,2.348317653251e-14,1.952491127758e-15,5214.66456008,-0.1267618239967,-391.7105735546
65,32.5,548,-4.841600129957e-16,2.346457145272e-14,-5.722783326627e-16,5096.364886206,-1.458972686683,-391.7102458742
65,32.5,549,-4.150805170658e-16,2.33716958019e-14,-1.855869921823e-15,5101.598885502,-1.050897786553,-389.272928118
65,32.5,550,-4.639533506964e-16,2.322799166984e-14,-3.073548587545e-16,5143.171482443,3.895235574175,-388.5335571807
65,32.5,551,-4.996348802133e-16,2.331264062516e-14,7.318868834545e-16,5194.636998357,3.826918676115,-389.634003256
65,32.5,552,-5.000014196006e-16,2.327327699359e-14,-4.346151615527e-15,5486.01184823,6.281374817104,-389.0996512892
65,32.5,553,-5.462388132111e-16,2.352561394054e-14,2.832530288441e-16,5286.820135422,-0.09347115126928,-392.005929627
65,32.5,554,-5.23500262135e-16,2.33705893669e-14,-1.812706049005e-15,5334.162262025,-0.5942950816425,-390.5778338721
65,32.5,555,-4.863566318113e-16,2.342041707846e-14,-3.471071177674e-15,5384.607917817,-2.907454999698,-390.8150952761
65,32.5,556,-4.93220214965e-16,2.344356310502e-14,-2.684956790101e-15,5167.40569532,5.625880008131,-393.0691534981
65,32.5,557,-3.782679701118e-16,2.3287485255e-14,-1.636920167944e-15,5369.18511166,2.081902790367,-389.223008509
65,32.5,558,-4.011672391799e-16,2.349548317582e-14,2.165739134271e-15,5352.044802155,-4.762029694341,-392.8692380113
65,32.5,559,-4.889407446132e-16,2.3443337437e-14,-1.97184587543e-15,5319.179152018,-0.4631980717295,-392.1393181189
65,32.5,560,-4.25574867576e-16,2.342382931916e-14,-2.136730526457e-15,5204.793734509,3.337322432796,-392.0965021117
65,32.5,561,-4.256597653141e-16,2.334586040222e-14,-2.015939096226e-15,5266.851081491,3.388944668376,-390.4171688076
65,32.5,562,-4.818897425386e-16,2.32880829685e-14,-6.230074694641e-16,5172.780759512,1.393984444945,-389.814005789
65,32.5,563,-5.032844517335e-16,2.331700490484e-14,-1.878274059679e-15,5226.480849716,1.439165034992,-390.5906657431
65,32.5,564,-4.170435826235e-16,2.336678140036e-14,-3.518878058175e-15,5293.634743119,0.9763967022403,-390.0431478753
65,32.5,565,-5.379793629398e-16,2.345491759861e-14,-6.641145595116e-16,5121.22886103,-2.662913793047,-392.4804353342
65,32.5,566,-4.56602136895e-16,2.373394331086e-14,1.228664140062e-15,5111.850047151,1.054015458253,-395.5468268931
65,32.5,567,-5.01072441809e-16,2.320372296527e-14,-1.62666206265e-15,5135.230705147,-0.08125305813609,-389.2624540179
65,32.5,568,-4.471366389641e-16,2.321247914068e-14,1.030525827944e-15,5152.797727727,1.963769468345,-388.0208480283
65,32.5,569,-4.275844713506e-16,2.345804929053e-14,-2.909762314501e-15,5076.518084167,0.9524094814253,-391.2690347804
65,32.5,570,-4.908358871635e-16,2.338607833573e-14,-1.725976764013e-15,5302.027299045,0.2052766797222,-388.7324778712
65,32.5,571,-4.804930600003e-16,2.341166822956e-14,-4.134509520474e-15,5190.953039397,1.740156044982,-390.8534801751
65,32.5,572,-4.336912878465e-16,2.321277072934e-14,-3.637792855759e-15,5196.482924702,-0.9904971916862,-388.391130587
65,32.5,573,-4.659745310897e-16,2.361134626756e-14,-1.87746425086e-15,5219.163417147,-0.3235595801437,-394.281845659
65,32.5,574,-4.731767106138e-16,2.343100981409e-14,1.497827632932e-15,4996.060811694,-3.684420945351,-390.7958507609
65,32.5,575,-4.573519609926e-16,2.347771658893e-14,-3.125908504615e-15,5195.886310602,2.74424791964,-391.7576256392
65,32.5,576,-4.6820203963e-16,2.322015823679e-14,-4.124630947217e-15,5193.900945737,-1.851774165498,-387.5661789167
65,32.5,577,-4.316967559527e-16,2.315928460224e-14,2.101593234551e-15,5053.299144007,4.721404854005,-388.6428111863
65,32.5,578,-4.801074310274e-16,2.344828702197e-14,-3.957021756165e-15,5281.745448827,2.994575268845,-391.7534709426
65,32.5,579,-4.757657380041e-16,2.32926008267e-14,-3.454313047383e-15,5482.022560426,-1.672713397837,-389.7270507238
65,32.5,580,-4.969503727115e-16,2.343305209002e-14,-4.760147318893e-15,4942.704880934,3.861408723043,-390.9259789235
65,32.5,581,-4.663705808821e-16,2.37313641192e-14,-2.191568476693e-15,4971.145529847,3.445578661193,-395.8730521911
65,32.5,582,-4.049492765551e-16,2.327528302044e-14,-4.056904821096e-15,5152.021576643,-1.131102089544,-388.9723343882
65,32.5,583,-4.413028045849e-16,2.345939754584e-14,-4.574837842901e-15,5340.06521093,-7.328969350842,-390.9570078989
65,32.5,584,-4.777840130474e-16,2.346177572777e-14,-5.032227240252e-16,5137.218365793,-2.326396229003,-391.7155031523
65,32.5,585,-4.743021875922e-16,2.364898998222e-14,-2.000608986783e-15,5172.733184139,-1.664920827962,-395.7028464763
65,32.5,586,-5.076400626242e-16,2.351724016629e-14,-3.355857770292e-15,5350.050071922,-4.751780643405,-392.280682318
65,32.5,587,-3.952766273506e-16,2.333568457936e-14,-3.870956224857e-16,5241.867458864,0.8764428830976,-389.4738873102
65,32.5,588,-4.911767713392e-16,2.322192552044e-14,-3.188696952974e-15,5306.376302513,-3.954257501151,-388.4134529566
65,32.5,589,-4.281287113586e-16,2.346757987441e-14,-2.870275135627e-15,5152.407009408,-3.788446632494,-393.5391550087
65,32.5,590,-4.696812651688e-16,2.343379829605e-14,-6.007140533679e-15,5215.402536488,-1.286750918275,-391.4297252785
65,32.5,591,-4.159955180134e-16,2.335304011585e-14,-1.275859674006e-15,5285.313214244,1.951279099123,-390.4011953369
65,32.5,592,-5.437453047264e-16,2.348793789784e-14,1.834400730487e-16,5148.665165396,1.930243442668,-391.9824510253
65,32.5,593,-4.844613674355e-16,2.35606899474e-14,7.32206818598e-16,5255.539794783,-2.734446528044,-393.5891024588
65,32.5,594,-4.159340475215e-16,2.360022781022e-14,-2.304528855246e-15,5327.867938938,2.653206753171,-394.1353506311
65,32.5,595,-4.126676293752e-16,2.351385876964e-14,-2.832681294161e-16,5159.707171331,3.314119756243,-393.6594700935
65,32.5,596,-4.683296058596e-16,2.324148871217e-14,-3.55700358455e-15,5205.003409322,-4.018200531567,-388.5361970938
65,32.5,597,-4.957181451644e-16,2.338094906539e-14,-1.415065104522e-15,5125.024705794,0.3419083841162,-391.1763309895
65,32.5,598,-4.636672179185e-16,2.355307906709e-14,-2.696994677588e-15,5506.934191351,3.235516436852,-392.7395847109
65,32.5,599,-3.701107375307e-16,2.334446278468e-14,-3.400524621171e-15,5104.797559494,2.634709788044,-389.9947998319
65,32.5,600,-4.666383978458e-16,2.349777779098e-14,-2.359575527874e-15,5090.234765626,8.220793589113,-391.1719242679
65,32.5,601,-5.292861688509e-16,2.338311597796e-14,-4.70769168903e-15,5289.387911609,3.150372556753,-390.7677378513
65,32.5,602,-5.159789489159e-16,2.352966545077e-14,9.903530922953e-17,5122.8060269,0.03856807341568,-393.5557310186
65,32.5,603,-4.622469507807e-16,2.348627332073e-14,-1.247643708869e-16,5219.892411167,-2.264905064129,-393.1572605987
65,32.5,604,-4.864770032133e-16,2.345490358459e-14,-1.809421560744e-15,5188.250525623,1.547978192779,-392.9693613403
65,32.5,605,-4.521558209713e-16,2.351615678649e-14,-3.419118470992e-15,5233.305862959,1.007201464823,-394.0112321067
65,32.5,606,-3.968196247062e-16,2.336036585695e-14,4.382470156657e-16,5165.47994626,8.364168156652,-390.094211062
65,32.5,607,-4.458799593589e-16,2.314783252352e-14,-3.733809292384e-15,5074.915421861,-0.7317085858276,-387.4454461123
65,32.5,608,-4.587245142836e-16,2.365482431671e-14,-3.142736944409e-15,5223.922168545,-1.536704668376,-394.1131352129
65,32.5,609,-5.048677124361e-16,2.366024604214e-14,-1.229686190915e-16,5249.958293541,0.5480752373487,-395.7901179993
65,32.5,610,-4.731635275909e-16,2.34228458373e-14,5.365659474841e-17,5276.637585992,-3.613258999625,-391.2321639035
65,32.5,611,-4.446275960463e-16,2.335501116824e-14,-5.799170569933e-15,5216.874481924,-4.792197410432,-390.403812767
65,32.5,612,-5.035811083711e-16,2.329029781202e-14,-6.554710880717e-16,5386.50759692,-2.567105675577,-389.185804652
65,32.5,613,-4.466139630502e-16,2.356789091622e-14,-1.584095544616e-15,5263.425940516,-6.484445047154,-392.9805952312
65,32.5,614,-4.864459814562e-16,2.35701974245e-14,6.623494227709e-17,5214.666513369,6.050370247835,-393.5138624156
65,32.5,615,-4.533687407242e-16,2.343351828959e-14,-4.64007158322e-15,5236.432819759,-3.04323936814,-390.7193969983
65,32.5,616,-4.613514720464e-16,2.347822233074e-14,-7.677514338997e-16,5319.365559155,-2.134457079938,-390.8502343681
65,32.5,617,-4.281072006158e-16,2.3278302728e-14,-2.39331745193e-15,5271.903601088,-1.847327672214,-389.7906365975
65,32.5,618,-4.882254009833e-16,2.328056087549e-14,-4.605651577266e-15,5223.436679446,-0.9615665630905,-388.9223257538
65,32.5,619,-4.241698902925e-16,2.337300246499e-14,-2.682477637391e-15,5188.591254626,1.812848769616,-390.4848151943
65,32.5,620,-4.270495673231e-16,2.360736593266e-14,-4.279047792689e-15,5254.565783123,0.5493704777721,-393.8241935423
65,32.5,621,-4.568890958264e-16,2.361654393377e-14,-4.803823660452e-15,5173.993369028,-0.4583061340002,-394.4112596923
65,32.5,622,-5.233345796874e-16,2.336324098671e-14,-1.642120670181e-15,5059.588733973,3.034373637781,-390.5288553101
65,32.5,623,-3.967624311859e-16,2.349826677583e-14,-2.866491742313e-15,5235.556617993,1.550365659008,-393.7903367847
65,32.5,624,-5.166756159451e-16,2.339801716328e-14,-4.133094031154e-15,5299.262636034,-2.563852871586,-389.4633314508
65,32.5,625,-4.614301065638e-16,2.338851815627e-14,-2.517588398424e-15,5390.782129076,-4.456027699884,-391.1267326405
65,32.5,626,-4.388778044999e-16,2.333491149424e-14,-7.097284381464e-16,5329.013904821,2.191826915382,-389.5884331505
65,32.5,627,-4.178999587233e-16,2.33138386945e-14,2.099812074972e-16,5300.176410309,-0.2779132003112,-390.6473616975
65,32.5,628,-4.551453424884e-16,2.348329085292e-14,2.766455090105e-17,5208.694668157,0.4046587879918,-392.7576899071
65,32.5,629,-4.947218616871e-16,2.335945955912e-14,-2.656141855216e-15,5378.020551785,5.676390544306,-389.3353013792
65,32.5,630,-5.131852399065e-16,2.332011873144e-14,-4.043481794168e-15,5175.964081594,6.212678816869,-389.4183473282
65,32.5,631,-3.207284658767e-16,2.317516031302e-14,-2.333140867899e-15,5153.831027084,-4.544285286845,-387.2797901656
65,32.5,632,-5.231290036721e-16,2.34303067892e-14,-3.20151670877e-15,5366.55316115,-0.7879550192463,-393.1607581972
65,32.5,633,-4.661083884913e-16,2.354253978907e-14,-4.508878504637e-15,5158.298743245,-2.776491651889,-393.6983222895
65,32.5,634,-4.818598454016e-16,2.311995734656e-14,-4.927216408683e-15,5269.813660432,1.82881275334,-385.8582402644
65,32.5,635,-4.597595912152e-16,2.380694621808e-14,5.433939680777e-16,5125.793860062,1.722023763203,-395.7870547244
65,32.5,636,-4.644533479111e-16,2.335762377935e-14,-3.279621462137e-15,5257.741588634,-1.832906879811,-389.486593127
65,32.5,637,-4.379027888846e-16,2.368086845765e-14,-2.055829630414e-15,5161.282361874,-2.747793609964,-394.8127300586
65,32.5,638,-4.024182694901e-16,2.35013223174e-14,-3.77021234906e-15,5205.583982777,-1.696693782237,-392.2869671563
65,32.5,639,-3.947212362844e-16,2.336055565386e-14,-1.148068529251e-15,5099.753345063,-3.449959363972,-389.1811869706
65,32.5,640,-5.240540904328e-16,2.343429876127e-14,-2.636116598157e-15,5422.263892525,3.015563086818,-391.6530071083
65,32.5,641,-4.624548480629e-16,2.311707040938e-14,-3.367063506459e-15,5147.17393777,2.883826165169,-386.9524792801
65,32.5,642,-4.542869403311e-16,2.343177590495e-14,-5.7641103344e-15,5091.624236234,-3.935285097424,-390.239695016
65,32.5,643,-5.418311632727e-16,2.356880023719e-14,1.496791805487e-15,5205.593387285,1.800816605327,-393.9685310028
65,32.5,644,-4.354064564988e-16,2.343302892323e-14,-3.094327888844e-15,5243.537022872,2.178733307123,-391.6147747058
65,32.5,645,-4.975584283253e-16,2.339601417917e-14,-3.616189618844e-15,5084.256025937,-0.5369185598026,-390.447379986
65,32.5,646,-4.956580982907e-16,2.36156827555e-14,-4.01450436107e-16,5293.985416675,1.414664791507,-394.2985636072
65,32.5,647,-4.82227755021e-16,2.321171055753e-14,-3.028506249818e-15,5206.86701909,-3.897153041914,-387.4329520476
65,32.5,648,-4.812633888996e-16,2.338243223581e-14,-7.371595079451e-15,5466.686271455,-2.407943473566,-390.1535411164
65,32.5,649,-4.525461240058e-16,2.355392571756e-14,-7.26310076275e-16,5216.264372029,-2.050169319939,-391.525818816
65,32.5,650,-4.426169508304e-16,2.333984064187e-14,-3.574435705933e-15,5332.017023341,1.421003404138,-390.5062895175
65,32.5,651,-4.286829521062e-16,2.331809439593e-14,2.984222879462e-15,5388.276792226,-0.2049058448091,-390.2069903899
65,32.5,652,-4.787093929766e-16,2.341031086236e-14,-1.298943623844e-15,5191.989127094,1.169612894007,-391.4059417976
65,32.5,653,-4.964797222671e-16,2.338954785832e-14,-1.458177708346e-15,5184.009864034,-0.3075756133161,-390.5407653841
65,32.5,654,-4.661827639303e-16,2.343731314391e-14,8.298063444486e-16,5231.640875031,-2.585074947402,-391.7516651747
65,32.5,655,-4.987784908388e-16,2.351368007942e-14,3.573574730992e-15,5223.048061766,-1.495879430607,-392.0054861061
65,32.5,656,-4.652214907947e-16,2.344468374867e-14,-4.385108940708e-16,5201.041567615,-4.076050152607,-391.5917935891
65,32.5,657,-5.246392322543e-16,2.362974441731e-14,-5.423614634271e-15,5183.548283304,1.511103431188,-394.9453040544
65,32.5,658,-4.158756283662e-16,2.337768251373e-14,-1.734471820524e-15,4847.283006009,2.150235059675,-389.7310563052
65,32.5,659,-4.802893370204e-16,2.358426566223e-14,-1.45753605329e-15,5269.582953026,-0.9684806914908,-394.2501052125
65,32.5,660,-4.197747369497e-16,2.361531182357e-14,-5.286602947227e-15,5427.937376297,0.255777730976,-393.5264436642
65,32.5,661,-4.895009822338e-16,2.349856210913e-14,-1.166841373697e-15,5257.410206425,1.561107017069,-392.8221192459
65,32.5,662,-3.696920373216e-16,2.335909287869e-14,-1.197086753294e-15,5216.054520638,1.158135212384,-390.5744378364
65,32.5,663,-4.314182138223e-16,2.360485867701e-14,-5.126670399563e-15,5177.581875544,1.771686918758,-394.2121385385
65,32.5,664,-4.676210338386e-16,2.336887583213e-14,-3.309431901438e-15,5380.700478368,-4.736493882506,-389.7105310079
65,32.5,665,-4.970982679262e-16,2.358061233423e-14,-6.773063470396e-16,5126.070094771,3.081967018343,-394.2583581883
65,32.5,666,-4.528239992743e-16,2.333955193624e-14,-3.739550001849e-15,5185.433581538,-0.4805810357389,-390.1979133518
65,32.5,667,-5.035007942991e-16,2.339498378463e-14,-4.694485177194e-15,5064.939222738,-3.003553001129,-390.3874543476
65,32.5,668,-5.486257537116e-16,2.32748128521e-14,-3.67939994387e-15,5227.011817913,-6.309748370116,-388.7174840733
65,32.5,669,-4.123483156748e-16,2.355424566549e-14,-1.32222538256e-15,5103.719997091,-4.717224801483,-393.5117918759
65,32.5,670,-4.336004306053e-16,2.331703475863e-14,-2.051499726016e-15,5030.125209142,2.100594785163,-388.9442615856
65,32.5,671,-4.709600876514e-16,2.350882828037e-14,-2.466208957736e-15,5193.171172049,-2.218256674008,-393.4137355725
65,32.5,672,-4.510604448788e-16,2.350712592017e-14,-1.125000066603e-15,5246.272241945,-2.663090313848,-392.7294136637
65,32.5,673,-4.963923442323e-16,2.326444064735e-14,-1.655808732697e-15,5101.088137843,0.6233852495402,-389.6306306
65,32.5,674,-4.80615382139e-16,2.310499294273e-14,-3.435705466523e-16,5194.164160207,-0.4295037807776,-386.4513200808
65,32.5,675,-4.550343871681e-16,2.350218848065e-14,-1.562319949398e-15,5034.77730054,-0.7482341321512,-391.7479546252
65,32.5,676,-4.44755885141e-16,2.317577708656e-14,-1.272432726741e-15,5398.768615525,-3.818090203379,-387.156697893
65,32.5,677,-4.350702866611e-16,2.33762096e-14,-1.480031010547e-15,5285.093116779,-0.1291107897186,-390.3390082931
65,32.5,678,-5.448375551026e-16,2.342634879506e-14,-1.973168183975e-15,5317.63483321,3.515981878739,-391.6412734147
65,32.5,679,-4.105586607919e-16,2.343565259398e-14,-8.679113112038e-16,5050.452318309,4.736905079244,-391.6104094061
65,32.5,680,-4.366893745305e-16,2.332489575573e-14,-3.503960588436e-15,5064.594095163,-0.6048124119879,-388.6645689922
65,32.5,681,-5.020010411819e-16,2.325935944656e-14,1.269059468062e-15,5176.638119811,2.241737366448,-389.2012163516
65,32.5,682,-4.186131523678e-16,2.333545513456e-14,-2.236945194063e-15,5128.580793888,0.1083580161873,-389.7321301144
65,32.5,683,-3.94935911297e-16,2.35463816969e-14,-3.291575350695e-15,5225.702691672,-1.023284003194,-393.9981433593
65,32.5,684,-4.054392431465e-16,2.335208238039e-14,-3.62172930074e-16,5155.763665874,-1.416240605946,-389.8269230476
65,32.5,685,-4.808771873439e-16,2.337341470589e-14,-1.478275946554e-15,5201.337884953,-2.655607781335,-390.3004786709
65,32.5,686,-4.512147862825e-16,2.35098149758e-14,6.516637392729e-16,5160.962365662,-3.318457538616,-392.1573224736
65,32.5,687,-4.852471067735e-16,2.34764965799e-14,-8.727092092662e-16,5446.174166848,4.401441981826,-391.2000988449
65,32.5,688,-4.130507558682e-16,2.34345543952e-14,-1.408640198167e-15,5290.418084455,1.565054916421,-391.3852069589
65,32.5,689,-5.030008167622e-16,2.338043770328e-14,-3.737611490077e-15,5213.521846818,-7.652737338892,-389.8032287264
65,32.5,690,-5.13792260346e-16,2.364330331736e-14,-2.522113291471e-15,5226.61696962,6.813092362681,-395.1380195129
65,32.5,691,-5.272725856645e-16,2.361447519403e-14,-3.584154770665e-15,5113.636868412,-1.671622780303,-393.8488743983
65,32.5,692,-4.287393285888e-16,2.338681096692e-14,-1.999582061315e-15,5353.194324845,3.482208771526,-390.1714276183
65,32.5,693,-4.207419885812e-16,2.326499772776e-14,-2.869415500523e-15,5047.080176553,4.710360323113,-389.4242579805
65,32.5,694,-4.764977221404e-16,2.331908553979e-14,-1.497604219255e-15,5248.37026681,-2.621727340294,-388.5744603072
65,32.5,695,-4.717066649598e-16,2.34704191552e-14,1.421641555897e-15,5252.103854926,-0.7238967886436,-391.666429846
65,32.5,696,-4.305999281972e-16,2.366236261247e-14,-2.311021663601e-15,5089.129606606,-1.968984695488,-395.8726239865
65,32.5,697,-4.332264164472e-16,2.366419604025e-14,-6.130735561583e-16,5175.116496695,0.2151231290314,-395.2554115961
65,32.5,698,-5.459823733256e-16,2.352681593427e-14,8.618318672173e-16,5007.714237242,4.594603087567,-393.1522774016
65,32.5,699,-4.191153829157e-16,2.345811814406e-14,-2.944817842692e-15,5056.862077093,-3.084963877919,-392.582005279
65,32.5,700,-4.470351568857e-16,2.342341879991e-14,-4.827080152628e-15,5281.473066629,0.9631730197505,-390.9133415101
65,32.5,701,-4.891877564845e-16,2.325125939384e-14,-1.888217291381e-15,5170.91379732,2.161417506187,-388.6415640126
65,32.5,702,-3.702123001449e-16,2.309255915197e-14,-6.948525950564e-15,5509.461741838,4.179948632591,-386.7693703397
65,32.5,703,-4.614351173651e-16,2.330548766218e-14,-5.656988535289e-15,5294.285833718,-6.582240383745,-389.1256340565
65,32.5,704,-5.658656634813e-16,2.363922157006e-14,-2.477526917964e-15,5212.282416621,0.6268408708491,-394.3476475634
65,32.5,705,-4.764236417895e-16,2.337156785435e-14,-1.212853160868e-15,5376.864136322,-1.974326416488,-390.5460195801
65,32.5,706,-5.10523829647e-16,2.358753042308e-14,-2.914789504066e-15,5165.98083925,1.824785800114,-393.2433018235
65,32.5,707,-5.409981626004e-16,2.368358890775e-14,-1.797367195226e-15,5235.492355814,3.331670222326,-395.0651978873
65,32.5,708,-4.087833957148e-16,2.343363943598e-14,-3.209919953644e-15,5146.876233245,1.270910735567,-390.6925532972
65,32.5,709,-4.706620716115e-16,2.363437443344e-14,-1.17725925189e-15,5190.834150755,-1.608353191174,-393.9897493145
65,32.5,710,-5.104874358569e-16,2.317925669486e-14,-2.043585558356e-15,5308.5985198,4.811756879623,-387.5819731492
65,32.5,711,-4.656333860367e-16,2.34135799913e-14,-1.627765327679e-15,5356.388104681,-2.838634855987,-390.4636813139
65,32.5,712,-4.959636661046e-16,2.336760583713e-14,-3.108303375012e-15,5101.062205195,3.804161047089,-390.4201288621
65,32.5,713,-4.337210914545e-16,2.349930184907e-14,-1.019628068964e-15,5201.973106855,1.217852598541,-391.9930088265
65,32.5,714,-5.012482185634e-16,2.359246900388e-14,-1.880968356014e-15,4981.768796304,-4.334765009101,-392.963414026
65,32.5,715,-4.52109093166e-16,2.354424980418e-14,-5.815523531695e-15,5151.911739583,1.394056044347,-392.8464221259
65,32.5,716,-4.627693201301e-16,2.360125950887e-14,-2.079602339092e-15,5112.584481577,0.6939616831721,-392.842127913
65,32.5,717,-4.288746118663e-16,2.352990267547e-14,-4.122820671641e-15,5166.637079242,1.8949943395,-393.0980813251
65,32.5,718,-3.99947649231e-16,2.306175029643e-14,-1.232397337398e-15,4930.470440268,-2.976297638183,-384.4629156054
65,32.5,719,-4.691522205343e-16,2.336193170045e-14,-1.844254327493e-15,5143.954570729,-0.1522683714318,-389.778108462
65,32.5,720,-4.49723412454e-16,2.368705714759e-14,-2.54705591766e-15,5276.758236407,-1.666092681725,-394.0437770192
65,32.5,721,-4.787140233136e-16,2.352170717024e-14,6.68725734901e-16,5184.976908308,3.126340460081,-391.7865946493
65,32.5,722,-4.918055583935e-16,2.338193620013e-14,6.663210486609e-17,5310.663506712,2.353321208264,-390.0924440178
65,32.5,723,-4.722757492989e-16,2.362494063282e-14,-6.637794199089e-16,5205.030381268,-0.4534853281352,-393.7320957377
65,32.5,724,-4.50913983291e-16,2.336258628157e-14,1.647542733017e-15,5180.486406976,1.872857796749,-390.5124045182
65,32.5,725,-4.137155147824e-16,2.33174174169e-14,2.806912004267e-15,5150.713657833,0.9125425737769,-389.0545427331
65,32.5,726,-3.917293389396e-16,2.345201919815e-14,-4.132012985818e-15,5197.879715943,-2.849681659342,-391.9918087975
65,32.5,727,-5.221209031635e-16,2.362315815503e-14,1.32826737342e-15,5212.941804926,-3.523196625107,-395.257378621
65,32.5,728,-4.68420318615e-16,2.349965317629e-14,-2.602261261819e-15,5164.875363625,-2.443365361139,-392.2156856479
65,32.5,729,-4.50475992293e-16,2.362605796066e-14,-1.20681919843e-15,4834.282666389,-6.448869333186,-393.5428246949
65,32.5,730,-4.218538977242e-16,2.344612082495e-14,-3.188895182859e-15,5144.562023877,-0.06973596795899,-390.6012313668
65,32.5,731,-4.58818875196e-16,2.359694052359e-14,-3.739115138484e-15,5353.550240151,-1.05362880097,-394.2008548603
65,32.5,732,-4.811418363536e-16,2.348193325776e-14,-1.867536648996e-15,5115.223032372,8.252739302069,-393.0979598915
65,32.5,733,-4.54326141706e-16,2.341005030629e-14,-4.390118301296e-16,5095.442205238,5.132974525299,-391.8584257104
65,32.5,734,-4.785939266615e-16,2.325484094204e-14,-4.995825620288e-16,5127.483261038,-0.3519207013665,-388.9434325404
65,32.5,735,-4.539633418756e-16,2.342774132639e-14,-2.082837449491e-15,4998.025707755,1.223316859613,-392.2333428214
65,32.5,736,-4.844972954278e-16,2.360555131238e-14,-2.088737272252e-15,5112.056364731,-1.009327472088,-393.1014273529
65,32.5,737,-3.096398525349e-16,2.32914741553e-14,1.636426588071e-15,5258.643691165,2.992529893047,-389.5816305295
65,32.5,738,-4.431983109669e-16,2.32931986907e-14,-2.642775424079e-15,5172.102319556,-2.271945661827,-389.6478132263
65,32.5,739,-5.040499415318e-16,2.348205994101e-14,-1.433146178952e-15,5223.76670072,-0.330641462819,-392.8888324269
65,32.5,740,-3.497581887973e-16,2.340658745396e-14,-2.498974934865e-15,5239.458192078,-0.7877885613729,-390.4347725276
65,32.5,741,-4.011720560668e-16,2.320105281892e-14,-6.229094402882e-15,5317.647747973,-2.123624257172,-387.9947956655
65,32.5,742,-4.29822534688e-16,2.332808095541e-14,-3.09480342904e-15,5418.46117954,-1.729631863477,-390.1070408949
65,32.5,743,-5.229126978367e-16,2.357124628508e-14,-2.414136691184e-15,5186.115906054,0.5848914491321,-394.4356533562
65,32.5,744,-4.430819099007e-16,2.354029559195e-14,-3.036894991895e-15,5008.438727639,0.0115616146049,-394.2868414637
65,32.5,745,-4.76074627046e-16,2.342827401116e-14,-2.47669008605e-15,5056.455645775,-3.374343807091,-391.0709561753
65,32.5,746,-4.634751849061e-16,2.369135011406e-14,-1.200172320003e-15,5163.198035686,-2.350319572364,-394.3793015004
65,32.5,747,-4.427862836583e-16,2.353053816861e-14,5.310724347563e-16,5052.230811779,0.2698716504111,-393.3167266277
65,32.5,748,-4.536432480076e-16,2.336390012568e-14,2.542053797997e-15,5147.187530805,-1.503896077104,-389.0394908869
65,32.5,749,-4.045439849508e-16,2.341763412753e-14,-6.141287212603e-16,5164.455853233,3.222335380363,-390.2562967029
65,32.5,750,-5.057964776596e-16,2.356442212626e-14,7.200688024712e-18,5298.886099809,2.670328049987,-393.5995360362
65,32.5,751,-4.627196455296e-16,2.34109054112e-14,-6.353052315197e-15,5237.668740673,-1.888892720991,-391.6565454699
65,32.5,752,-4.640709818967e-16,2.337122731828e-14,-1.709735364362e-15,5373.070940291,-0.3246620694856,-389.5184763544
65,32.5,753,-4.675727128841e-16,2.332406542255e-14,-4.11504173892e-15,5246.480098365,-1.743554207064,-390.6138036977
65,32.5,754,-4.620063922721e-16,2.334612408897e-14,2.083770643402e-15,5214.656076616,1.255064376203,-389.2999147664
65,32.5,755,-5.111669124121e-16,2.36627060399e-14,-4.776611150102e-15,5075.829956139,-1.073321060337,-394.733993688
65,32.5,756,-4.238214923627e-16,2.343534964276e-14,-3.610374418488e-15,5292.162201524,3.400852731206,-392.2674964094
65,32.5,757,-4.864110592339e-16,2.343415249614e-14,-1.149420422823e-15,5300.324694157,-2.513931877654,-390.4607436855
65,32.5,758,-4.27157736998e-16,2.358905986791e-14,-2.302144681455e-15,5235.822437013,-3.289132654721,-393.6479014161
65,32.5,759,-4.193263978753e-16,2.336360423706e-14,-3.821583572868e-16,5276.652528754,5.221730698345,-390.6509459568
65,32.5,760,-4.411712787561e-16,2.35334684973e-14,-5.689180966474e-15,5345.755710226,4.687070412847,-394.520073174
65,32.5,761,-5.839604933463e-16,2.332898985217e-14,-6.979387251314e-16,5401.068106082,-1.45012105561,-389.1903008143
65,32.5,762,-4.727070127757e-16,2.338107541065e-14,-2.819438865511e-15,5215.776764927,-5.351521828949,-390.6767425564
65,32.5,763,-4.644071461977e-16,2.355406396719e-14,-1.539545530125e-15,5305.468297306,3.524860438431,-392.6864506344
65,32.5,764,-4.918363440961e-16,2.340017122108e-14,-4.299325897809e-15,5463.445018546,1.227925000396,-391.708268644
65,32.5,765,-4.658896989686e-16,2.347553441413e-14,-4.661627096278e-15,5262.19315901,-2.338019774295,-392.6074647297
65,32.5,766,-4.70619185702e-16,2.365409481727e-14,1.28153575774e-15,5251.85484096,0.2825247317695,-395.4359032587
65,32.5,767,-4.622491969873e-16,2.335517673344e-14,-4.434906319335e-16,5194.808731483,0.7375688889891,-390.9000673183
65,32.5,768,-4.292930194395e-16,2.309417635122e-14,-1.474436276871e-15,5394.374289642,-3.653496953476,-386.8843515276
65,32.5,769,-4.48395752962e-16,2.346011746588e-14,-2.756526893092e-15,5016.076270925,2.733349642149,-392.8372745206
65,32.5,770,-4.181310190626e-16,2.341807805637e-14,-2.960400086386e-15,5186.444576983,0.2117163113174,-390.4906346711
65,32.5,771,-4.873423268931e-16,2.355629178162e-14,7.723920315947e-16,5351.59535443,5.69631635808,-394.5642543013
65,32.5,772,-5.016130903341e-16,2.352025898576e-14,-4.535911348678e-15,5243.071238469,2.441726126736,-391.6988030774
65,32.5,773,-4.448003361673e-16,2.346806451323e-14,-3.187743826761e-15,5325.367974946,-1.605485313107,-392.2372974229
65,32.5,774,-4.062403746994e-16,2.351144866161e-14,8.642345158905e-18,5365.404334281,-1.132302742656,-392.8084200688
65,32.5,775,-3.610884783126e-16,2.344164316258e-14,-3.125608991882e-15,5182.257677974,1.474356577985,-391.5762135481
65,32.5,776,-5.084540014019e-16,2.315620981523e-14,-2.066652008306e-15,5148.959635869,4.963949310868,-387.8408098931
65,32.5,777,-3.276688613513e-16,2.346167476542e-14,-3.60195160955e-15,5290.393392579,-4.402512743232,-391.6161531908
65,32.5,778,-5.174704080394e-16,2.36283979111e-14,-1.02766600319e-15,5149.039933197,-3.190384379945,-394.3503808676
65,32.5,779,-4.212088065664e-16,2.334822706856e-14,-4.465081802348e-15,5354.896218057,-3.411508907107,-389.9365672973
65,32.5,780,-4.487138721864e-16,2.35697329945e-14,-3.005447543606e-15,4991.091638231,-2.981655078836,-392.8244157273
65,32.5,781,-4.931480064201e-16,2.366185973272e-14,-1.348093575066e-16,5344.576667757,-2.352537862114,-395.0261919446
65,32.5,782,-4.741537449737e-16,2.361393749781e-14,-4.963341497726e-15,5176.410799372,1.33047903828,-394.3536948514
65,32.5,783,-4.241669290323e-16,2.318404639133e-14,-1.085389626389e-15,5118.121575272,-1.345720456798,-387.4733775082
65,32.5,784,-5.010147386735e-16,2.325511352873e-14,2.492246603844e-15,5220.10043973,-1.47164857806,-390.6612738216
65,32.5,785,-4.297567929433e-16,2.360619402394e-14,-3.840389827248e-15,5291.930127501,2.081099501612,-394.3569609054
65,32.5,786,-4.713295531708e-16,2.336757680526e-14,2.564008798804e-15,5143.595478817,-1.454944149291,-391.3131849092
65,32.5,787,-4.300042226544e-16,2.345025097437e-14,-2.399377340644e-15,5297.754234128,0.3816534900653,-390.8697062088
65,32.5,788,-4.400601506492e-16,2.330945361905e-14,-2.309152828819e-15,5049.808739758,-1.37859722697,-389.8083116352
65,32.5,789,-4.739011635218e-16,2.338693668632e-14,5.710208158652e-16,5160.079790923,2.664907266809,-391.3686099129
65,32.5,790,-3.892652683017e-16,2.352597432791e-14,-4.266910943514e-15,5337.65703786,2.601970036778,-393.294927099
65,32.5,791,-4.566864427232e-16,2.344055224338e-14,-2.563376158666e-15,5146.345542274,-6.16101729287,-391.4964572147
65,32.5,792,-4.774815057666e-16,2.333763185631e-14,-8.104468856957e-16,5206.950769372,-0.5058825296341,-389.8612617388
65,32.5,793,-4.208158131518e-16,2.323600125305e-14,-4.580965659654e-15,5221.082218266,-1.322225097888,-389.845383977
65,32.5,794,-5.004515737099e-16,2.362599473095e-14,-4.688314603278e-16,5299.770985849,3.390094956495,-393.4942536007
65,32.5,795,-4.320904709956e-16,2.360210276393e-14,-2.244927549803e-15,5323.025813947,-5.36670692334,-394.3891491277
65,32.5,796,-4.262233261506e-16,2.347817260716e-14,-2.982838354855e-15,5172.924047081,-5.832668523367,-393.1756299878
65,32.5,797,-4.055903704561e-16,2.360582334884e-14,-3.322726439969e-15,5041.933246194,-5.246159444987,-393.8122947161
65,32.5,798,-4.070374384166e-16,2.33522185819e-14,-1.847928689398e-15,5232.725582229,-1.870012892787,-389.1351467984
65,32.5,799,-4.200854433437e-16,2.341676995054e-14,-4.446790136102e-15,5190.43622285,-2.665525875353,-391.3363616271
65,32.5,800,-5.35226023538e-16,2.380155579041e-14,-6.658128726148e-15,5279.989879445,-3.955607369664,-397.5715207508
65,32.5,801,-4.654903289515e-16,2.361104734409e-14,-6.371397240501e-15,5429.377403355,-0.1283332038883,-393.6314095942
65,32.5,802,-4.27575852435e-16,2.325079170883e-14,-8.402948243141e-16,5057.188918463,0.4953364538984,-389.0032318296
65,32.5,803,-4.394317433251e-16,2.339328880821e-14,-3.011625703177e-15,5178.770513386,1.975401516211,-390.7475950379
65,32.5,804,-4.807510505343e-16,2.341509722685e-14,-1.96124540825e-15,4917.042414146,-3.201248447688,-390.8300702833
65,32.5,805,-4.410124620336e-16,2.347649899474e-14,-4.357862086703e-15,4949.873999264,4.350065273214,-392.6217595456
65,32.5,806,-4.296555418841e-16,2.360918638852e-14,2.167201057288e-16,5139.109358004,-3.080077953135,-393.5105193072
65,32.5,807,-4.542630086402e-16,2.344611409892e-14,5.673279989816e-16,5098.501196853,-0.7912891649507,-391.7084655706
65,32.5,808,-4.278061495994e-16,2.328650185753e-14,-2.355032487103e-15,5122.968830717,-3.101062407546,-389.7722795124
65,32.5,809,-5.278290074535e-16,2.367775229235e-14,-5.01644101567e-15,5302.638982675,0.9405976115301,-394.6086720994
65,32.5,810,-5.073355366093e-16,2.312039983733e-14,-2.697911401202e-16,5160.502252943,-1.005774209148,-386.8187061988
65,32.5,811,-4.13322287851e-16,2.334910547159e-14,2.944021564144e-15,5200.002855445,2.174524224944,-388.7588398382
65,32.5,812,-4.19756728698e-16,2.336706850632e-14,1.005214129888e-15,5176.095902452,-3.277699824895,-390.9489870475
65,32.5,813,-4.28837986157e-16,2.338304418075e-14,-4.756558934716e-15,4978.662033947,2.369606292626,-391.8049315707
65,32.5,814,-4.47351237324e-16,2.350206708515e-14,-4.014802402662e-15,5490.078138857,6.366793150268,-393.1630246146
65,32.5,815,-4.525436783688e-16,2.347941637267e-14,-1.087881897162e-15,5139.741980179,4.883247000406,-392.5229349905
65,32.5,816,-4.113631807917e-16,2.33088273726e-14,-1.913423557532e-15,5280.850775133,0.3709080625884,-389.654316043
65,32.5,817,-3.070627974055e-16,2.35930774531e-14,-3.496923016715e-16,5219.94675798,2.262465358015,-393.8190679982
65,32.5,818,-4.188377524572e-16,2.320081616069e-14,-4.27936895224e-15,5354.270505785,-4.494877986183,-388.4365796894
65,32.5,819,-4.504231018299e-16,2.352009007446e-14,-5.319809331885e-15,5213.069516711,-1.127594055967,-392.9801194178
65,32.5,820,-3.978995748076e-16,2.33897118334e-14,1.191528095209e-15,5240.663323306,4.956252261012,-390.1175576404
65,32.5,821,-5.256576070097e-16,2.356997027239e-14,-1.614268273523e-15,5056.23238563,-1.954621204704,-393.8461381039
65,32.5,822,-5.241999202829e-16,2.366906914974e-14,-1.384169232102e-15,5410.313229942,0.05942999615404,-393.8781061302
65,32.5,823,-4.409261342568e-16,2.344950535055e-14,-7.061295180938e-16,4916.372140608,-3.214689226943,-391.8974917726
65,32.5,824,-4.899745430915e-16,2.346378983583e-14,-4.368541578896e-16,5153.262793563,-3.928689736152,-393.5318957839
65,32.5,825,-4.287011341878e-16,2.351595891425e-14,-5.561456041751e-15,5182.266013897,0.6831567709992,-392.6305382311
65,32.5,826,-3.980834832327e-16,2.336199523707e-14,-4.266461072889e-15,5054.500849581,-3.973909873694,-389.8045825932
65,32.5,827,-5.330219115443e-16,2.344411359643e-14,5.260743834082e-17,5175.295449882,8.805091812823,-393.7254132271
65,32.5,828,-4.100014514486e-16,2.345515481894e-14,-2.192100614968e-15,5418.949393246,0.2823894460023,-392.2936826275
65,32.5,829,-4.463871090078e-16,2.31838338175e-14,-2.811086525444e-15,5106.56203099,4.099744850176,-388.5925684903
65,32.5,830,-3.750339487323e-16,2.315344329065e-14,-3.263685908896e-15,5327.889075496,4.290211658843,-387.4550111521
65,32.5,831,-4.42847382638e-16,2.320296376863e-14,1.084931194309e-15,5139.793514742,-3.440155765899,-388.3380127099
65,32.5,832,-4.440313725152e-16,2.35684479938e-14,-3.48159076693e-15,5155.972440401,0.3674553291008,-393.0556021468
65,32.5,833,-4.361198636215e-16,2.345958332888e-14,-3.754607921925e-15,5004.350061752,3.291187085739,-390.9661474007
65,32.5,834,-4.681323634339e-16,2.362900401831e-14,-1.074690022613e-15,5158.717982916,-1.184611044573,-394.3132074089
65,32.5,835,-4.32723374915e-16,2.323590925197e-14,8.414175570934e-16,5197.803398289,-0.6189664928679,-388.4154060302
65,32.5,836,-3.760621964239e-16,2.337190694006e-14,-2.669656030045e-15,5117.962637366,4.432449184887,-389.5089729684
65,32.5,837,-4.337437175627e-16,2.366418078761e-14,-1.631832935782e-15,5175.994778183,1.85588035938,-394.0748361936
65,32.5,838,-4.310402058735e-16,2.341519831877e-14,2.409285715466e-16,5140.981375053,-1.473667318422,-389.992837969
65,32.5,839,-4.439378420641e-16,2.346650999153e-14,-4.452135784206e-15,5093.534597137,1.583739290457,-392.8622986095
65,32.5,840,-4.452170382753e-16,2.342830203583e-14,-2.858323706085e-15,5376.865183462,-0.6421113281588,-391.2370377064
65,32.5,841,-3.420338574215e-16,2.337563904171e-14,-5.700239292881e-15,5251.243839766,-0.4940755974253,-390.5320878193
65,32.5,842,-4.411867409645e-16,2.323154275452e-14,1.788516497396e-16,5310.635634622,-1.176441920182,-388.2536338255
65,32.5,843,-4.999498539366e-16,2.355897411335e-14,-4.305634640477e-15,5190.916723219,2.154706677011,-392.3932892131
65,32.5,844,-4.444843355518e-16,2.322486052172e-14,-3.474406900257e-15,5182.701534998,-2.063115512991,-387.7408165449
65,32.5,845,-4.85663501663e-16,2.399503621484e-14,-1.696878838048e-15,5103.815825682,4.357080755514,-399.3783945154
65,32.5,846,-4.687536357479e-16,2.35919565792e-14,-4.129388580292e-15,5424.078724141,5.608581732164,-394.8298625562
65,32.5,847,-4.548677953774e-16,2.365615681544e-14,-6.813195528555e-15,5233.157972732,-2.199070761844,-395.1221560298
65,32.5,848,-4.135383894412e-16,2.341359424408e-14,8.374298087961e-16,5263.420990014,-1.397399686516,-390.9331958379
65,32.5,849,-4.599541828088e-16,2.355855298123e-14,-5.201734556175e-15,5186.889968294,0.6027681976856,-393.2179425447
65,32.5,850,-4.640039451275e-16,2.32430210359e-14,-2.848379892831e-16,5277.325836365,0.7499284937492,-387.6045752886
65,32.5,851,-5.195763245685e-16,2.33123277016e-14,1.886445982845e-16,5061.931845216,-0.8156338679965,-390.7431912622
65,32.5,852,-4.60223365772e-16,2.328266350347e-14,-3.208946985776e-15,5208.542824475,-0.5634963427886,-389.3456381526
65,32.5,853,-4.848027124383e-16,2.314296089906e-14,-4.321491886771e-15,5136.241684077,-1.288577687524,-385.7045541206
65,32.5,854,-4.423011241373e-16,2.337544301228e-14,-1.070131038622e-15,5405.123410162,3.140097231216,-390.399102203
65,32.5,855,-4.966750086667e-16,2.34961446958e-14,-3.44560252626e-15,5244.262806847,-2.13605311308,-393.5988075079
65,32.5,856,-4.163716215834e-16,2.32271516484e-14,-5.886210202317e-16,5144.635378362,-0.0001652179009971,-388.3033123661
65,32.5,857,-4.610578802051e-16,2.367752033916e-14,-1.739786272554e-15,5118.412478259,-2.744825813774,-395.1099220929
65,32.5,858,-5.080241433872e-16,2.351176501393e-14,6.392209983167e-16,5244.878381758,3.051584986215,-392.2988625392
65,32.5,859,-4.227543308384e-16,2.324967984644e-14,-9.022565957206e-16,4995.715330714,4.754408508504,-388.7248651464
65,32.5,860,-4.075453491378e-16,2.352667584111e-14,8.180563579674e-16,5225.698194112,-0.1185550849806,-393.6181299243
65,32.5,861,-4.800472632198e-16,2.339231907081e-14,-4.361592367359e-15,5270.356971148,0.4894189476716,-390.8614434971
65,32.5,862,-4.066297704485e-16,2.336660250338e-14,-7.43359968446e-15,5275.245675311,-1.19841830268,-390.105192084
65,32.5,863,-4.673419723442e-16,2.347654037447e-14,-4.813263671732e-15,5208.77629718,-0.685255606422,-392.3939720481
65,32.5,864,-5.15731929835e-16,2.365105681941e-14,-1.071514405179e-15,5082.804195529,-0.4919277533968,-394.1534927329
65,32.5,865,-4.332271607145e-16,2.32657163831e-14,-1.997286915481e-15,5266.188549315,1.303434274184,-388.003457244
65,32.5,866,-4.929195215876e-16,2.344637806391e-14,-5.023717003449e-15,5161.705598229,-1.124192316809,-391.5148978089
65,32.5,867,-4.752680977139e-16,2.332792635828e-14,2.32024298065e-15,5082.561227344,-4.060906730287,-388.6648215096
65,32.5,868,-5.282089243157e-16,2.363270548194e-14,-2.460243459546e-15,5132.921648703,-6.712027177392,-394.7291840874
65,32.5,869,-4.934261560962e-16,2.350994851694e-14,2.153417439001e-16,5236.832312392,4.761360676299,-392.1799483248
65,32.5,870,-4.671053066296e-16,2.335955034817e-14,-3.67681814881e-15,5208.679132068,2.450044119614,-389.5604351071
65,32.5,871,-4.903569969112e-16,2.350445219381e-14,-1.726852997433e-15,5299.351841562,-2.447321590828,-391.9650030546
65,32.5,872,-4.360126235018e-16,2.329581826402e-14,-2.562092813632e-15,5258.536133082,5.338123770732,-390.3772595693
65,32.5,873,-4.623974678173e-16,2.348611481555e-14,-2.928416416197e-15,5017.141902401,-2.027292560882,-393.0344210632
65,32.5,874,-4.093764181738e-16,2.315920727961e-14,-2.380831580347e-15,5277.735552988,-1.427239875322,-387.9736707179
65,32.5,875,-4.257664819903e-16,2.334189915756e-14,-4.175899660369e-15,5289.845357325,-8.576143276474,-390.9754324852
65,32.5,876,-5.047198000386e-16,2.347274472669e-14,-1.109487038259e-15,5213.283496911,5.768960586622,-391.8211399516
65,32.5,877,-4.772567909394e-16,2.346729539402e-14,-4.738058656624e-16,5159.938132799,0.477202428157,-392.0462030128
65,32.5,878,-4.522373248636e-16,2.352823294387e-14,2.403054225859e-16,5410.291587957,2.043282813002,-392.3887148507
65,32.5,879,-4.452792057891e-16,2.344843519563e-14,-1.09368466351e-15,5157.575112112,-2.029710066255,-391.7676830307
65,32.5,880,-5.061149643869e-16,2.330423411606e-14,-5.552407228782e-16,4979.910043615,6.925172434853,-387.8298832638
65,32.5,881,-4.116135397873e-16,2.346947276878e-14,-6.443123667572e-16,5274.928421531,1.773632259031,-390.9091421655
65,32.5,882,-4.288142321857e-16,2.326351801127e-14,-3.854217801242e-15,5169.550835809,1.513191943709,-389.1715430253
65,32.5,883,-4.623388163423e-16,2.365334861832e-14,-6.428901337644e-15,5131.96187532,-1.712610887606,-395.5001545063
65,32.5,884,-5.029718785169e-16,2.352806556074e-14,-1.152278949863e-15,5152.433214192,-1.428849067611,-393.4820118933
65,32.5,885,-4.893951190321e-16,2.34273982094e-14,-1.867155755292e-15,5169.956682421,-2.676275767108,-391.1653804371
65,32.5,886,-4.484489440606e-16,2.338055507458e-14,-1.768297304982e-15,5313.815366781,-4.514103475798,-390.1063147893
65,32.5,887,-4.251394543561e-16,2.348808250766e-14,-3.490620244699e-15,5072.391345892,3.78583441998,-392.7965908809
65,32.5,888,-4.501637855489e-16,2.330848029263e-14,-4.036517492863e-15,5273.315941727,-4.476914515839,-390.5459872789
65,32.5,889,-5.307353540269e-16,2.345146174239e-14,-4.666748402777e-15,5260.129097994,-0.7102526835947,-392.1155688105
65,32.5,890,-4.443346126042e-16,2.311323236139e-14,-2.004749709348e-15,5118.772939532,0.9407442156603,-386.627377208
65,32.5,891,-4.45479735906e-16,2.36704630403e-14,-2.773752060976e-15,5165.342900924,0.8609698093419,-394.7098791237
65,32.5,892,-4.593721739044e-16,2.326419100431e-14,2.562514942817e-15,5134.637733333,-3.324820448568,-388.6585324461
65,32.5,893,-4.33525111321e-16,2.328140459454e-14,-4.242733029489e-15,5128.984146344,2.266542705336,-389.929111588
65,32.5,894,-4.957469843189e-16,2.334917184061e-14,8.167595712971e-17,5135.337692042,1.187941315635,-389.1100164426
65,32.5,895,-4.519892869427e-16,2.344218646656e-14,-4.361183265538e-15,5292.763243941,4.256011968962,-392.2745024316
65,32.5,896,-4.698931140144e-16,2.354133833588e-14,-1.20213525261e-15,5160.973273811,6.452259014133,-392.9537415446
65,32.5,897,-3.677020409452e-16,2.353845032686e-14,-1.762315740751e-15,5233.655033355,-1.48928506891,-391.8484516202
65,32.5,898,-5.246757820247e-16,2.354698278861e-14,-4.520637014414e-15,5360.449877846,-2.623412763205,-392.9141029157
65,32.5,899,-4.263344498996e-16,2.338250807179e-14,-6.370892196464e-15,5147.813782473,-0.6762865523962,-390.9581913422
65,32.5,900,-4.588163612745e-16,2.345811376774e-14,-3.708150958357e-15,5072.49109368,-1.186658800169,-391.569958249
65,32.5,901,-3.619169894594e-16,2.340571174292e-14,-6.013142877984e-16,5209.739923859,1.610423650722,-390.6671426728
65,32.5,902,-5.462554075692e-16,2.356441426586e-14,1.262600105123e-15,5159.922856787,0.568750048012,-393.2824451961
65,32.5,903,-4.645323375508e-16,2.339103209266e-14,-1.498465019498e-15,5236.839004057,1.509872957544,-390.0562936324
65,32.5,904,-4.688321729017e-16,2.325826083136e-14,-2.163271966532e-15,5250.38765758,5.809045770351,-388.9963206388
65,32.5,905,-4.690037665735e-16,2.33776976265e-14,-1.542370813855e-15,5082.550875571,-0.1965779377707,-390.2896866483
65,32.5,906,-3.933970378032e-16,2.341690149577e-14,-2.765712101719e-15,5209.918206513,-2.254679877258,-391.8139970923
65,32.5,907,-4.183368681054e-16,2.336754450258e-14,-2.640816380523e-15,5090.579810583,1.897112314776,-390.1416745506
65,32.5,908,-5.24669558788e-16,2.334374325158e-14,-2.283609577623e-15,5094.249648831,-0.5360815830857,-390.2893867972
65,32.5,909,-5.056792937261e-16,2.358727512424e-14,1.462307921367e-16,5292.786844698,7.402269945311,-393.3135109238
65,32.5,910,-4.751616208432e-16,2.354171099032e-14,-5.855749886324e-15,5321.784089598,-7.352652641845,-393.4342464418
65,32.5,911,-4.665592863584e-16,2.357449268305e-14,-4.305636642178e-15,5258.681620138,-5.866329906519,-392.922523966
65,32.5,912,-4.180655945529e-16,2.35082300279e-14,-4.436314856611e-15,5035.096199089,0.7463516585478,-393.170019259
65,32.5,913,-5.362481535445e-16,2.339111168198e-14,-7.467313208177e-16,5053.438968662,-1.161785588022,-390.6606076259
65,32.5,914,-4.818010594613e-16,2.361794463032e-14,-8.230287596407e-16,5146.760817505,2.178833890237,-394.2857645293
65,32.5,915,-4.608154416141e-16,2.33730377641e-14,-1.006599069653e-15,5329.557260064,2.192970628889,-390.2321665415
65,32.5,916,-5.051304040919e-16,2.342287768642e-14,1.484612367323e-15,5366.884495363,2.700701383548,-390.9036395557
65,32.5,917,-4.737655939246e-16,2.340411890465e-14,-3.434521570451e-15,5329.718628526,-2.998603882012,-388.9971486175
65,32.5,918,-3.545404691136e-16,2.350798961414e-14,-2.382693638507e-15,5059.667397337,-3.155160095767,-392.8553067177
65,32.5,919,-5.141260513761e-16,2.312432072708e-14,3.673665052882e-16,5172.61344605,-4.815452652939,-385.2251878352
65,32.5,920,-4.576275616639e-16,2.334369816956e-14,-3.339764104847e-15,5136.462480478,0.9922506955955,-388.3259493857
65,32.5,921,-4.416742504445e-16,2.353240348905e-14,-4.085001394738e-15,5601.268407754,2.608419308617,-393.623226993
65,32.5,922,-4.90153950428e-16,2.343741057363e-14,-4.074198666548e-15,5217.872154684,0.6008948938348,-392.5474837249
65,32.5,923,-4.890334769159e-16,2.353069112498e-14,-2.33850305027e-15,5167.085736609,6.259127161659,-392.2280876245
65,32.5,924,-4.36142868761e-16,2.327293333497e-14,1.720107566253e-15,5281.203087,1.935553679987,-389.7325015535
65,32.5,925,-4.435239922198e-16,2.331629471653e-14,-4.796637883804e-15,5078.56609781,-5.099189330149,-390.5106844597
65,32.5,926,-4.729536390549e-16,2.346235679963e-14,-2.474662603883e-15,5084.722082775,-1.050529469947,-391.875102923
65,32.5,927,-4.271176596724e-16,2.353594086304e-14,-4.303943413467e-15,5378.012988266,-1.017412187336,-391.9755430875
65,32.5,928,-4.375232796776e-16,2.329140492817e-14,-3.609538025632e-15,5340.769865353,-0.3366271341881,-388.5091079272
65,32.5,929,-5.213382332308e-16,2.33502026751e-14,-2.526768973321e-16,5302.50177223,-0.04958089756668,-389.4016640955
65,32.5,930,-4.519052311132e-16,2.347530131005e-14,-5.311127030436e-15,5232.530237653,3.360452634397,-391.9497271247
65,32.5,931,-4.163801434145e-16,2.324633923063e-14,-2.960379444905e-15,5137.865482883,-1.570983993959,-388.5151037823
65,32.5,932,-4.943837087417e-16,2.35469176243e-14,1.621946945924e-15,5189.014949881,0.8002075679009,-394.3178573339
65,32.5,933,-4.663275708402e-16,2.33623714905e-14,2.5321907625e-16,5482.007867507,-0.5330293073468,-390.2887228494
65,32.5,934,-4.167688073271e-16,2.333248653751e-14,-4.434170423289e-15,5154.318100654,1.092081233951,-389.7144186477
65,32.5,935,-4.003152324063e-16,2.357631143676e-14,2.541325741878e-16,5086.862438472,-0.5831056236726,-393.9828566136
65,32.5,936,-3.882909761451e-16,2.303079899804e-14,-1.800177012637e-15,5359.167942631,2.829757178137,-385.0051689131
65,32.5,937,-4.54924160552e-16,2.347168314234e-14,-2.396525368803e-15,5180.095757925,-0.4234198179034,-392.9038303596
65,32.5,938,-5.078625922168e-16,2.329229417376e-14,-3.214492138643e-15,5324.463009968,1.089396542504,-389.2408453124
65,32.5,939,-4.233702731662e-16,2.351550854019e-14,-9.103845740224e-16,5097.50255688,-0.5769247961781,-392.760983029
65,32.5,940,-4.250631337331e-16,2.328379069381e-14,-1.823193867196e-15,5205.61680815,-0.1649300707875,-388.8921199079
65,32.5,941,-4.654563475144e-16,2.372663597397e-14,2.145087858487e-15,5206.45388647,-2.28392545878,-395.8182119773
65,32.5,942,-4.66215808617e-16,2.36021231473e-14,-2.018791574038e-15,5062.854500317,-1.010863121349,-392.8441337061
65,32.5,943,-4.917997136763e-16,2.360031980652e-14,-2.349993413616e-16,5170.191692257,-0.2972592139263,-394.1310902998
65,32.5,944,-4.804666869884e-16,2.332048220271e-14,-1.423989294071e-15,5180.681626911,3.478604360232,-389.3061952705
65,32.5,945,-4.694516976887e-16,2.354004116288e-14,3.076116728334e-16,5321.050311479,-3.647074757424,-392.2157121851
65,32.5,946,-3.859881028346e-16,2.339385740189e-14,-1.334125197483e-15,5071.772700042,4.050479714121,-392.7809857786
65,32.5,947,-3.846558028914e-16,2.36999702641e-14,-1.225255251864e-15,5093.140260379,0.134939081469,-394.6468742944
65,32.5,948,-4.623067071738e-16,2.341312728682e-14,-3.179700204485e-15,5235.827085563,-1.462624042296,-390.4571049168
65,32.5,949,-4.279154708475e-16,2.347935421825e-14,-6.116643937701e-15,5258.77643047,-6.972879280982,-391.3294042203
65,32.5,950,-4.262017178195e-16,2.314565610983e-14,6.651660893387e-17,5288.393920519,6.141782541733,-386.2727226002
65,32.5,951,-4.827680193954e-16,2.342514043703e-14,-4.662615456825e-15,5155.276380219,-3.409633642934,-392.2275617795
65,32.5,952,-4.055164275471e-16,2.357869291284e-14,-6.300278172405e-15,5253.869800821,1.226720083911,-393.9448497408
65,32.5,953,-4.919826858139e-16,2.353844171576e-14,4.202038107884e-16,5099.932595429,-3.010876547982,-392.125903145
65,32.5,954,-5.031750801739e-16,2.338889614773e-14,-9.608785718163e-16,5170.707758004,-5.585267041284,-390.4851483115
65,32.5,955,-4.614907889237e-16,2.354982239146e-14,-7.48406492393e-16,5229.527267278,-1.131412533026,-392.7688211678
65,32.5,956,-4.375754998284e-16,2.332920590094e-14,-7.040460382777e-15,5522.580535514,-0.9187479977121,-389.6282197233
65,32.5,957,-4.365876620784e-16,2.331952269682e-14,-1.612216973209e-15,5138.775497314,5.16920496688,-388.9998335213
65,32.5,958,-4.245274449626e-16,2.339227056806e-14,9.205609641035e-17,5031.173401367,3.419304597041,-390.0898491137
65,32.5,959,-4.350978851313e-16,2.345604865728e-14,-1.886324465078e-15,5181.807990146,-0.3282845919373,-390.7930412482
65,32.5,960,-4.196390982025e-16,2.341015516798e-14,-2.087048215827e-15,5191.895983811,-3.245481733369,-391.4379329535
65,32.5,961,-5.120067052683e-16,2.361831290756e-14,-8.405660990096e-16,5238.016644181,0.3310380275649,-394.4850035362
65,32.5,962,-4.436539409024e-16,2.355875362717e-14,-6.273455807647e-16,5167.139538906,2.794721449314,-393.0650804515
65,32.5,963,-4.814124791063e-16,2.329638141149e-14,-5.360434304326e-15,5127.496425992,-1.256624276659,-388.7392328568
65,32.5,964,-4.887486953041e-16,2.357770278583e-14,-3.172364730926e-15,5285.916681093,0.9237994537488,-394.0588731669
65,32.5,965,-4.271840685065e-16,2.336259953075e-14,-2.484992526073e-15,5179.18831999,-3.22348876866,-392.1758642785
65,32.5,966,-3.677014064243e-16,2.340121555822e-14,-3.618114668376e-15,5174.745058109,-1.0898065761,-391.3298303209
65,32.5,967,-4.742931224156e-16,2.343627400058e-14,-3.844985597174e-15,5308.894890969,1.794966036541,-392.2721055939
65,32.5,968,-5.043361679234e-16,2.356914730689e-14,-8.832545935019e-16,5106.819803935,9.417981695293,-392.1874662469
65,32.5,969,-4.77837273857e-16,2.360557824289e-14,-4.677028141696e-15,5274.219875932,1.841811099887,-393.651972341
65,32.5,970,-5.000776500586e-16,2.361419613677e-14,1.775040642005e-15,5149.477243854,1.52352994223,-394.1838287572
65,32.5,971,-5.098417928186e-16,2.333949019244e-14,-1.051796091683e-15,5005.72710334,2.429637443494,-390.5730964807
65,32.5,972,-3.40102957711e-16,2.351033958203e-14,-3.663942455378e-15,5128.419151349,3.692777323398,-391.6006371719
65,32.5,973,-4.617934765535e-16,2.343651397343e-14,-3.231738641509e-15,5241.920332266,-2.91327907357,-391.5041898366
65,32.5,974,-4.016057482302e-16,2.350451719924e-14,-1.495354034064e-15,5092.009579001,-2.52924308516,-393.3230198711
65,32.5,975,-4.529543820647e-16,2.318931729388e-14,2.698518595697e-15,5206.209348561,5.134374151688,-387.8401143647
65,32.5,976,-4.654648124868e-16,2.350644422311e-14,-3.656407421802e-15,5320.044333016,1.215052923513,-392.6784001091
65,32.5,977,-4.299458816561e-16,2.336315823132e-14,-3.937655527307e-15,5291.134086112,-1.306704379781,-390.7606760655
65,32.5,978,-4.506857371788e-16,2.34236750264e-14,5.424011345474e-16,5292.898618751,-0.2134663686563,-391.5595869332
65,32.5,979,-4.515828161445e-16,2.358635917456e-14,-1.611049624196e-15,5147.743576396,1.439972976311,-394.0001911876
65,32.5,980,-4.074800381976e-16,2.316902846808e-14,-1.499853948897e-15,5030.424300474,2.857715480803,-387.8576706967
65,32.5,981,-4.833507063336e-16,2.337475751416e-14,-5.392769650611e-15,5297.367950269,-4.065961543861,-389.9027798757
65,32.5,982,-5.316852895257e-16,2.327654592009e-14,-3.865073921872e-15,5126.304983329,1.232281433727,-388.6615684393
65,32.5,983,-5.094849728847e-16,2.363738682608e-14,-7.313690629762e-15,5362.642531679,7.715441968442,-395.2059566067
65,32.5,984,-4.654908274337e-16,2.341967268355e-14,-1.094580425399e-15,5245.52808466,3.403730617116,-390.9662002638
65,32.5,985,-4.38577197338e-16,2.354175024872e-14,-5.768454525457e-16,5244.625556356,6.17382612807,-392.2241595778
65,32.5,986,-4.344242116043e-16,2.357237477e-14,-1.472250068675e-16,5050.980768722,3.072278905742,-393.7817367825
65,32.5,987,-4.545287621053e-16,2.342451375721e-14,-3.424166910869e-15,5311.181995726,-0.9946925272742,-390.2135299405
65,32.5,988,-5.209574665339e-16,2.380329502714e-14,9.785707187636e-16,5239.029948172,-0.879614319755,-396.735035084
65,32.5,989,-4.678512475202e-16,2.346952348057e-14,-4.854985150067e-15,5432.865424297,0.7904259626473,-392.1775905858
65,32.5,990,-5.054190028136e-16,2.340030557704e-14,-1.876766538059e-15,5184.517009219,0.4481028287428,-392.4164435346
65,32.5,991,-3.76778332483e-16,2.313341952149e-14,-2.637488320826e-15,5257.40820974,7.311675021305,-387.9442958351
65,32.5,992,-5.05757128503e-16,2.346368571098e-14,7.903455367473e-16,5259.025971581,-4.993846097179,-391.320505102
65,32.5,993,-3.717112170608e-16,2.336249085048e-14,1.897431147718e-15,4841.923927682,2.01482089378,-391.2785097489
65,32.5,994,-4.587671288507e-16,2.338054468482e-14,1.397592584911e-15,5227.781896594,1.306994245085,-391.0500567987
65,32.5,995,-3.945912587276e-16,2.335079217069e-14,-4.472882468251e-15,5157.009541543,1.665935368898,-389.5844059328
65,32.5,996,-4.24929339192e-16,2.338415601274e-14,-1.785876283067e-15,5141.892014192,1.217405860511,-391.3224343202
65,32.5,997,-4.421671002249e-16,2.347244098428e-14,-6.149479430104e-15,5144.004163005,-0.1946641156162,-392.5198282136
65,32.5,998,-4.523267391575e-16,2.302494767197e-14,-1.027794437551e-15,4931.30815175,-4.902206602273,-384.3967999385
65,32.5,999,-4.220709367813e-16,2.337398246344e-14,-3.978156593805e-15,5307.504438701,-0.9139801430119,-391.3801571007
65,32.5,1000,-5.159398484776e-16,2.351714667967e-14,-1.778489372324e-15,5314.319031172,-1.169792130543,-392.9886299387
70,35,1,-2.355030673337e-16,1.424939368425e-14,-9.650359120776e-16,3585.751234663,0.08986625346402,-237.7814631552
70,35,2,-1.914747721942e-16,1.413235491959e-14,-4.074859720065e-15,3738.999668942,-0.09903243391963,-236.0878366072
70,35,3,-1.772791739149e-16,1.427352782716e-14,-1.79093395047e-15,3721.436657713,0.04536068948953,-238.6904984366
70,35,4,-2.093051947615e-16,1.438094243399e-14,-3.531900621416e-16,3629.254822042,-1.213208456954,-239.7169395597
70,35,5,-1.994622992686e-16,1.439206239034e-14,-2.118856241575e-15,3808.246386855,0.9511318795809,-239.9123926154
70,35,6,-2.22692921408e-16,1.399534589735e-14,-2.685639100864e-15,3730.52631324,-4.35417454407,-234.82661805
70,35,7,-2.375784018726e-16,1.408567465386e-14,1.193263752705e-15,3611.125639783,-0.3277809459775,-235.3520812464
70,35,8,-2.663196226839e-16,1.4279995871e-14,-1.979207109944e-15,3707.401197094,3.038585019296,-238.1622222058
70,35,9,-2.02957030356e-16,1.42434962581e-14,-9.455048086681e-16,3807.80767698,1.324777791092,-237.7676665296
70,35,10,-2.057293893333e-16,1.412993193793e-14,-1.856737621121e-15,3724.243162744,-0.01998756270165,-235.9475503157
70,35,11,-2.427863184625e-16,1.408056588059e-14,6.980312810326e-17,3755.61525234,-0.5903515382789,-235.0795511132
70,35,12,-1.952808610586e-16,1.402047885739e-14,-1.927929251712e-15,3588.330030706,0.8886423396015,-234.1198851048
70,35,13,-2.250141315949e-16,1.412914954119e-14,-5.678736003149e-16,3712.120882619,0.5168494981724,-236.1286706552
70,35,14,-2.209023513886e-16,1.42637517883e-14,-2.101229661261e-15,3660.153135037,-1.626232186033,-238.1178096834
70,35,15,-2.233339624253e-16,1.406586088658e-14,2.691275676822e-15,3730.272867795,-1.559305449096,-235.0262843227
70,35,16,-2.310897113051e-16,1.421890166219e-14,-9.719136851779e-16,3777.412469088,-2.697341060979,-236.5939193944
70,35,17,-2.301978577547e-16,1.426658406074e-14,2.875341213989e-16,3745.399051655,-2.184757898741,-237.9473319205
70,35,18,-2.109726239764e-16,1.408042300141e-14,-2.77149264891e-15,3750.69563934,-1.840940845942,-235.657913184
70,35,19,-2.122663985406e-16,1.424142476391e-14,-2.802851282123e-15,3696.877435384,-2.244703441672,-237.381581903
70,35,20,-2.282428416207e-16,1.407532578455e-14,3.379288758837e-17,3598.320675431,-0.6781265712924,-235.6695953083
70,35,21,-1.941471951299e-16,1.412105364581e-14,-1.873526068436e-15,3712.337395393,-0.258567600017,-235.9090035181
70,35,22,-2.729873711785e-16,1.426599868805e-14,-3.613979313585e-15,3796.394935281,0.2709445705237,-237.7075911793
70,35,23,-1.859482433657e-16,1.409334461855e-14,-1.310834161096e-15,3640.637154006,1.223418129781,-235.4558006458
70,35,24,-2.048036235805e-16,1.415652984234e-14,5.51374609994e-17,3583.954018677,0.6949240557346,-236.9817433241
70,35,25,-2.322798225223e-16,1.412979077428e-14,1.04735689493e-15,3717.495414456,1.801086639416,-236.3196008798
70,35,26,-2.317880214772e-16,1.405965373732e-14,-2.155628510602e-15,3659.997042668,2.401482541887,-235.3886592169
70,35,27,-2.679307679599e-16,1.422812282234e-14,2.280138417653e-15,3548.349908484,-1.097265385387,-237.5858685991
70,35,28,-2.243272997559e-16,1.417020076524e-14,-2.442780446889e-15,3716.489183249,-1.682570039746,-236.4931774409
70,35,29,-2.10590222079e-16,1.427372812305e-14,-9.340491569016e-16,3598.142274626,-1.175925298932,-238.1945657612
70,35,30,-2.809577375263e-16,1.411365708748e-14,-9.576015773274e-16,3724.495391714,-0.7224353483235,-235.9164779634
70,35,31,-2.685804194528e-16,1.427682131669e-14,-1.911763815558e-15,3599.685296162,-2.66869805143,-238.9521841467
70,35,32,-2.471794626071e-16,1.416075521107e-14,-9.372575894257e-17,3663.016368821,0.9539798270936,-235.9863969231
70,35,33,-2.52599259794e-16,1.427974874237e-14,-2.244780054558e-15,3584.44694935,2.542321847661,-238.9661889935
70,35,34,-2.474479429212e-16,1.423879026714e-14,-1.095191415838e-15,3589.801839356,0.4327998028266,-238.101656219
70,35,35,-2.423750674774e-16,1.415278167112e-14,-1.716872464512e-15,3712.986216706,0.9997001901191,-236.2785099713
70,35,36,-2.520119815346e-16,1.4141183816e-14,2.718930942982e-16,3532.555587932,3.166599811146,-235.4056752721
70,35,37,-2.285524906772e-16,1.418290035771e-14,-1.709034541123e-15,3742.717823444,-0.6744814441892,-237.4488829281
70,35,38,-2.122787978493e-16,1.419379719181e-14,-2.234062529317e-15,3775.543521119,-0.2474441082822,-236.8272000824
70,35,39,-2.431796950899e-16,1.439156755393e-14,-2.781025126808e-15,3814.836765052,-1.473624066111,-239.781612655
70,35,40,-2.640469713766e-16,1.434103021903e-14,1.338488401401e-15,3624.509910527,1.054156947077,-238.8789180335
70,35,41,-2.428050008513e-16,1.415093847837e-14,5.277374653615e-16,3659.370859065,-0.7635429215571,-235.9086725393
70,35,42,-2.49950419148e-16,1.419334578019e-14,9.016618582114e-16,3817.59884321,1.595518339527,-236.6613824285
70,35,43,-1.871032982468e-16,1.428231178772e-14,-8.875463529118e-16,3679.430992867,1.748538344943,-238.1812948589
70,35,44,-2.378962576163e-16,1.412833997894e-14,-3.296976037816e-16,3735.864566466,2.362993885376,-235.9397869217
70,35,45,-2.368789586016e-16,1.430964032249e-14,-2.414182853223e-16,3705.762109857,0.1253364201778,-238.8896524956
70,35,46,-2.507673045701e-16,1.409911089841e-14,1.358004934443e-15,3644.446412633,0.6516641928108,-235.2551470871
70,35,47,-2.535617782255e-16,1.43609031628e-14,-1.410996507172e-16,3631.81205275,0.2131075160993,-239.4477063395
70,35,48,-1.897660671834e-16,1.423447913448e-14,-1.7453567818e-15,3790.100584157,-0.06975538666039,-237.6251789625
70,35,49,-2.483661878534e-16,1.420086596775e-14,-1.571995656899e-15,3566.489568695,-1.382809324426,-237.4861707313
70,35,50,-2.374835447159e-16,1.42182199397e-14,6.447974329163e-16,3830.894935713,0.2953286350059,-236.9836132126
70,35,51,-2.563759435164e-16,1.415902563631e-14,3.478172418618e-16,3742.345028232,0.6770160029826,-236.0580404917
70,35,52,-2.291699295343e-16,1.401159375905e-14,-1.062675842534e-15,3691.695472681,2.363804405751,-234.0889209684
70,35,53,-2.315797036164e-16,1.419493287776e-14,-1.652363328426e-15,3706.838476718,3.412591827899,-237.1466795089
70,35,54,-2.197322363035e-16,1.40923905749e-14,-7.068680935679e-16,3599.620200922,1.538055974676,-235.4453024102
70,35,55,-1.949013387903e-16,1.42633820312e-14,-2.740579651131e-16,3503.028848161,0.5476431350923,-238.1390566541
70,35,56,-2.586134966037e-16,1.424505437455e-14,-2.103203059184e-15,3560.955073134,-0.1627808966671,-238.226712774
70,35,57,-2.236221049005e-16,1.415996391081e-14,-2.161881049732e-16,3774.324660951,-2.205890429238,-235.7530259971
70,35,58,-2.095197068121e-16,1.424482617946e-14,6.733958496035e-16,3625.776854838,2.093363856005,-238.3343017254
70,35,59,-2.480244952217e-16,1.415423672367e-14,-2.930902901937e-15,3736.490974005,-2.628683328977,-236.387366584
70,35,60,-2.759173554712e-16,1.408646130592e-14,-1.965655586484e-15,3631.239906452,1.020075947871,-235.457225279
70,35,61,-2.632723322134e-16,1.41405932648e-14,6.256996003809e-16,3660.897240468,1.893251768175,-236.1584902127
70,35,62,-2.383369172026e-16,1.42722653248e-14,-2.374008952369e-15,3720.593603881,-2.153369704838,-238.700758103
70,35,63,-2.166449046052e-16,1.402453167388e-14,-9.004687675655e-16,3664.287185359,-2.051171547197,-234.4101797849
70,35,64,-2.206459964509e-16,1.423318675891e-14,-3.084539092294e-15,3803.105785839,1.850154118251,-237.9026862678
70,35,65,-1.624400836295e-16,1.419302202328e-14,-7.210196337748e-16,3685.317985079,1.364906720146,-237.1698169898
70,35,66,-2.174763204185e-16,1.405783792647e-14,-5.447456413547e-16,3692.791473963,-2.751485152811,-234.9095067061
70,35,67,-2.621407320988e-16,1.403384443954e-14,-2.270939783896e-15,3703.485686474,1.885130666511,-234.1306963721
70,35,68,-2.235717165328e-16,1.417743373872e-14,1.656522867272e-15,3835.245257268,1.149605950851,-236.3564687879
70,35,69,-2.261455049694e-16,1.428774733892e-14,1.754376522057e-15,3635.609798689,-2.099424376544,-238.3817532777
70,35,70,-2.203003102999e-16,1.423242128176e-14,-1.871824052934e-15,3586.32782098,-0.9135339360211,-238.089778912
70,35,71,-2.142692250401e-16,1.42300104372e-14,-6.44561424466e-16,3700.772934807,-1.01114719372,-237.2684610448
70,35,72,-2.045746673912e-16,1.422423880062e-14,-1.19894074651e-15,3724.367840003,-1.162644608607,-237.631107759
70,35,73,-2.518295636377e-16,1.422589111503e-14,-2.74583000226e-15,3786.31435124,-1.064879314265,-237.7346477347
70,35,74,-2.621950924798e-16,1.418039138292e-14,-1.714228359818e-15,3722.067370083,-0.1857169450563,-236.8897707215
70,35,75,-2.020591322609e-16,1.405108334865e-14,2.514851264457e-16,3648.230707756,-3.125107010358,-234.8288442952
70,35,76,-2.042890347138e-16,1.408735312818e-14,-7.574605902726e-16,3568.30636478,3.967040364594,-235.0232599751
70,35,77,-1.934148241452e-16,1.41610963861e-14,-2.780403766149e-17,3658.211177287,-5.344402492404,-236.584884626
70,35,78,-2.302955654839e-16,1.406450578807e-14,-1.963636682966e-15,3641.212949829,1.629936995705,-234.9042935012
70,35,79,-2.384239754936e-16,1.426546383864e-14,-2.076239412146e-16,3647.275166582,-1.305548542529,-238.2194528265
70,35,80,-2.37075908544e-16,1.433488860753e-14,1.059638687623e-15,3660.946469005,2.229131146558,-239.3938698535
70,35,81,-2.023018289399e-16,1.416447116948e-14,-3.686240389225e-15,3621.361989729,4.6216366566,-236.5672861915
70,35,82,-2.43139167772e-16,1.425594429013e-14,1.958135961005e-16,3696.118158393,1.229668930051,-237.5999155
70,35,83,-2.062102941499e-16,1.42474407685e-14,-1.725525290753e-15,3660.462284029,-2.050421816519,-238.3769257247
70,35,84,-2.237364007135e-16,1.427842398208e-14,-5.326338860142e-16,3632.812389082,-2.730926550733,-238.342015987
70,35,85,-2.588592324862e-16,1.4177239773e-14,-4.405112014224e-15,3611.556909748,-1.901128427307,-236.7087935249
70,35,86,-2.116448553451e-16,1.430198300945e-14,-4.865514443858e-16,3709.802619306,-3.500030560014,-238.3961407411
70,35,87,-2.416952730047e-16,1.410298983184e-14,-2.533969244554e-15,3766.906200289,0.2114277197627,-236.3568730961
70,35,88,-2.173564116924e-16,1.425220402906e-14,-1.238131447931e-15,3560.65630193,-0.4474259875831,-238.137429597
70,35,89,-2.821746088939e-16,1.411706948372e-14,1.502076961426e-15,3625.249812239,-2.951687673364,-236.118235707
70,35,90,-1.738052610908e-16,1.428268812047e-14,-3.183059722941e-16,3727.178657015,0.2582002809793,-238.8808368796
70,35,91,-2.120485148267e-16,1.417744522297e-14,-4.381947657625e-16,3732.572186769,-2.124391612011,-236.8614145392
70,35,92,-1.770584978371e-16,1.410869454499e-14,-1.515171284777e-15,3663.214230187,-3.167559102518,-236.1454612662
70,35,93,-2.883057434316e-16,1.420318101691e-14,-1.4463626389e-16,3617.320503345,-1.635117484803,-236.5044298382
70,35,94,-2.281446831285e-16,1.42189015985e-14,-7.759538826719e-16,3681.355431057,-1.830930761352,-238.0042653729
70,35,95,-1.654854371801e-16,1.40042881834e-14,3.756616133694e-16,3720.838905898,-0.1075358619072,-234.6632462736
70,35,96,-2.12574233144e-16,1.426265962734e-14,-9.880393488925e-16,3708.701554094,-0.1964685862545,-238.1833358692
70,35,97,-2.447654189939e-16,1.421453787782e-14,-7.47730875907e-16,3670.591972629,1.005462675988,-236.7220156515
70,35,98,-2.356908971179e-16,1.410267036982e-14,-8.994809847854e-16,3542.083261909,-0.3548935951772,-235.5342819327
70,35,99,-2.461446261188e-16,1.406431862046e-14,2.895714351242e-16,3601.637553498,-0.8910099833852,-234.8271130336
70,35,100,-2.511724713581e-16,1.41202875904e-14,-2.519394024067e-15,3808.773759077,1.844825641483,-235.8865049426
70,35,101,-2.713893840103e-16,1.41463197119e-14,-8.022054584482e-16,3706.914861275,2.637848995175,-237.3906701188
70,35,102,-2.128960909011e-16,1.418510550928e-14,-3.269859682873e-15,3678.416944363,-1.916814824069,-237.1423602892
70,35,103,-2.095253078702e-16,1.408505818519e-14,-1.615532873634e-16,3641.351860238,-0.434226576841,-234.8298360744
70,35,104,-2.535540358031e-16,1.430114728368e-14,-9.600607058344e-16,3710.641804301,0.3106340619444,-238.5302073518
70,35,105,-2.15505602645e-16,1.418873884795e-14,-1.577962318882e-15,3480.229941908,-3.329880940752,-236.4769235327
70,35,106,-1.84260925025e-16,1.418558370589e-14,-4.479941923499e-15,3607.086970262,-0.07199079707196,-236.4093802794
70,35,107,-2.284261326845e-16,1.417867067435e-14,-4.664758927385e-15,3769.599485534,-0.04125381153685,-236.6260846526
70,35,108,-1.640176610391e-16,1.412601548219e-14,-2.685809124907e-17,3624.523173136,0.9807431012273,-236.0751563193
70,35,109,-2.125373673092e-16,1.411119633779e-14,-1.606568129992e-16,3691.101252807,-2.234824526822,-235.7172022108
70,35,110,-1.782071966323e-16,1.405436007815e-14,-5.337795800317e-16,3714.43728399,5.295257527249,-234.3956119208
70,35,111,-2.419432703785e-16,1.415848693044e-14,-1.771704824195e-15,3734.672377834,1.392484586611,-236.2890455194
70,35,112,-2.393870198895e-16,1.420152601686e-14,-2.368933300089e-15,3812.402266038,-1.588269752788,-237.1105164503
70,35,113,-2.797202087702e-16,1.421285082544e-14,1.842319456107e-15,3532.843312111,-0.6456205223128,-238.3492870848
70,35,114,-2.823535839324e-16,1.417033699322e-14,-3.598589732419e-15,3790.184626386,1.309431780849,-236.4849423598
70,35,115,-2.241689284049e-16,1.415190177662e-14,-1.8624928142e-15,3703.404186553,2.050029173665,-236.0317480264
70,35,116,-2.33172486485e-16,1.424979669319e-14,-1.404356978031e-16,3713.578803008,1.312538398659,-237.6197961199
70,35,117,-2.070805858979e-16,1.415358448616e-14,-2.126341921325e-15,3727.870434357,0.9425346712308,-235.8207814428
70,35,118,-2.575826379631e-16,1.408368504342e-14,-2.09791588284e-15,3738.992290741,-1.01782237998,-235.5552067083
70,35,119,-2.644338744845e-16,1.415685972494e-14,9.145163085402e-16,3586.672365854,2.055439451086,-236.9385090002
70,35,120,-2.827779943632e-16,1.409664100278e-14,3.634494203082e-16,3823.533521494,2.496737307938,-235.3862691477
70,35,121,-2.357830096924e-16,1.423092141471e-14,2.139850071812e-16,3682.267669259,-0.2968443819699,-237.353563584
70,35,122,-2.22764995544e-16,1.421147872544e-14,-2.886333655468e-15,3695.37295608,-0.3479625700601,-237.4947557023
70,35,123,-2.318661457828e-16,1.412099870646e-14,-1.034612698183e-15,3762.877562885,2.821763709331,-236.1558741585
70,35,124,-2.754738500927e-16,1.43444897141e-14,-5.523286733798e-16,3717.176620055,2.648499650954,-239.2231763882
70,35,125,-1.915650387834e-16,1.417963722448e-14,-3.778740868843e-16,3701.59253279,1.211509853462,-237.2848213602
70,35,126,-2.615993452314e-16,1.421353928694e-14,-5.558859301815e-16,3586.11734871,-1.171091490264,-237.1737593244
70,35,127,-2.670004968808e-16,1.417802484246e-14,-1.862178999698e-15,3594.131575653,-1.308758557867,-237.1842804296
70,35,128,-2.415025354757e-16,1.413499033257e-14,5.957531915766e-16,3708.812363178,-0.890939453752,-236.5095524355
70,35,129,-2.423782647118e-16,1.429337840891e-14,-3.332838502742e-15,3695.734676313,-0.5687473127011,-238.0671778743
70,35,130,-1.829051423394e-16,1.410469486646e-14,-1.177630404225e-15,3826.543353443,1.106119986949,-236.0581464958
70,35,131,-2.186338002895e-16,1.414332656808e-14,-1.425701120817e-15,3596.807686369,-0.480817662834,-235.8786367347
70,35,132,-1.588063985147e-16,1.41026281327e-14,-1.930360904553e-15,3846.187314967,-1.799284936653,-236.0326578587
70,35,133,-2.532517810885e-16,1.415560249847e-14,-1.438471377766e-15,3764.641164033,-1.4765491847,-236.4980939526
70,35,134,-2.38030899191e-16,1.405138189104e-14,-3.226527821365e-15,3688.78087638,0.6778941822188,-235.0818668473
70,35,135,-2.196495011658e-16,1.4068486969e-14,-2.420624382619e-15,3688.456546051,0.8531530675997,-235.8168661044
70,35,136,-2.054878662757e-16,1.419505159119e-14,-1.11216064131e-15,3745.593675359,3.015149515398,-237.6035434918
70,35,137,-2.381589179669e-16,1.413088226393e-14,-1.348396861539e-15,3628.615559268,-0.9580258055232,-236.3873440337
70,35,138,-2.557634188988e-16,1.418679527107e-14,-1.649885856627e-15,3660.080455605,1.075883553555,-236.4833623506
70,35,139,-2.18860353392e-16,1.421574091675e-14,4.861798864331e-16,3798.630308741,2.795661650483,-237.3702989842
70,35,140,-2.037174637093e-16,1.415253300162e-14,-4.014782880837e-15,3706.883755957,-4.53650693335,-235.9788298751
70,35,141,-2.217900777152e-16,1.403968379636e-14,-1.8266691191e-16,3654.94947296,3.312368075884,-234.8862474459
70,35,142,-2.246587344498e-16,1.41875031034e-14,1.857067017758e-15,3500.978055058,3.062935246318,-236.6650678035
70,35,143,-1.963258894054e-16,1.404298046041e-14,-3.084029052354e-15,3746.513700466,-1.716258540484,-234.2491904446
70,35,144,-2.468302685853e-16,1.41656711047e-14,-2.048771000213e-15,3774.085847582,-0.7076148752337,-236.5015733258
70,35,145,-2.45850740785e-16,1.416511398518e-14,-2.024335999824e-16,3708.596479746,0.8747817009073,-236.5895480199
70,35,146,-1.995422370442e-16,1.426586438495e-14,-1.368083814708e-15,3664.729903087,-3.679484321768,-238.4026264301
70,35,147,-2.313029935385e-16,1.433804578231e-14,-9.535204885973e-16,3515.970565811,1.173522970972,-239.9942475664
70,35,148,-2.948553539164e-16,1.415740622484e-14,-2.103413398324e-15,3860.912425119,-4.41704322938,-236.6542802564
70,35,149,-2.372406514121e-16,1.428962506937e-14,1.590480004545e-15,3629.144076834,-0.3624780649278,-237.8993003607
70,35,150,-2.362843347163e-16,1.420109517751e-14,-4.482818672869e-15,3610.915888993,-1.718807752615,-236.6990624639
70,35,151,-1.675963677807e-16,1.425646303222e-14,1.827606765911e-15,3658.912630656,-1.560812899947,-238.132006729
70,35,152,-1.999261339268e-16,1.422380595099e-14,-2.76179202832e-16,3738.059569945,0.3875856473381,-236.9526357873
70,35,153,-2.083433792108e-16,1.403884736739e-14,-2.08694561113e-15,3776.01696883,0.7290125538987,-235.1873083039
70,35,154,-2.540735698044e-16,1.418796541205e-14,-6.062334463381e-16,3665.481941633,1.246271076216,-236.8158989927
70,35,155,-2.313977510436e-16,1.411351159685e-14,-1.822877055003e-15,3565.474279763,-2.240988113713,-235.4396265694
70,35,156,-2.493512393847e-16,1.415211183917e-14,-1.066914599828e-15,3569.383879692,-2.033524048185,-236.5087407861
70,35,157,-2.496638229534e-16,1.437856121451e-14,-9.729260208367e-16,3794.149377708,0.3965049278021,-240.1091468947
70,35,158,-3.001627444159e-16,1.426631364149e-14,-9.564851629389e-16,3744.474264305,-0.5510859856513,-238.9331205485
70,35,159,-2.106174751405e-16,1.415293494273e-14,7.12232169555e-16,3732.321100878,0.9721041540578,-236.9192848996
70,35,160,-2.682561864108e-16,1.408121885899e-14,8.406796929815e-17,3560.289728324,-2.484266004752,-235.2159689059
70,35,161,-2.427612525639e-16,1.427864777663e-14,-1.970342170632e-15,3606.126310965,-4.799940134095,-238.1238382166
70,35,162,-2.21312852072e-16,1.414405874871e-14,-1.585216068436e-15,3721.740812743,-3.309963710993,-236.8507421042
70,35,163,-2.610266060569e-16,1.416443254377e-14,2.844495884988e-16,3740.279594144,-2.980893699826,-237.245142023
70,35,164,-2.401460630998e-16,1.422375345831e-14,-3.104333586263e-15,3632.140072968,-1.072893819059,-237.2562438516
70,35,165,-2.091114774686e-16,1.416072366264e-14,-1.830441704405e-15,3730.365351067,-0.712889178884,-236.8941605956
70,35,166,-2.041498917533e-16,1.40735810328e-14,1.936368931066e-15,3733.186857167,-0.05314733612181,-235.0353773782
70,35,167,-2.278911773251e-16,1.404455398536e-14,-4.828602560489e-17,3728.387244446,-0.8230259778207,-235.2696347094
70,35,168,-2.514333680237e-16,1.423515396656e-14,-9.853218516165e-16,3585.635673587,-2.083281087096,-238.9957772461
70,35,169,-2.481420345156e-16,1.420964236002e-14,-3.107163003657e-15,3774.404422398,-4.025445267443,-237.9298023301
70,35,170,-2.917435377339e-16,1.423617458141e-14,-9.330703649776e-16,3738.640355962,-0.2487215246134,-237.7083015454
70,35,171,-2.284950118022e-16,1.417612596899e-14,-2.78988263344e-15,3673.643148818,-3.585916383708,-237.0379517263
70,35,172,-2.359757918621e-16,1.424651895506e-14,-8.391108315984e-16,3621.289865156,-3.957960250058,-237.9910242189
70,35,173,-2.904573265217e-16,1.431597351821e-14,-7.996913071215e-16,3594.431302282,-0.4661187080234,-239.1448701783
70,35,174,-2.845659389258e-16,1.42930268664e-14,-1.331867309936e-15,3687.610899438,4.393945891942,-238.4659359708
70,35,175,-2.220833867448e-16,1.413342892043e-14,-3.220537192994e-16,3631.785488926,-1.76752453551,-236.3534184451
70,35,176,-2.800117605874e-16,1.419716479484e-14,-2.700128134692e-15,3679.282495428,0.9296764259439,-236.7100269287
70,35,177,-2.534797275224e-16,1.428611895699e-14,9.428671490944e-16,3757.53524975,2.334962439124,-237.9790938883
70,35,178,-1.684835078059e-16,1.417370488799e-14,-1.407955177661e-15,3701.508575431,-2.178249782071,-236.2664867479
70,35,179,-2.425935054828e-16,1.41520564153e-14,-4.35664077295e-15,3749.215194624,-2.058427727728,-236.4498544693
70,35,180,-2.419365203872e-16,1.412244432134e-14,-1.72523433188e-15,3686.723848104,-2.049384562647,-235.6530437025
70,35,181,-2.34209002062e-16,1.418229041809e-14,-2.257512737066e-15,3565.229264045,-2.37143966831,-236.7797308153
70,35,182,-2.265874204305e-16,1.423193949615e-14,-2.288548095756e-16,3652.774467437,3.055502253898,-238.1349449813
70,35,183,-1.804582512664e-16,1.427928188358e-14,-1.865435827029e-15,3741.564290011,-2.379526490935,-238.2434504004
70,35,184,-2.253850945226e-16,1.409645879254e-14,-2.375265186878e-15,3765.995907072,-1.667187352843,-236.1531729531
70,35,185,-2.315420349408e-16,1.430485566626e-14,-6.03517813137e-17,3835.855458331,-0.8417246147749,-238.2086724724
70,35,186,-2.202533066053e-16,1.423880121078e-14,4.650103969561e-16,3659.170991215,-1.505756679759,-238.1348570287
70,35,187,-2.425388566608e-16,1.408222079586e-14,-1.802086795382e-15,3791.951967513,-4.586305241453,-235.1523114064
70,35,188,-2.61624419769e-16,1.413889873503e-14,-3.172509944251e-15,3724.839084849,-2.754179619215,-235.8374482005
70,35,189,-2.311892875111e-16,1.429443744618e-14,-3.900149872436e-15,3614.759924973,0.4729424471741,-239.1989830988
70,35,190,-2.393851696269e-16,1.413300569917e-14,-5.175260854285e-16,3641.138548991,-0.2328965226245,-235.744457961
70,35,191,-2.191961589437e-16,1.421505044455e-14,-2.820665031239e-15,3832.806083479,3.87252282181,-237.2500645685
70,35,192,-2.704032809246e-16,1.414180812147e-14,-1.633925932973e-15,3910.153131334,-2.014444897757,-236.8050911076
70,35,193,-2.374379024998e-16,1.405612456272e-14,7.699228797884e-16,3725.312531924,0.754196974145,-234.7432743196
70,35,194,-2.512428209688e-16,1.422884756468e-14,-1.840794413673e-15,3598.023177828,0.6455986928115,-238.3499380212
70,35,195,-2.054733426977e-16,1.415631502282e-14,-4.13025048282e-16,3578.646805458,-2.827938207503,-236.6284895882
70,35,196,-2.544496560535e-16,1.422193952453e-14,-2.412103699756e-15,3588.914119552,-2.080188726658,-238.1281739994
70,35,197,-2.418940569758e-16,1.441253106926e-14,3.475165714225e-16,3799.226419093,0.7194051810137,-240.2679209197
70,35,198,-2.287850074741e-16,1.422149421629e-14,-3.664477494303e-16,3576.706994398,-1.961191930434,-237.4933772314
70,35,199,-2.03734469181e-16,1.416515970561e-14,9.993607134821e-16,3662.312918558,0.1685364835982,-236.2353062752
70,35,200,-2.316782217255e-16,1.407421450269e-14,-5.133887724533e-16,3590.46520427,-0.4902516417089,-235.2492336057
70,35,201,-2.473578062479e-16,1.411238351454e-14,-7.342041970007e-17,3722.547589528,-0.0626505484672,-236.274580758
70,35,202,-2.583840801486e-16,1.424195451775e-14,-1.866578844037e-15,3672.292292876,0.02890219234151,-238.4871884045
70,35,203,-2.440358628536e-16,1.4162320371e-14,1.481306953506e-16,3708.110732569,1.457070244448,-236.5887152322
70,35,204,-2.494124848374e-16,1.423192302701e-14,-1.993338999526e-16,3819.52639152,-0.924544082444,-237.774585081
70,35,205,-2.384325405826e-16,1.419562363834e-14,-9.796076902518e-16,3675.438379897,2.346090815054,-236.7090115759
70,35,206,-2.276795622737e-16,1.4225583805e-14,-5.470538175408e-16,3835.976475753,-0.9718271519344,-237.7186228741
70,35,207,-2.277693794316e-16,1.420341230546e-14,-4.243792641177e-15,3635.50753414,0.4024580007584,-237.1995358555
70,35,208,-1.732602387517e-16,1.424589419734e-14,8.826012247276e-16,3606.262083658,2.967425824533,-237.1757103978
70,35,209,-2.158348801672e-16,1.426661817136e-14,-1.936803974848e-15,3733.254541891,-0.1937550781424,-238.0460608591
70,35,210,-2.314616333781e-16,1.416774397563e-14,-2.206547488257e-15,3728.724823954,0.1740093198669,-236.3169539141
70,35,211,-2.65796472178e-16,1.412635338311e-14,1.41969854258e-16,3672.416942667,1.14326887835,-236.4370286261
70,35,212,-2.506418852196e-16,1.425252846315e-14,-2.996732693752e-15,3580.114695448,2.646711271736,-238.5620795636
70,35,213,-2.179250980137e-16,1.415804223064e-14,-2.626883390628e-15,3581.19994618,-0.5479479493313,-236.6996582483
70,35,214,-2.474800825505e-16,1.423513240222e-14,-3.067096852338e-15,3606.641720538,-5.232063374889,-238.2637347731
70,35,215,-2.162325641106e-16,1.420927003836e-14,-6.324678628174e-15,3720.127417959,-2.742013445789,-237.4197192891
70,35,216,-2.344332444908e-16,1.418078089833e-14,-3.614591952469e-15,3672.832395368,-3.990650145081,-237.3638980625
70,35,217,-2.122223308883e-16,1.413269420948e-14,-1.993880335301e-15,3655.896054052,-1.006432209733,-236.2834395433
70,35,218,-1.96008277392e-16,1.404720814497e-14,-2.236437875363e-15,3761.660212621,0.937284163503,-234.9912971442
70,35,219,-2.052700909482e-16,1.416649223109e-14,5.41481188399e-16,3772.240915651,1.238781746247,-236.7457909443
70,35,220,-2.313832902719e-16,1.414591493507e-14,-3.883323906097e-15,3757.581251567,-2.582743352373,-235.7796282647
70,35,221,-2.134372665175e-16,1.42798681587e-14,-1.672919673184e-15,3659.839580546,1.283400766091,-238.7840244025
70,35,222,-2.382341460751e-16,1.438260339251e-14,-2.870755229196e-15,3759.195575417,0.4512894100534,-239.9563438372
70,35,223,-1.659507727334e-16,1.417101554386e-14,-2.057965196063e-15,3722.280442307,0.6825330836861,-236.4538557599
70,35,224,-2.500823742912e-16,1.422795560213e-14,-3.27347901244e-15,3545.285716665,-0.8484362428309,-236.5955694948
70,35,225,-2.268009187622e-16,1.404385000068e-14,-1.293960098071e-15,3525.690519037,0.1510346370333,-234.8171651637
70,35,226,-2.472811501043e-16,1.426179921097e-14,-1.666281541029e-15,3763.410893742,-1.239911740195,-237.7574327141
70,35,227,-2.278453478944e-16,1.414033422525e-14,-8.365634966375e-16,3825.313775204,-3.453622920879,-236.5548499513
70,35,228,-2.75261684617e-16,1.427608397029e-14,-3.071306925158e-15,3716.18621103,-0.7273769226149,-238.7894423187
70,35,229,-2.648335433552e-16,1.420577393051e-14,-2.264977298269e-15,3841.120224515,0.1440003426638,-237.8718869569
70,35,230,-2.564716968724e-16,1.41819629146e-14,-1.047546909372e-15,3812.395442327,-0.1612052217589,-237.2584885029
70,35,231,-2.711287405659e-16,1.422633492303e-14,-1.284145549895e-15,3683.427630332,-2.318926959724,-236.9601588111
70,35,232,-2.69506053937e-16,1.424984231521e-14,5.788202880707e-16,3657.475777661,-2.216605381282,-238.0933657872
70,35,233,-1.959280592531e-16,1.411475374717e-14,-4.16924155188e-16,3732.31744848,0.5570642534342,-235.7611996934
70,35,234,-2.3881806388e-16,1.428272451595e-14,5.519675958452e-16,3685.010026069,1.335236839378,-237.7437748035
70,35,235,-2.56874364856e-16,1.416879377293e-14,2.437535409908e-16,3796.534310762,-0.7276175928281,-236.5716630297
70,35,236,-2.532829859084e-16,1.421557560751e-14,-1.600399749211e-15,3566.438165703,2.623071420349,-237.691223742
70,35,237,-2.553741010651e-16,1.408628050912e-14,-3.078176990956e-16,3790.155241248,-1.667080227446,-236.0040629729
70,35,238,-2.1896790412e-16,1.434235349589e-14,-8.338599122543e-16,3828.114651993,0.3437071389284,-239.5181744222
70,35,239,-2.283442858148e-16,1.404251065929e-14,8.100327942905e-17,3659.175409536,2.373144366358,-235.3626892158
70,35,240,-2.290544567707e-16,1.416307734111e-14,-2.145515854574e-15,3727.742364313,-1.268658824358,-236.1198092361
70,35,241,-2.594181036693e-16,1.419618530137e-14,-2.412060694063e-15,3673.35141561,-1.544050751028,-236.5425297996
70,35,242,-2.398050266524e-16,1.430661703132e-14,-5.291313452343e-16,3636.06897743,-1.452254744753,-239.2477210306
70,35,243,-2.222964441801e-16,1.416619817318e-14,5.578580463361e-16,3536.678332823,0.6618437743046,-237.0626819943
70,35,244,-2.308649541796e-16,1.407302734142e-14,-1.601416526077e-15,3641.448740657,0.5087345075113,-235.8078551552
70,35,245,-2.079839175109e-16,1.422067114282e-14,-5.263926447986e-16,3676.883074535,0.1030619510165,-237.3660079025
70,35,246,-2.515388911135e-16,1.406143814547e-14,-3.614446006485e-15,3777.791738747,-4.150255881089,-235.1339390551
70,35,247,-2.843538837662e-16,1.422164141316e-14,-2.846960138883e-15,3667.40966621,0.2370632222175,-237.3906982461
70,35,248,-2.4839215374e-16,1.41113674349e-14,-2.255055432566e-15,3642.935464158,-0.8209335196781,-236.023265607
70,35,249,-1.799526824843e-16,1.426912792829e-14,2.167007860913e-15,3778.639390554,-3.19177737058,-238.5223824367
70,35,250,-2.462081236132e-16,1.43576654858e-14,-2.491831697924e-15,3793.10306263,-1.23309518114,-239.0938508912
70,35,251,-2.567849356591e-16,1.407765427154e-14,-1.382700999428e-15,3623.080603691,2.491087202349,-235.2665960323
70,35,252,-2.030651269689e-16,1.410648328448e-14,1.692735665498e-16,3741.535931085,0.1855224465004,-236.1739914592
70,35,253,-2.558472989781e-16,1.422417040958e-14,-3.960914611645e-15,3768.713915033,2.702293183241,-237.8212070506
70,35,254,-2.026956119987e-16,1.419088926411e-14,-1.025387020511e-15,3790.5623914,-0.02509602850548,-237.5438886073
70,35,255,-2.454230877256e-16,1.397107766581e-14,-1.216254193749e-15,3716.398693523,0.8510278243076,-234.2300876796
70,35,256,-2.082538473593e-16,1.41202292423e-14,-7.381374954921e-16,3799.533500569,0.9308379969091,-236.381654253
70,35,257,-2.200701545877e-16,1.427691177964e-14,-1.370274687712e-15,3690.918515531,-3.173409705011,-238.4700997141
70,35,258,-2.725501506174e-16,1.422681942734e-14,-5.281196337051e-16,3608.552607342,-4.529793760943,-237.0580690716
70,35,259,-2.549053431771e-16,1.430466597735e-14,-1.042107176373e-15,3653.884599153,-1.089953978625,-238.8585855687
70,35,260,-2.416509062464e-16,1.415668494286e-14,5.539067803635e-16,3723.890894329,3.679504793869,-236.9781416797
70,35,261,-2.402941166423e-16,1.410343124974e-14,-3.751790181952e-15,3743.358448733,-0.3547622504746,-235.2374279135
70,35,262,-2.301605922511e-16,1.415406580002e-14,-8.081239327267e-16,3709.620102304,-1.047684760782,-236.4953333677
70,35,263,-1.921683753404e-16,1.410313686018e-14,-4.156770581717e-16,3644.251022225,2.999085841174,-235.6591967977
70,35,264,-2.499314651196e-16,1.410275154367e-14,-1.569324100369e-15,3582.337175602,-1.664271323934,-235.5266811866
70,35,265,-2.496577390831e-16,1.407206817224e-14,-3.865029433192e-15,3773.439832054,1.074428320616,-235.4161554919
70,35,266,-2.620133752332e-16,1.425851702423e-14,-1.659204666223e-15,3691.587855224,3.124308791571,-239.0763923417
70,35,267,-2.369605889579e-16,1.404697173634e-14,-5.02375450723e-17,3728.359676522,0.5524700719529,-234.7483956392
70,35,268,-2.313637370737e-16,1.425585450298e-14,-6.740073712411e-16,3648.1600328,1.251345800199,-237.8308155214
70,35,269,-2.628581472889e-16,1.417239725347e-14,-1.086225391937e-15,3851.582265803,0.7830428266669,-236.7778716539
70,35,270,-2.111491529811e-16,1.420643746558e-14,-3.559684916199e-15,3612.059859373,-0.3890451268496,-237.6618237951
70,35,271,-2.49317029973e-16,1.428096323346e-14,-1.964267778777e-15,3697.076266579,-2.101755637482,-238.9833986209
70,35,272,-2.312745977451e-16,1.418847709749e-14,-3.206496910401e-15,3676.769813784,-0.461510376119,-236.6881015178
70,35,273,-2.258495804159e-16,1.421460263322e-14,-6.830278771262e-16,3654.934372237,0.7769944992678,-237.5260481413
70,35,274,-2.22927720372e-16,1.408226471774e-14,-1.560786115164e-15,3713.746005951,-0.0171752550393,-234.961927093
70,35,275,-2.71499044186e-16,1.408735745485e-14,-3.206874473036e-15,3647.272605922,1.521677076735,-235.5083183014
70,35,276,-2.410503698483e-16,1.416837647064e-14,3.14735932213e-16,3814.404177662,1.006532412166,-236.7646369833
70,35,277,-2.107800657996e-16,1.424121171726e-14,-1.479680000343e-15,3827.061168766,-0.755947940342,-236.9978087601
70,35,278,-2.232267218538e-16,1.424425728719e-14,-7.819355249095e-16,3694.178742682,-0.6121567878651,-237.4410777883
70,35,279,-1.777285092793e-16,1.412335975335e-14,-1.058022013706e-15,3760.435607077,1.875198618494,-235.9941418942
70,35,280,-2.625490609563e-16,1.410795840219e-14,-3.023020112917e-15,3735.597693219,-1.60379104163,-235.8514632816
70,35,281,-1.781106650164e-16,1.415382182111e-14,-1.518031974251e-15,3702.859577246,-2.118137311787,-236.400582754
70,35,282,-2.212692387581e-16,1.43298070948e-14,-6.750330041241e-17,3642.061345148,-3.189567510442,-239.0855813898
70,35,283,-2.750456877529e-16,1.421726890485e-14,2.04929578043e-16,3751.621357715,2.08519088861,-237.603241967
70,35,284,-2.492441214927e-16,1.412795358239e-14,-2.144519246373e-17,3760.201130732,-1.474174893059,-236.016512357
70,35,285,-2.671737061787e-16,1.407859413664e-14,-7.103382638148e-16,3683.288177592,0.08764407834436,-236.0118709902
70,35,286,-2.03582258374e-16,1.407080446493e-14,-1.491258553011e-15,3758.176778431,0.2833434756635,-234.6074297331
70,35,287,-2.706114648474e-16,1.414458409986e-14,-2.744974567484e-15,3698.468754052,-1.545070808396,-236.5934707087
70,35,288,-2.483446289544e-16,1.404705969295e-14,1.686223375969e-15,3679.38853667,-0.04766920302916,-235.0933483127
70,35,289,-2.239488895964e-16,1.420175227954e-14,-2.519309308019e-15,3552.282981288,-0.7420218808892,-237.1670858669
70,35,290,-2.158474184294e-16,1.417356505137e-14,-1.103025288047e-15,3634.777126432,1.677247924658,-236.4324414582
70,35,291,-3.184464387737e-16,1.426466400268e-14,-2.767617227274e-15,3743.513967101,1.508758185776,-238.1297692949
70,35,292,-2.063363970452e-16,1.424436558711e-14,4.132149031543e-16,3668.245524363,-0.3256985976912,-237.6311198563
70,35,293,-1.961509887251e-16,1.418080164504e-14,1.363038983149e-15,3598.327635464,1.199004121172,-236.769314332
70,35,294,-2.712792124451e-16,1.420568444326e-14,-2.744433246858e-16,3576.170151598,3.774049369637,-237.4166277868
70,35,295,-2.041967357247e-16,1.423180434356e-14,1.361568971252e-15,3686.451506584,0.4636256018457,-237.9563208286
70,35,296,-1.936741891366e-16,1.419391909654e-14,-2.735755601835e-15,3526.019263441,-2.481305225551,-237.6194039798
70,35,297,-2.281739560415e-16,1.417424737592e-14,6.175136419255e-16,3692.189181607,-2.100079078264,-237.3570771368
70,35,298,-2.483763610822e-16,1.412474878133e-14,-2.345709099339e-15,3801.204013308,-0.1580601657693,-235.4929467016
70,35,299,-1.879993230361e-16,1.424394533003e-14,-1.942244508821e-15,3846.135598024,-0.2241846090339,-237.7195236376
70,35,300,-2.705586437407e-16,1.420686082578e-14,-1.374647418112e-15,3695.616767601,-0.8149560963344,-236.7808370635
70,35,301,-2.399572928709e-16,1.426935328001e-14,-3.687734508988e-15,3654.00422732,0.5917062027232,-238.1516653045
70,35,302,-2.137805495723e-16,1.408397125669e-14,-1.405061461048e-15,3702.315901399,-2.394845863533,-236.1253933952
70,35,303,-2.543620866424e-16,1.409405434509e-14,-2.262477481529e-15,3657.686150464,-1.738415271464,-235.6282022689
70,35,304,-2.692842908498e-16,1.431053559088e-14,-1.061036453594e-15,3608.23143923,-2.091206864247,-239.0364229114
70,35,305,-2.474671069264e-16,1.410010452928e-14,-2.102008092846e-15,3675.096983854,-0.1496568132383,-235.8629124432
70,35,306,-2.400527466538e-16,1.427042654895e-14,-2.831683888965e-15,3661.443641188,-0.5636042971866,-238.4364747269
70,35,307,-2.30941451344e-16,1.41198750856e-14,-6.688437920869e-16,3524.919396588,0.246553715455,-236.2066188342
70,35,308,-2.619679357743e-16,1.414786161074e-14,6.471667568991e-16,3648.084404507,-0.1057432444179,-235.8682129367
70,35,309,-2.353926181977e-16,1.42204387692e-14,-2.033348091724e-15,3613.233735481,-2.571267101422,-237.3796289018
70,35,310,-2.192224833929e-16,1.410708350427e-14,2.106223623796e-16,3746.52624893,-3.794625349232,-235.4191382746
70,35,311,-2.347872591225e-16,1.426817502954e-14,2.454350341271e-17,3747.898209059,-1.918478048235,-238.7311239616
70,35,312,-2.530559932331e-16,1.434596076942e-14,5.300222337828e-16,3736.331126904,1.800103597424,-239.1464606953
70,35,313,-2.361000760462e-16,1.420699314061e-14,-1.83277941813e-15,3537.594440755,-0.5348690649663,-237.4156753293
70,35,314,-2.434423087476e-16,1.417578169951e-14,2.434091251447e-16,3671.469136783,0.01493345547865,-236.4928047773
70,35,315,-2.472893593338e-16,1.423077820959e-14,-2.055778493707e-15,3833.916233285,-0.0963146345358,-237.5793985282
70,35,316,-2.767563750973e-16,1.403660540969e-14,-2.543001899547e-15,3769.89553742,0.7034030219997,-234.5715914996
70,35,317,-2.027669294379e-16,1.417322163314e-14,6.377748195722e-16,3620.224629541,-4.125458359997,-236.4502248554
70,35,318,-2.308500108397e-16,1.417590509888e-14,6.023587152372e-16,3727.250260307,-1.101950098454,-237.015455787
70,35,319,-2.369192698251e-16,1.395746327739e-14,-3.344495509686e-15,3670.161090708,0.1829637702945,-233.7375394526
70,35,320,-2.163216386659e-16,1.427279621816e-14,-3.191942014495e-15,3639.769479604,0.319908022649,-236.5076924811
70,35,321,-2.161870415622e-16,1.411651915716e-14,-2.480290386688e-16,3708.063854318,-0.6500581766147,-236.2301353497
70,35,322,-2.6292901995e-16,1.419741992959e-14,-6.541876097439e-16,3797.639809949,-0.702646375856,-237.5360938133
70,35,323,-2.255999101549e-16,1.423287722145e-14,-6.803268893365e-16,3679.800414576,-1.2741880765,-237.8861380384
70,35,324,-2.423632412588e-16,1.420141763689e-14,-1.670535399559e-15,3703.540274001,-2.430818240741,-236.8560673066
70,35,325,-2.198445976734e-16,1.432957420313e-14,-7.453239320348e-16,3689.10423483,1.072485744296,-238.9381765558
70,35,326,-2.538327445129e-16,1.417911295121e-14,-3.094416166226e-15,3726.403759243,1.728426212212,-237.2786905019
70,35,327,-1.960270660781e-16,1.409719033877e-14,-2.344003008369e-15,3694.138803298,1.144407413457,-236.0791013353
70,35,328,-2.154582150956e-16,1.408960715276e-14,-1.287983087105e-15,3659.200702482,-2.861684953837,-235.0391201923
70,35,329,-2.688000214158e-16,1.415174157254e-14,-1.723436725109e-15,3648.79651194,1.575390721144,-236.7633874976
70,35,330,-2.473245911146e-16,1.415543019682e-14,-1.821057649937e-16,3752.611209933,0.9654445334617,-235.9082774118
70,35,331,-2.708973045929e-16,1.437831854851e-14,-2.318320925385e-15,3746.385680044,1.081271244748,-239.3557674706
70,35,332,-2.414628153473e-16,1.429789255206e-14,-1.90977367541e-15,3639.625249689,2.257597604034,-238.9414357908
70,35,333,-2.014437801814e-16,1.419199204684e-14,-2.769723136881e-16,3631.473278235,3.967224619351,-238.0386066763
70,35,334,-2.160781559173e-16,1.403829903192e-14,2.380533226787e-15,3672.521999687,1.29340956444,-234.204740088
70,35,335,-2.121851371865e-16,1.418452319309e-14,-2.293996401831e-15,3879.429437114,0.2320849996672,-237.0569717937
70,35,336,-2.065648663168e-16,1.408819582111e-14,-1.343437690803e-15,3776.815110238,-1.969622174063,-234.7280815495
70,35,337,-2.650147630002e-16,1.41011068925e-14,-1.814723410775e-15,3777.194545935,-0.4528271550533,-236.0421978909
70,35,338,-2.105573119867e-16,1.416830073084e-14,-1.847275788039e-15,3724.471344597,3.208379856849,-236.4941969889
70,35,339,-2.685550693574e-16,1.419124484525e-14,-3.138762989532e-15,3738.203144851,-2.289966958173,-237.1462851567
70,35,340,-2.048646675437e-16,1.424227417582e-14,-3.279550716273e-15,3794.188294717,-2.596436237482,-237.1656131086
70,35,341,-2.604765297806e-16,1.421888015555e-14,-3.17579301053e-15,3681.197256785,0.3025309680661,-237.851434877
70,35,342,-2.651850311769e-16,1.42565571644e-14,-2.606103243127e-15,3679.854091433,2.780262575549,-238.7302621967
70,35,343,-1.952477030771e-16,1.41829636642e-14,1.33233459368e-15,3623.641240065,4.873818475299,-237.1745181519
70,35,344,-2.211868851162e-16,1.408530752615e-14,-9.959529706445e-16,3657.821872596,-0.00741345962088,-235.9657982958
70,35,345,-1.97637820863e-16,1.399200486826e-14,-3.848791183389e-15,3722.705277127,0.5930171288798,-233.4714630672
70,35,346,-2.180608511599e-16,1.430107875588e-14,-1.592974560184e-15,3734.786190517,-2.37493671812,-238.5340673561
70,35,347,-1.615705049981e-16,1.424353519196e-14,6.179321489043e-16,3824.563488079,0.05805461465675,-237.798672867
70,35,348,-2.49118710589e-16,1.422513584409e-14,-3.259451355153e-15,3821.843647567,-1.980892020528,-237.6219322954
70,35,349,-2.610738860093e-16,1.421273750688e-14,-3.541908604607e-15,3639.884240412,2.594535907869,-237.2371003723
70,35,350,-2.251872865858e-16,1.42300007412e-14,-1.76372172109e-15,3648.330930213,-3.155409569748,-237.587517487
70,35,351,-2.568572894747e-16,1.419089077293e-14,-3.578455548477e-15,3706.098071018,-0.3933867173213,-236.9459639693
70,35,352,-2.417851380941e-16,1.410568417114e-14,-1.84080319212e-15,3736.606120212,1.235146841762,-235.6687850728
70,35,353,-2.750572114798e-16,1.429643247147e-14,-2.99192456978e-15,3838.097041541,-5.578541939618,-238.1202057237
70,35,354,-2.042291371285e-16,1.402467119161e-14,-1.951354746483e-16,3813.797973677,-4.411342008743,-234.1582293762
70,35,355,-2.545580902194e-16,1.423118869073e-14,-2.875521471514e-16,3748.676294809,-0.353901335803,-237.2483284615
70,35,356,-2.377058601512e-16,1.4085774532e-14,-5.205045335078e-16,3844.895984335,1.815933684118,-235.6011591619
70,35,357,-2.637516486432e-16,1.414705647485e-14,-4.125642732454e-16,3667.011751449,-1.266611499792,-235.6478946072
70,35,358,-2.429613494148e-16,1.416177745337e-14,3.143263915576e-16,3598.846182413,1.047103061706,-236.4361707008
70,35,359,-2.651725386135e-16,1.418248236591e-14,-5.637522766478e-16,3790.359744408,0.9946899082134,-236.4572596784
70,35,360,-2.479314638548e-16,1.41201655037e-14,-1.907574026506e-15,3620.08032805,-0.510960520189,-235.7303983975
70,35,361,-2.453463459251e-16,1.417586756992e-14,-1.585033264096e-15,3795.362341188,2.932331485842,-236.4273372324
70,35,362,-2.1756844265e-16,1.419585454934e-14,-1.648590155147e-15,3571.366722968,0.2499322401809,-237.416665875
70,35,363,-2.275063337345e-16,1.404239159115e-14,-2.185009036057e-15,3701.790627172,0.9909322490583,-234.6973234246
70,35,364,-2.434429240353e-16,1.40818243008e-14,-3.329847311462e-15,3724.400982954,-1.046209832469,-235.1071737476
70,35,365,-2.3975238741e-16,1.413653449785e-14,-2.359524682177e-15,3783.684263043,-3.001585581197,-236.1858683206
70,35,366,-2.502414854358e-16,1.4212060646e-14,-1.370658449073e-15,3647.543683435,-2.850572866396,-237.6560052428
70,35,367,-1.989931739333e-16,1.427533089108e-14,-8.410585771036e-16,3675.251965518,0.8164472299513,-238.0874332258
70,35,368,-2.536760311195e-16,1.406913522955e-14,-6.633330837413e-16,3803.014674049,-0.4996702255393,-235.3656038309
70,35,369,-2.389135206353e-16,1.427497793406e-14,-3.153994819309e-15,3461.192922823,-2.513631695143,-238.5468320352
70,35,370,-2.428123350196e-16,1.419026104672e-14,-3.726442703424e-15,3573.763534607,-1.495275266157,-236.5899444895
70,35,371,-2.175249489714e-16,1.414280096707e-14,-1.869152543497e-15,3667.601079338,-0.4611626547121,-236.6825234613
70,35,372,-2.139780621686e-16,1.424048701517e-14,5.773823472545e-16,3713.273022372,3.041610602727,-237.8327691956
70,35,373,-2.45347915848e-16,1.401073453958e-14,-2.095307645591e-15,3756.642253095,-1.073346131944,-234.7083881175
70,35,374,-2.204553264665e-16,1.432874502314e-14,2.460146808937e-16,3738.360518616,-1.20459974242,-238.9205818231
70,35,375,-2.562399896938e-16,1.417996674369e-14,-5.605137291234e-16,3733.38168588,1.021778424942,-237.1054164518
70,35,376,-2.068351910929e-16,1.396616684782e-14,-3.434099864433e-15,3749.939469032,-2.998888832818,-233.2766691412
70,35,377,-2.087734863456e-16,1.415924038829e-14,-2.926645304469e-15,3737.877927953,1.145988797442,-236.1747498522
70,35,378,-2.243336364126e-16,1.426040737432e-14,-4.447124699601e-15,3950.638351801,2.244136268795,-237.6748013632
70,35,379,-2.166984836268e-16,1.427509220976e-14,-3.430006321802e-16,3679.029582073,-1.169037698628,-238.249568524
70,35,380,-1.968734441369e-16,1.416459958275e-14,2.101808813894e-15,3694.360283145,-1.100932599284,-236.9991759017
70,35,381,-2.200649810099e-16,1.422646524485e-14,-1.421238915587e-15,3794.618057415,0.06742090020816,-237.9464130859
70,35,382,-2.056453220859e-16,1.413231720695e-14,-4.441301890245e-17,3760.799402872,-0.5743628252529,-236.116636175
70,35,383,-2.322229225233e-16,1.41171493661e-14,5.986939252638e-16,3875.161347026,-0.08137063538589,-236.5236768409
70,35,384,-1.851073054631e-16,1.417600252736e-14,-3.228376456194e-15,3628.686416491,-1.066887729154,-237.5020723054
70,35,385,-2.358309328755e-16,1.420509688792e-14,-1.910950371501e-15,3706.201961777,2.834270166074,-237.3878350484
70,35,386,-1.775394928552e-16,1.403751663225e-14,-1.928694997311e-16,3543.530048973,1.876967961409,-233.9638241687
70,35,387,-1.913499009181e-16,1.417463264455e-14,-1.333830335771e-15,3721.091352007,1.587738256519,-236.2741485965
70,35,388,-2.569647172221e-16,1.415122116959e-14,-2.02940771617e-15,3641.904951923,-2.097628038634,-236.7340293866
70,35,389,-2.539825588279e-16,1.413240446911e-14,-2.909989067931e-15,3753.579594658,-2.372885355455,-235.1471012724
70,35,390,-2.877270519408e-16,1.422179883407e-14,9.243177201018e-16,3697.635342363,-2.545150720752,-238.0835656107
70,35,391,-2.047159149685e-16,1.406359619837e-14,-3.2088160168e-15,3800.462978409,0.1046148297605,-235.1964353402
70,35,392,-2.049747849918e-16,1.422446463186e-14,-2.070701944607e-15,3675.240009519,3.722221661637,-237.6270234798
70,35,393,-2.012644764254e-16,1.409759504175e-14,2.127511004597e-16,3661.252262874,0.5853785827383,-235.430254403
70,35,394,-2.462752322383e-16,1.414800396978e-14,2.165687033511e-15,3656.299400209,2.09876166811,-236.3351355756
70,35,395,-2.237597364909e-16,1.416421823939e-14,-5.000542563969e-16,3626.739551126,1.108036616084,-236.848626048
70,35,396,-2.342979545878e-16,1.422653978752e-14,-2.100823309189e-15,3589.570031194,-1.08869591403,-237.157317034
70,35,397,-1.82939777167e-16,1.400587280963e-14,-3.250022758436e-15,3621.054847098,0.314465353688,-234.6607607384
70,35,398,-2.227834140139e-16,1.419268482891e-14,6.149109721672e-16,3770.950548322,0.1664791872847,-237.149339575
70,35,399,-2.175403246696e-16,1.425937629121e-14,-7.724118975786e-16,3613.145102298,-1.554562519427,-237.8079943331
70,35,400,-2.407323097192e-16,1.412889834126e-14,-6.046964698204e-16,3781.084203152,1.513731951348,-236.6440677723
70,35,401,-2.372556032831e-16,1.437083705584e-14,-1.832000840213e-15,3638.215060144,-1.367928995807,-240.3223644522
70,35,402,-2.059473037405e-16,1.409268004871e-14,-9.002209851726e-16,3685.533425182,1.41875461899,-235.6467826748
70,35,403,-2.699858145682e-16,1.435652967284e-14,-4.642810951428e-16,3705.47129826,0.2092062724563,-239.9797793671
70,35,404,-2.636648258781e-16,1.413532398027e-14,-2.977039770465e-15,3644.648549988,2.630807209091,-236.3210706292
70,35,405,-2.14675427039e-16,1.422737955255e-14,-1.612053601813e-15,3663.717149732,0.0680758342243,-237.762443836
70,35,406,-2.542718233904e-16,1.410561880709e-14,-1.516832938102e-15,3650.066380825,-0.4107794101405,-235.5814084167
70,35,407,-2.795495022711e-16,1.42931226573e-14,7.255459153778e-16,3697.267037991,-0.419950128144,-238.5812970075
70,35,408,-2.103020055549e-16,1.419366803686e-14,-3.597476490551e-16,3705.152932305,1.238255292533,-237.5162843869
70,35,409,-2.250500313324e-16,1.415594977817e-14,-1.647856669424e-15,3670.109789038,-1.448862334337,-236.1154586289
70,35,410,-2.03166375994e-16,1.415426845893e-14,-2.795878586578e-15,3680.520498842,2.588740178269,-236.4583786233
70,35,411,-2.438652844075e-16,1.424946499924e-14,-5.836877355432e-16,3624.73534164,1.506635682765,-237.7289086309
70,35,412,-2.337432796985e-16,1.409510083443e-14,-9.240589459161e-16,3757.042888494,-0.4734849917426,-235.6573784263
70,35,413,-2.189716087831e-16,1.404705699096e-14,-4.051638364146e-16,3548.725742543,0.5193013951006,-234.5198192411
70,35,414,-2.062117101552e-16,1.417809198257e-14,-1.002633487848e-15,3648.514887234,-3.145315069279,-236.0604845334
70,35,415,-1.946912681269e-16,1.41099182634e-14,-1.82521539611e-15,3659.257340509,5.046128675438,-235.4728750544
70,35,416,-2.187700891031e-16,1.422144055705e-14,-3.740648834655e-15,3688.721280923,0.6581135783407,-237.103434278
70,35,417,-2.392425663934e-16,1.419511509143e-14,-2.352310817855e-16,3784.097431868,-0.2582370587249,-236.4314857034
70,35,418,-2.744002179584e-16,1.427387427046e-14,7.38558995777e-16,3652.760744023,0.5936733078398,-237.874656555
70,35,419,-2.707425127002e-16,1.40704402279e-14,6.608584286308e-16,3576.367451658,0.9810198818169,-235.7832546683
70,35,420,-2.354542348177e-16,1.422908353566e-14,9.279121510909e-16,3851.892770128,2.384173076295,-237.3843168828
70,35,421,-2.3214099625e-16,1.430343678919e-14,-1.521523171723e-15,3663.266717929,-1.812083680137,-239.0070898966
70,35,422,-2.253423330838e-16,1.414122566031e-14,4.299558484069e-16,3648.80092242,-1.618758484742,-236.1089196964
70,35,423,-2.317254960013e-16,1.412584335096e-14,8.233280644571e-16,3655.434756973,0.333342426839,-235.9258388994
70,35,424,-2.934439969838e-16,1.423618770418e-14,3.895816700323e-16,3639.733138417,3.164161367782,-237.7799156924
70,35,425,-2.482527589864e-16,1.420340918927e-14,-2.652283882543e-15,3723.717851462,-1.354206918001,-236.8152065427
70,35,426,-2.370005881212e-16,1.437050352925e-14,5.704307081337e-16,3640.670323601,-1.86961397527,-240.1776651393
70,35,427,-2.149005563096e-16,1.413969948266e-14,-8.091408233861e-16,3545.487273363,0.7221487807021,-236.2522314185
70,35,428,-2.881832148311e-16,1.413355098384e-14,-2.345201907371e-15,3654.034379181,2.55604025964,-235.7134172101
70,35,429,-1.876966345315e-16,1.423364726481e-14,-1.895852989035e-15,3714.73299856,-2.461826178945,-238.4017266246
70,35,430,-2.16402343081e-16,1.422733811533e-14,-4.862583640758e-15,3666.911199151,-2.167089305251,-237.4392489479
70,35,431,-2.70853804952e-16,1.422318401619e-14,-2.662476778688e-15,3692.753366812,-2.810677009068,-237.7619052234
70,35,432,-1.959809663615e-16,1.410866500747e-14,-1.185278282744e-15,3584.812801401,1.128688657009,-236.1206760477
70,35,433,-2.122855457342e-16,1.414054548209e-14,-7.11127522238e-16,3704.698798211,1.712524443323,-236.2931782277
70,35,434,-2.458597190035e-16,1.409690988343e-14,-1.258407129202e-15,3765.099484584,0.9406901304284,-235.7494020964
70,35,435,-2.556617170321e-16,1.409606563556e-14,-1.824317537949e-15,3731.465155947,3.935007405371,-235.8540306902
70,35,436,-2.237231489889e-16,1.421276686265e-14,-3.776409974439e-16,3616.516955992,2.211895434038,-237.0872538191
70,35,437,-2.259014892755e-16,1.429456094258e-14,-3.744143843363e-15,3651.422328932,1.339815873213,-238.3845333928
70,35,438,-2.387112516764e-16,1.421662594993e-14,-1.709151225464e-15,3751.752948461,-2.148054192341,-237.8717906377
70,35,439,-2.00343654057e-16,1.412554364392e-14,-2.812536783307e-15,3611.4053223,0.4844265078951,-236.3423621527
70,35,440,-2.190239316401e-16,1.430985057313e-14,5.14858574451e-16,3678.058927033,1.0475165052,-238.0964355582
70,35,441,-1.978229602543e-16,1.411192316289e-14,-2.180832295554e-15,3828.672197779,-0.960245971248,-236.0781171664
70,35,442,-2.325828750185e-16,1.431316462258e-14,-3.37881181504e-15,3593.068950419,0.1390867630464,-238.5833678912
70,35,443,-2.514248987625e-16,1.4240315062e-14,-9.85073346994e-16,3759.53652621,-0.8580745276878,-237.9314968793
70,35,444,-2.712928678548e-16,1.414687549511e-14,-1.39241138393e-15,3673.226036769,-0.1771078257741,-236.9721689004
70,35,445,-2.331831147412e-16,1.403434935292e-14,-1.1253287074e-15,3820.821103592,4.651989625701,-234.6457390245
70,35,446,-2.517279177105e-16,1.413725836474e-14,-3.296108089863e-15,3666.164517259,0.945145090229,-236.3640030827
70,35,447,-2.478138956951e-16,1.407742662186e-14,-1.695842793585e-15,3676.198025671,1.61519481883,-235.344078912
70,35,448,-2.804608981211e-16,1.419731729236e-14,1.818934408922e-15,3677.145862713,0.04266513459492,-237.305793746
70,35,449,-2.618175360151e-16,1.413982865571e-14,4.283229862324e-16,3763.364130625,-0.4553305272688,-237.1620715487
70,35,450,-2.183175364658e-16,1.411726099319e-14,-3.538728927311e-16,3784.654652001,1.311040906,-236.2673955448
70,35,451,-2.432539461359e-16,1.417527104183e-14,-2.241900515708e-15,3690.368648883,1.271708433784,-237.2016507045
70,35,452,-2.048511860455e-16,1.406700802643e-14,-9.31127206644e-16,3720.159881929,1.359167402784,-235.0253409546
70,35,453,-2.43583837432e-16,1.424836211838e-14,-1.764380159225e-15,3633.374933475,0.6053429656096,-236.6781163533
70,35,454,-2.373206923692e-16,1.420191404746e-14,-1.097035081064e-15,3801.746361791,1.586227116521,-236.9982513227
70,35,455,-2.441804386368e-16,1.408937096426e-14,5.884063100493e-17,3815.251222437,-0.8215901629903,-235.3634859252
70,35,456,-2.501115005674e-16,1.417030490915e-14,-1.883655789772e-15,3650.144805874,-0.8099029673911,-237.0900120213
70,35,457,-2.309800731033e-16,1.428018307349e-14,5.868205791596e-17,3661.001399644,-1.705897127813,-238.2187303938
70,35,458,-2.734007533871e-16,1.418674864444e-14,-3.681442760619e-15,3877.178467892,2.912540620782,-236.761873305
70,35,459,-2.849766181728e-16,1.421185109854e-14,-3.088975097259e-15,3776.064819258,-6.536559929301,-236.882200905
70,35,460,-2.07758652482e-16,1.411846794754e-14,-2.681183065845e-15,3670.485058766,0.8984281295858,-235.5754779844
70,35,461,-2.999499567273e-16,1.417368173856e-14,-2.114915189387e-15,3649.659134466,1.17481150809,-235.8042515197
70,35,462,-2.385050485205e-16,1.430817582674e-14,-1.427618386522e-15,3774.025925141,2.586228768138,-239.151204517
70,35,463,-1.993953153983e-16,1.426165248382e-14,-1.450593908481e-15,3756.007706909,-2.872467002511,-237.6325077634
70,35,464,-2.243688001479e-16,1.42807884998e-14,-1.769958958847e-15,3662.731397436,-0.7472110650827,-238.7104046892
70,35,465,-3.018287850693e-16,1.423061792946e-14,-2.762554073212e-15,3739.027325266,1.606862835403,-237.8355284688
70,35,466,-2.39883031069e-16,1.41778161243e-14,-9.641271296349e-16,3483.992842003,-4.748052338515,-237.2684739893
70,35,467,-2.581846880944e-16,1.429611294971e-14,-3.284972223725e-16,3771.315551631,-1.60244277065,-238.5317938704
70,35,468,-2.479983474737e-16,1.4093705556e-14,2.989282335619e-16,3729.028087612,0.2032611470076,-234.8196265736
70,35,469,-2.26383404786e-16,1.422833461292e-14,-2.096342393478e-15,3933.484712151,0.1991508933833,-237.8921927302
70,35,470,-2.217136384352e-16,1.411889709737e-14,-2.619094998482e-16,3618.142485054,1.42247787779,-235.9358874417
70,35,471,-2.122329750583e-16,1.431664304292e-14,1.63434671012e-15,3732.426122298,2.504206780685,-239.2456937738
70,35,472,-2.506317330545e-16,1.415596424752e-14,-1.915571244703e-15,3448.775240701,2.480449155509,-236.7339153411
70,35,473,-2.275462383035e-16,1.40549014065e-14,-1.031318126896e-15,3629.497722397,1.062431813072,-234.4431485464
70,35,474,-2.770462097279e-16,1.421414906511e-14,-1.820771609356e-15,3603.589179383,0.4422807963845,-238.0639220431
70,35,475,-2.19536463237e-16,1.421871444393e-14,-4.971933906852e-16,3683.779097939,0.04740720897937,-237.8054535243
70,35,476,-2.631872905378e-16,1.416404274772e-14,9.392429795134e-16,3746.94392247,4.743792267612,-236.4081009352
70,35,477,-2.156108950891e-16,1.432710889211e-14,7.241434203499e-16,3682.215153931,-0.7672495307285,-238.7070966989
70,35,478,-2.425712438148e-16,1.41363931627e-14,-3.004170218132e-15,3693.62670575,0.3575179620431,-236.1743419432
70,35,479,-2.242209666326e-16,1.420532727401e-14,-3.157722782601e-15,3680.775947611,1.215323400821,-237.4014379815
70,35,480,-2.542938821301e-16,1.426747749422e-14,-7.627213952834e-16,3702.169358806,-2.884825215724,-237.6338649119
70,35,481,-2.745848443487e-16,1.417348527489e-14,-3.148927527023e-15,3751.478512518,0.03068916660284,-236.8370939545
70,35,482,-2.238198178527e-16,1.421508621514e-14,-3.452160419634e-16,3774.513099645,-0.929993654588,-237.5508930815
70,35,483,-1.869561476456e-16,1.420209634158e-14,-1.563152617389e-15,3717.792140873,-0.955745480016,-237.3326513178
70,35,484,-2.060065235737e-16,1.415359261208e-14,1.913568049378e-15,3673.034904261,1.762647312529,-235.9903850191
70,35,485,-2.453084473247e-16,1.440498775854e-14,-1.933838843387e-15,3734.991621458,-0.8336945341145,-240.4849988773
70,35,486,-2.469486896778e-16,1.41118657248e-14,-3.139039703037e-15,3531.944781344,1.89489277512,-236.0877988668
70,35,487,-2.14464731038e-16,1.419887639008e-14,6.905005198273e-16,3686.065597783,1.249840830771,-236.8198760871
70,35,488,-2.307677804215e-16,1.392659117373e-14,-2.735979210608e-15,3734.25724694,0.9632425440405,-232.9781459841
70,35,489,-1.851801009656e-16,1.406653583557e-14,-3.3888175137e-15,3682.636868203,3.597524497,-235.1318917797
70,35,490,-2.990947231769e-16,1.410772399202e-14,-1.510600987616e-15,3666.662375986,2.681283199009,-235.7587139594
70,35,491,-2.362821754895e-16,1.416090562816e-14,-2.26795365306e-16,3784.574891513,-4.836702528582,-236.8584237134
70,35,492,-2.497747914624e-16,1.422535419481e-14,-5.073220301049e-16,3712.775757937,1.028790549819,-237.4002922764
70,35,493,-2.649241192082e-16,1.408882015842e-14,1.084158150465e-16,3759.007475894,-1.608517079821,-234.822066218
70,35,494,-2.808189899395e-16,1.432881324173e-14,6.071558720103e-16,3794.467160705,0.4322570394844,-238.3170630228
70,35,495,-1.942467023544e-16,1.41260613194e-14,-2.860339882165e-15,3663.518763318,0.682994614292,-236.4889001038
70,35,496,-2.517099036907e-16,1.43094048414e-14,-1.424880681742e-15,3711.522700235,0.4547436034439,-238.4131622902
70,35,497,-2.633969046162e-16,1.419837163151e-14,-3.624579142762e-15,3717.378601183,-0.3696858469929,-237.5695476834
70,35,498,-2.321060370081e-16,1.420586894875e-14,-5.097936875749e-16,3582.044832201,-1.299298461867,-237.0940586418
70,35,499,-2.889271195076e-16,1.421248911614e-14,-2.294883100586e-15,3737.572988381,0.4104700109397,-237.6745478313
70,35,500,-2.480918255969e-16,1.416959283293e-14,-1.490056113238e-15,3756.248110483,1.230640763021,-236.8388013634
70,35,501,-2.220854534599e-16,1.420433513574e-14,-2.420158590092e-15,3719.260091285,2.450062594179,-237.3486375009
70,35,502,-2.614874878145e-16,1.416664535065e-14,-4.288839653849e-16,3687.526976161,1.563851956361,-237.12325702
70,35,503,-2.116570261449e-16,1.413696381494e-14,-1.133374120759e-15,3736.140523216,2.47216111638,-236.1969051446
70,35,504,-2.605667463106e-16,1.419724161233e-14,-2.053298611608e-15,3709.840063233,-0.496372472439,-236.5147601627
70,35,505,-2.784450436807e-16,1.41615427037e-14,-9.480810503484e-16,3616.690374855,3.403499948229,-237.2924593749
70,35,506,-2.250394893218e-16,1.425438726031e-14,-6.24715862962e-16,3706.048350879,-0.298443067777,-237.8975650025
70,35,507,-2.356756396055e-16,1.423184257541e-14,-1.314542219876e-16,3790.64918752,2.35839949653,-238.7554036706
70,35,508,-2.396164705247e-16,1.41903164382e-14,1.013215667293e-15,3650.602821543,1.210211243421,-237.6650361799
70,35,509,-2.306129135716e-16,1.411995747773e-14,-3.729932728905e-15,3731.628131129,-0.5519833323555,-236.294714848
70,35,510,-2.296686548742e-16,1.415400477357e-14,-2.200185324758e-15,3699.85853395,-0.6313213686496,-236.6125849803
70,35,511,-2.410273606373e-16,1.416682959543e-14,-2.390035780471e-15,3652.316187586,0.07601364608578,-236.6625132234
70,35,512,-2.538346515296e-16,1.420860162634e-14,-1.256528680026e-15,3662.501191688,0.03665517826987,-236.9303960993
70,35,513,-2.617678155213e-16,1.426636304342e-14,2.223050704259e-15,3754.627961441,4.34159333396,-238.6781148996
70,35,514,-2.372825867726e-16,1.418194963766e-14,-4.261009444944e-15,3681.813138343,-0.5468279963131,-236.5916300769
70,35,515,-2.655085705383e-16,1.42670347832e-14,-1.421212349093e-15,3725.896420301,0.6453083251013,-238.2701330065
70,35,516,-2.633754905882e-16,1.417096384906e-14,-2.467625275908e-15,3696.812917789,0.3135811196447,-236.2388156002
70,35,517,-2.460273547405e-16,1.421512568798e-14,-3.950242090171e-16,3656.208305064,1.188704791574,-237.6804829585
70,35,518,-2.477974479828e-16,1.423222420739e-14,6.839204529423e-16,3612.279142027,-0.5824337166023,-237.4465304666
70,35,519,-2.139553429263e-16,1.417323100387e-14,-2.256232529093e-15,3734.574387008,0.238102428,-237.2240739741
70,35,520,-2.838109271083e-16,1.428509475434e-14,-7.122810496573e-16,3639.200118199,-0.87001443376,-238.4351765129
70,35,521,-2.609705946266e-16,1.409733666238e-14,-2.303220575959e-15,3764.964683154,-2.110568293377,-235.3041304814
70,35,522,-1.999447373981e-16,1.411320275946e-14,-1.037117526215e-15,3707.200699106,3.034527104428,-235.8171521288
70,35,523,-2.588384263315e-16,1.422957651594e-14,-2.733545655628e-16,3828.969257951,1.713222396116,-237.276768032
70,35,524,-2.515516927727e-16,1.418466003341e-14,-2.791862595658e-15,3630.66998999,-2.610960979811,-237.1103395106
70,35,525,-2.709247402985e-16,1.412537610061e-14,-4.790105779802e-16,3707.914574055,1.15510464376,-236.1688557135
70,35,526,-2.963770227844e-16,1.437755185906e-14,-7.580982252002e-17,3593.698367273,1.098233422603,-240.4050276988
70,35,527,-2.41287782014e-16,1.414234339314e-14,-9.344251295604e-17,3704.998594674,4.245600788984,-235.7349283477
70,35,528,-2.677723190366e-16,1.411217567664e-14,-1.407347995061e-15,3717.598661195,1.162205559911,-234.9826454818
70,35,529,-2.488239593473e-16,1.400086391881e-14,1.151561327936e-16,3691.332618441,1.537542114054,-234.3713988072
70,35,530,-2.238127849989e-16,1.411058184611e-14,-2.141056650358e-15,3759.244132509,-3.75334881364,-236.1469874092
70,35,531,-2.462592893761e-16,1.398839499223e-14,-1.57443062241e-15,3737.463355508,-1.119445893277,-233.7065571579
70,35,532,-2.558528867371e-16,1.415190461542e-14,-1.2950450872e-15,3533.197440358,-4.445265296194,-235.7205310144
70,35,533,-2.518536692783e-16,1.432360906512e-14,-4.892099856308e-16,3873.631950938,1.020326635691,-239.2714965842
70,35,534,-2.436244582735e-16,1.428024091125e-14,-8.342402918501e-16,3702.657740406,-2.208994447849,-238.9907284919
70,35,535,-2.877775754741e-16,1.409174616394e-14,-7.597805875601e-16,3719.875611225,1.662775511492,-236.1941268503
70,35,536,-2.186784248754e-16,1.419989565203e-14,-4.005907030873e-15,3780.530553193,0.8009086023865,-237.2635027257
70,35,537,-2.267778521152e-16,1.417370807975e-14,1.877142188447e-15,3828.611535775,2.558023921634,-237.3787169934
70,35,538,-1.846040782829e-16,1.42819498971e-14,4.991189815427e-16,3657.497834072,-0.1213693581701,-238.4329323504
70,35,539,-2.360257731214e-16,1.42937031846e-14,-2.913676876104e-15,3745.331109459,0.4852193926715,-239.1954908401
70,35,540,-2.712433747656e-16,1.424132934221e-14,-9.066963162808e-16,3643.880376274,0.2830699645106,-237.7238298151
70,35,541,-2.257058030863e-16,1.406540989687e-14,-1.74223831828e-15,3765.129098876,3.192969173503,-235.417950876
70,35,542,-2.455183297979e-16,1.417804906739e-14,-8.715936994933e-16,3820.068560799,1.796942019339,-236.6688392773
70,35,543,-2.651528036675e-16,1.417630440703e-14,-8.283473026351e-16,3584.636081172,1.631426609432,-236.7436034399
70,35,544,-2.361873463043e-16,1.418174096127e-14,2.301443868474e-15,3657.428877249,1.075429672329,-236.601452159
70,35,545,-2.5255113891e-16,1.421231038029e-14,-5.66876281083e-15,3659.542366907,-1.009337446193,-237.5666014161
70,35,546,-2.276566705454e-16,1.398459166882e-14,-8.428476414191e-16,3701.04197201,-1.189632603493,-232.6674318807
70,35,547,-2.156752813877e-16,1.419313991005e-14,-1.592869555541e-15,3710.192209093,-2.038301614397,-236.7541826493
70,35,548,-2.269293301608e-16,1.419432040144e-14,-1.312279306979e-15,3619.670252942,0.8953798414958,-236.8840544172
70,35,549,-2.373642625315e-16,1.40673907008e-14,-3.332551137014e-15,3624.118201754,1.297158281353,-235.6156677554
70,35,550,-1.959603428921e-16,1.409311013817e-14,-6.573174536412e-16,3652.701053366,-3.244017498349,-234.9764577103
70,35,551,-2.116849206399e-16,1.41340197124e-14,-1.26679058428e-15,3690.274282082,-1.628261584587,-235.521219145
70,35,552,-2.149325431033e-16,1.409927177678e-14,2.035589245123e-15,3882.797055143,-0.5857023258928,-235.2805669877
70,35,553,-2.074673493864e-16,1.419497057047e-14,-3.442086991039e-15,3762.339655886,-2.956317213227,-236.8202462577
70,35,554,-2.040930674822e-16,1.414017818662e-14,-2.869893999208e-16,3789.188865452,-3.662555911346,-236.0998731991
70,35,555,-2.020596254632e-16,1.41624790727e-14,-1.044351004041e-15,3823.060789786,-0.530711890619,-236.2147162153
70,35,556,-2.731973540081e-16,1.427415250961e-14,1.013131631177e-15,3659.350711132,0.6846586404125,-237.8980920398
70,35,557,-2.74361252075e-16,1.409184908513e-14,-2.290944334677e-15,3811.969043818,0.5342102596906,-235.7820820253
70,35,558,-2.550126176492e-16,1.426555324232e-14,-3.425372181717e-15,3816.376908237,-4.140536144058,-237.8539730938
70,35,559,-2.046914421038e-16,1.421322052432e-14,-3.120298039732e-15,3780.198934132,-0.934243245142,-237.106159913
70,35,560,-2.766476142776e-16,1.421097598232e-14,-7.637869150167e-16,3691.107687009,0.3864358291099,-237.442364483
70,35,561,-2.455916308347e-16,1.412363201204e-14,5.458172882798e-16,3736.102289223,-2.740510146085,-236.4318607464
70,35,562,-2.033609869037e-16,1.411019130467e-14,-5.620190472661e-16,3671.744279518,0.5204447062909,-235.8250289013
70,35,563,-2.305853351122e-16,1.419500655409e-14,-2.368420504155e-15,3712.630596303,-1.37218791243,-236.1574112643
70,35,564,-2.17255547928e-16,1.411776825124e-14,4.574751819253e-16,3752.157904688,0.2409474939742,-236.0433465738
70,35,565,-2.227574115394e-16,1.426876028112e-14,-3.296343231399e-15,3641.87383572,0.4436139252483,-237.1498607011
70,35,566,-2.243413904276e-16,1.429876047223e-14,-1.375218923737e-15,3633.759509288,-0.8889707846728,-239.2761247933
70,35,567,-2.534459989885e-16,1.414741622148e-14,-4.791747225036e-16,3647.481950124,-3.844535760199,-235.489282095
70,35,568,-2.158260412277e-16,1.405701208997e-14,-8.973605147823e-16,3663.100877428,-2.962360841308,-234.7305452386
70,35,569,-2.455343646291e-16,1.417147985131e-14,-8.648031850106e-16,3599.857499919,0.2169544763825,-236.7995887203
70,35,570,-1.853165306359e-16,1.403559011125e-14,-3.415777926804e-15,3766.157617463,1.508905209762,-234.9490016228
70,35,571,-2.621090618676e-16,1.416784402589e-14,-9.874466391985e-16,3678.434498873,1.406623796699,-236.4682364017
70,35,572,-2.092586633037e-16,1.404258673286e-14,4.537638220246e-17,3685.221505726,-0.3168235493773,-235.1274021843
70,35,573,-2.309315946758e-16,1.431467559924e-14,-2.558337055205e-15,3706.422444424,0.5230877986019,-238.4329619173
70,35,574,-2.079061992438e-16,1.413929948855e-14,-2.489298663291e-15,3558.77009173,-3.140609226575,-236.2841260725
70,35,575,-1.834724824073e-16,1.417744994909e-14,-1.663442919431e-15,3684.745198777,0.3676344956094,-236.8767043222
70,35,576,-2.035228367733e-16,1.405380955808e-14,-5.683544458058e-16,3682.192434036,1.569763362905,-234.2994648457
70,35,577,-2.661983957318e-16,1.411655934082e-14,-1.984852013061e-15,3591.492176972,-0.6789879217115,-235.3448089932
70,35,578,-2.372568988473e-16,1.418273082915e-14,-4.568210434662e-16,3742.658838242,0.4267744854808,-237.0055892859
70,35,579,-2.153735561695e-16,1.414131633779e-14,-2.158790573701e-15,3892.435275433,0.8540635695476,-235.6806064831
70,35,580,-1.878915299446e-16,1.417257343762e-14,-3.929170000758e-16,3498.962238251,0.9068408884249,-236.221610268
70,35,581,-2.469458301552e-16,1.433472785853e-14,-3.799934338564e-16,3525.238416406,-1.353004393709,-239.4658159375
70,35,582,-2.503385606438e-16,1.411541769201e-14,-1.545632980208e-15,3655.407496037,-0.2532642439915,-235.4557573223
70,35,583,-2.389424133064e-16,1.411719900657e-14,-2.817628788426e-15,3794.016197419,0.9412543398553,-236.6006885458
70,35,584,-2.158176358899e-16,1.417983765656e-14,-3.243831811415e-15,3656.914739965,-3.568976067363,-236.8994607086
70,35,585,-2.68235480398e-16,1.436277750669e-14,-2.695730338406e-15,3673.851434122,1.226648252229,-239.4405551313
70,35,586,-2.247164439699e-16,1.420594710393e-14,-2.579549735468e-15,3802.943741291,-0.9172104090249,-237.1714398461
70,35,587,-2.348805938187e-16,1.40679670734e-14,-1.665875720414e-15,3727.369937727,-3.490452374509,-235.8707067107
70,35,588,-2.533685943596e-16,1.408646713486e-14,-1.972077464448e-15,3766.020749774,3.239071736793,-234.9696251109
70,35,589,-2.66731426779e-16,1.429096879263e-14,-2.279849907745e-15,3659.254302233,0.3107914874351,-238.3023738827
70,35,590,-1.966791741115e-16,1.412874883677e-14,1.530405327284e-16,3694.36943284,0.3589786379938,-236.8242995606
70,35,591,-2.538769556054e-16,1.413518199897e-14,-2.595079458556e-15,3755.075677168,-0.8752573393674,-236.3942536839
70,35,592,-2.079005493027e-16,1.418994527469e-14,-2.237315074211e-15,3659.18996548,-1.226224915645,-236.88075089
70,35,593,-2.560590931953e-16,1.427879704859e-14,-2.174924359849e-15,3739.663632088,-1.332383025362,-238.0659644789
70,35,594,-2.409402071272e-16,1.425594782983e-14,-4.668827518391e-16,3779.884555441,-0.2065845055007,-238.6142260263
70,35,595,-2.864254152181e-16,1.42725458876e-14,-1.721565077279e-15,3666.072198795,-2.895208479956,-238.4805459611
70,35,596,-2.28167652846e-16,1.407093162473e-14,-2.248666612761e-15,3693.146891381,3.717385362923,-235.083086504
70,35,597,-2.319429869435e-16,1.413751443318e-14,-1.711406258605e-15,3639.812435761,0.07992875718638,-236.7372796989
70,35,598,-2.288965447544e-16,1.423626878597e-14,-2.414711360481e-16,3902.651194717,2.536413654036,-237.4919212062
70,35,599,-2.919758172659e-16,1.411127867426e-14,6.157207415698e-16,3616.490411656,0.6849113099238,-236.3625357009
70,35,600,-1.999019246406e-16,1.412526981416e-14,6.888434874855e-16,3605.278560862,-1.677330245196,-236.5216153512
70,35,601,-2.114638830598e-16,1.416310061992e-14,1.124976686101e-16,3745.52076411,1.586681030623,-236.1683822863
70,35,602,-2.362014049936e-16,1.427111193652e-14,-2.423950333354e-15,3642.490021231,-1.179496430895,-237.9896247898
70,35,603,-2.321111403169e-16,1.425032037023e-14,-3.870923982301e-15,3711.962377099,2.028857671787,-237.9111964813
70,35,604,-2.497593920622e-16,1.423929860456e-14,-6.043049263084e-16,3680.354453506,0.6928774880831,-237.8311225953
70,35,605,-2.436162480739e-16,1.428091578485e-14,-2.309572779493e-15,3713.730364487,0.4785633577912,-238.5185098598
70,35,606,-2.868788869302e-16,1.412453815196e-14,1.446910686258e-15,3662.634877462,-2.843412030784,-236.2884390273
70,35,607,-2.193240608082e-16,1.404750899167e-14,-1.363626882791e-15,3600.356673598,0.1457333051857,-234.4325410472
70,35,608,-2.599913370433e-16,1.428448339816e-14,-4.577510276237e-17,3705.642662773,0.2234180446857,-238.3889687164
70,35,609,-2.284987071841e-16,1.4369784268e-14,-1.675472905389e-15,3730.958869496,-1.07895830417,-239.3222885184
70,35,610,-2.392100318799e-16,1.416560328375e-14,-3.803948429817e-15,3755.356823282,-0.3198443493683,-236.6777282
70,35,611,-2.577962385557e-16,1.414291355896e-14,-5.543639270863e-16,3695.44071051,4.770538300591,-236.3217395025
70,35,612,-2.092410068078e-16,1.410543961211e-14,-5.104172275414e-15,3832.375138428,2.086915657156,-235.2982926492
70,35,613,-2.515407895117e-16,1.421181588143e-14,-4.924843638272e-15,3747.047937069,0.7101269655823,-237.8437983176
70,35,614,-2.45631493695e-16,1.423023342115e-14,-1.471533731167e-16,3699.379048028,-0.7969261076195,-238.1094279384
70,35,615,-2.51906962673e-16,1.411604853058e-14,-1.361305523395e-15,3713.583430433,2.251937967343,-236.4681188403
70,35,616,-2.528654281696e-16,1.41174626987e-14,-3.282467106721e-15,3783.820208621,-1.051928669919,-236.4959725371
70,35,617,-2.471668299663e-16,1.413189296127e-14,-1.251199272027e-15,3740.74355757,2.11720669135,-235.9951505013
70,35,618,-2.306600699902e-16,1.408555050865e-14,-4.565649231676e-16,3701.934892218,1.548587219551,-235.2427775198
70,35,619,-2.451636395477e-16,1.414249476253e-14,9.108186203965e-17,3679.520371847,-1.043384275582,-236.3849924504
70,35,620,-2.21959764248e-16,1.42544636918e-14,-1.162486985787e-15,3723.626897241,2.408459122658,-238.2758023027
70,35,621,-2.353368623689e-16,1.427273706406e-14,1.130502025984e-16,3666.05012568,0.8571362530843,-238.6750579193
70,35,622,-2.363220799645e-16,1.416779753039e-14,5.379970356489e-16,3587.238621743,-0.786043334579,-236.0951929599
70,35,623,-2.603451651365e-16,1.429294583081e-14,-8.299305332859e-16,3712.044822563,1.230550183471,-238.5184018124
70,35,624,-1.847381544503e-16,1.40588150526e-14,-1.634958856557e-15,3761.16002054,-0.6135672761817,-235.3473915313
70,35,625,-2.719128378981e-16,1.416229485516e-14,-2.667549853175e-15,3829.423953142,2.436014571314,-236.801822307
70,35,626,-2.505796316941e-16,1.41580175943e-14,-2.925396889753e-15,3786.962704869,-0.5501253304794,-235.6410665145
70,35,627,-3.049259029273e-16,1.416315205031e-14,-2.209642523895e-15,3767.014641064,0.4158648799514,-236.7313400093
70,35,628,-2.353599991866e-16,1.419223796164e-14,-3.898915807626e-15,3703.887932033,-0.04134235628346,-237.8034186672
70,35,629,-2.272648193186e-16,1.409345776313e-14,3.160428194187e-16,3811.065506614,0.07003235301193,-235.374742823
70,35,630,-2.437981162094e-16,1.410401295373e-14,1.227659040936e-15,3662.243358668,0.5719164276324,-235.4832717137
70,35,631,-2.664730192024e-16,1.403173060986e-14,-2.097819252622e-15,3663.498617188,-1.320384691937,-234.7378628253
70,35,632,-2.566723491453e-16,1.427111212311e-14,-1.076243148871e-15,3805.62578414,3.038444948894,-237.8957782653
70,35,633,-2.189793151465e-16,1.426813270791e-14,-6.035207266003e-16,3654.416461982,4.518677348013,-238.1841265174
70,35,634,-2.207605005281e-16,1.397325002854e-14,1.875242325453e-15,3728.15766703,1.921168908788,-233.3467616632
70,35,635,-1.940655297637e-16,1.427802020628e-14,-2.82465582649e-15,3644.085058347,-1.40490457664,-239.3286727044
70,35,636,-1.935815827756e-16,1.405343934653e-14,-1.11371151898e-15,3731.150309826,0.491000494351,-235.5980190118
70,35,637,-2.220747856199e-16,1.427598823535e-14,-7.449237981166e-16,3663.675649873,1.865077383017,-238.8886965837
70,35,638,-2.972847457197e-16,1.42186391157e-14,7.968116493713e-16,3688.542951036,1.149575400827,-237.5941729603
70,35,639,-2.76972693846e-16,1.408520223312e-14,-2.325082320947e-15,3626.789184126,-1.966084957385,-235.6790020327
70,35,640,-2.317919763445e-16,1.420351491156e-14,1.494858862295e-15,3842.839264923,-1.198525162715,-236.774610615
70,35,641,-2.312891881948e-16,1.404743563078e-14,3.894549165641e-16,3648.105810503,-1.887766856473,-234.0787719716
70,35,642,-2.251772059389e-16,1.411502999003e-14,-1.884389575777e-15,3608.254295377,3.821094422676,-236.0225531128
70,35,643,-2.513896051844e-16,1.430150705133e-14,-3.004785605599e-15,3704.228720389,-2.205071297415,-238.1578191166
70,35,644,-2.256107554819e-16,1.419398889217e-14,5.4842789235e-17,3717.361868719,-0.661087808548,-236.9640201453
70,35,645,-2.230440307724e-16,1.413958702205e-14,-1.161426285007e-15,3604.723706467,1.752807415339,-236.0812286322
70,35,646,-2.164281790958e-16,1.427174459962e-14,3.286766146303e-16,3757.661068443,-0.8204580852409,-238.4406241514
70,35,647,-2.05968647974e-16,1.403522105018e-14,-1.351849948266e-15,3697.220700517,0.3177385134925,-234.2232457451
70,35,648,-2.211044226248e-16,1.41485307527e-14,-2.940258370147e-16,3870.622156471,2.471750831195,-235.8683643565
70,35,649,-1.856422684525e-16,1.41774130852e-14,-3.065244651573e-15,3708.37074849,-0.3682272896845,-236.5788488311
70,35,650,-2.607833934222e-16,1.415299558328e-14,-1.34151719948e-15,3779.993541648,1.908712700936,-236.4279305412
70,35,651,-2.669017525434e-16,1.415447741186e-14,-3.348734122542e-15,3841.512057598,-6.34616697517,-236.272848357
70,35,652,-2.45271414292e-16,1.417633694291e-14,-1.304217406601e-15,3686.810338154,-1.255026920519,-236.8422240048
70,35,653,-2.478282546025e-16,1.416284101086e-14,-7.077297112465e-16,3683.324131757,-3.359777745064,-236.1447169546
70,35,654,-2.185981392928e-16,1.419861135354e-14,-4.414339247845e-15,3725.874047817,-1.158525263666,-236.9819538334
70,35,655,-1.881546127304e-16,1.41747511547e-14,-4.386900202048e-15,3723.499417481,-2.147866774776,-236.9286806938
70,35,656,-2.43448388378e-16,1.418346430897e-14,-2.566267706261e-15,3698.269202069,0.5283051461819,-236.9037486223
70,35,657,-2.247847319546e-16,1.429644895607e-14,8.018742778437e-16,3667.654354934,2.133737710743,-238.7920977601
70,35,658,-2.092023069854e-16,1.408174349545e-14,-1.179143488613e-15,3439.02283648,0.257822494716,-235.8597834488
70,35,659,-2.30202409743e-16,1.426533196513e-14,-1.359068399691e-15,3743.310389276,-1.182086400957,-238.5665793577
70,35,660,-2.431088650985e-16,1.423588993319e-14,-5.241615223499e-16,3844.98101328,3.050954566282,-238.1707186388
70,35,661,-2.282900229241e-16,1.424056765451e-14,-7.022228565755e-16,3732.297183708,-0.6971189844338,-237.577560932
70,35,662,-2.632444550674e-16,1.413195803007e-14,-7.69100288505e-16,3703.240687451,-0.4579643822625,-236.6630865295
70,35,663,-2.485496307605e-16,1.426584069478e-14,7.337597184435e-16,3663.68243335,2.891201134031,-238.6494897327
70,35,664,-2.47343661776e-16,1.411508793217e-14,-1.191091652633e-15,3824.100692515,-2.831711628192,-235.7128893599
70,35,665,-2.947296390394e-16,1.428109163573e-14,-2.608149352717e-15,3643.577051089,-2.84765492383,-238.637243901
70,35,666,-1.902135237567e-16,1.414357330406e-14,-9.1136564864e-16,3677.608582844,0.3794752621037,-235.957027928
70,35,667,-2.198726227059e-16,1.415392570612e-14,-5.359875285384e-16,3590.527570802,1.16345180581,-235.9697278373
70,35,668,-1.924681754628e-16,1.405851874174e-14,-2.871113672237e-15,3715.198235536,-0.3651505489552,-234.8978042405
70,35,669,-2.442321467408e-16,1.426241283379e-14,-2.720027455338e-15,3628.60958833,-0.08143951627675,-238.1817933206
70,35,670,-2.337700190205e-16,1.403204487832e-14,4.247508146476e-16,3567.416136783,-1.995283929378,-235.4666515665
70,35,671,-2.668055844959e-16,1.42644523796e-14,-2.603802337464e-15,3688.349130735,0.7740794317123,-238.1179473313
70,35,672,-2.047712993648e-16,1.420720345374e-14,-2.556843472241e-15,3729.883549375,-1.120991808338,-237.6287837182
70,35,673,-2.150511613919e-16,1.413105470186e-14,-9.394866773797e-16,3620.739782804,-1.232525469905,-235.644434906
70,35,674,-2.1950983805e-16,1.400075628007e-14,-2.092943098315e-15,3692.535842963,-1.841812724933,-233.7556346961
70,35,675,-2.365851947878e-16,1.418144037441e-14,-1.11363417529e-15,3574.541053004,0.3974519522489,-236.9389590952
70,35,676,-2.174841084058e-16,1.399013500715e-14,-2.239547783198e-15,3838.29494408,-0.9145847803805,-234.2971123536
70,35,677,-2.42386424621e-16,1.412000620075e-14,-1.298003789562e-15,3753.156521829,-0.5908520970573,-236.2761263538
70,35,678,-1.916448666213e-16,1.417657387885e-14,3.786543921992e-16,3769.521842677,0.6798798141728,-236.7090291946
70,35,679,-2.535547772832e-16,1.420445004227e-14,1.133108179095e-15,3581.366075364,-1.571102450709,-237.0709157997
70,35,680,-2.261471123266e-16,1.404837465744e-14,-5.425731681285e-16,3591.029847189,0.341133708938,-235.1679631454
70,35,681,-2.112039664048e-16,1.410633837479e-14,-9.074866411388e-16,3680.36482603,-2.834021143983,-235.3410151337
70,35,682,-2.436341268313e-16,1.410451130951e-14,-3.111379447176e-15,3642.071069822,0.6547140341006,-235.9617627392
70,35,683,-2.805685673473e-16,1.428455291944e-14,-3.173612560937e-15,3710.228755752,1.792325629506,-238.695242045
70,35,684,-2.589281621501e-16,1.410988507375e-14,-1.529715663333e-15,3663.024894643,0.03829789188664,-236.0433644941
70,35,685,-2.224233781032e-16,1.41198358942e-14,-2.435736495787e-15,3696.887150917,0.3344276522317,-236.1067465839
70,35,686,-2.46694745461e-16,1.421520043932e-14,-5.686124608671e-15,3676.948534962,-0.9757384272801,-237.2342379793
70,35,687,-1.989579321275e-16,1.415186076462e-14,-1.097234962145e-15,3866.573052694,-1.305706747227,-236.4775876338
70,35,688,-2.851607846978e-16,1.418589545649e-14,5.223342640498e-16,3754.321917651,-2.242623301243,-237.0091275171
70,35,689,-2.316835050106e-16,1.409296855302e-14,-4.260654350681e-15,3705.775427146,3.034899322703,-235.7211522063
70,35,690,-2.345639488005e-16,1.433612251688e-14,1.06883600044e-15,3703.363746291,-1.807159903387,-238.8614048655
70,35,691,-1.82989599306e-16,1.427152248399e-14,-1.877378262054e-15,3628.3530157,1.127724462671,-237.9309036151
70,35,692,-1.981937159392e-16,1.413596974576e-14,1.804186800477e-15,3792.042195906,0.8781306054036,-235.9982452967
70,35,693,-2.650543883201e-16,1.411583105232e-14,2.17189182645e-15,3575.408200746,-2.561110423724,-235.8360612786
70,35,694,-2.6278816467e-16,1.409197379539e-14,-7.277443655513e-16,3727.951988589,-0.3524314423897,-235.0045040717
70,35,695,-2.233312351982e-16,1.419818459827e-14,-4.239120569447e-15,3738.067787671,0.6907119371984,-236.8307592021
70,35,696,-2.633144286817e-16,1.434882729068e-14,-1.69037705325e-15,3612.897647131,0.3223352789368,-239.6908247582
70,35,697,-2.52234824883e-16,1.433827436169e-14,-8.618758106206e-16,3675.310544002,-0.3869237752692,-239.1654787865
70,35,698,-2.320603592572e-16,1.424785874864e-14,-1.646729388583e-15,3559.207298489,-3.305661935798,-237.6323889352
70,35,699,-2.744259298195e-16,1.42253849388e-14,-1.639002204292e-15,3589.377407075,1.33359386227,-237.7798125799
70,35,700,-2.155923312471e-16,1.413994672455e-14,-1.31152670206e-17,3743.901339051,-1.562699694541,-236.5082285167
70,35,701,-1.74288959631e-16,1.405149293745e-14,-1.989976640033e-15,3670.342152969,-0.6094942180496,-235.0082800471
70,35,702,-2.544821877773e-16,1.402887813359e-14,2.366452547934e-15,3894.298364548,1.281733705012,-234.312970083
70,35,703,-2.209335710393e-16,1.409844831716e-14,-2.379999135156e-15,3757.302343105,2.328264990645,-235.3359326002
70,35,704,-1.952556148293e-16,1.426042140271e-14,-1.66218807555e-15,3698.826777399,0.2651258983476,-238.2353158653
70,35,705,-2.172006284663e-16,1.414185474247e-14,-3.300880563069e-15,3824.315431555,-0.7321391215986,-236.234182692
70,35,706,-2.148100965763e-16,1.42172772397e-14,-3.911907370696e-17,3661.857144148,0.8072610353296,-237.7194730902
70,35,707,-2.116583137314e-16,1.429752153067e-14,-7.824689915853e-16,3710.827570555,2.585535449042,-238.7414243896
70,35,708,-2.587603052643e-16,1.412665155837e-14,-9.349639679312e-16,3651.994080131,-1.736872101923,-236.5190165643
70,35,709,-2.24205601169e-16,1.428120013193e-14,-2.734544738944e-15,3689.155606534,0.3163796800787,-238.2067222859
70,35,710,-2.332063026976e-16,1.406069566907e-14,-2.976973469906e-16,3765.126159899,-1.505685142375,-234.3664518565
70,35,711,-2.017262973316e-16,1.415696193184e-14,-8.787714207798e-16,3806.643041162,-1.957779043203,-236.0451029906
70,35,712,-2.229334453744e-16,1.417031670484e-14,1.188616276415e-15,3613.161699326,0.05178809886953,-236.0304967168
70,35,713,-2.671178728353e-16,1.41762569512e-14,-1.002887960817e-15,3692.073028324,0.8985997042218,-237.3259062035
70,35,714,-2.005851761857e-16,1.421242317092e-14,-1.369180588247e-15,3538.925708733,0.3045709549648,-237.4947408237
70,35,715,-1.996056105645e-16,1.423543075161e-14,8.379822711423e-16,3645.85063435,1.233681813025,-237.5173574597
70,35,716,-2.233897934568e-16,1.419505440447e-14,-8.907177971542e-18,3626.195214996,0.4511348034775,-237.5964000626
70,35,717,-2.883122114413e-16,1.425155014072e-14,-7.431070730734e-16,3660.154320598,2.073674161492,-238.0380107614
70,35,718,-2.751013131697e-16,1.392218510673e-14,-1.958909057803e-15,3502.84926052,0.6932569823327,-232.8101964291
70,35,719,-2.200000121018e-16,1.4128742002e-14,-1.358770298246e-15,3650.090194159,1.669918420396,-235.684876385
70,35,720,-2.379728001171e-16,1.421704322803e-14,-7.665616408264e-16,3746.284749697,-0.6016328776826,-238.4341969231
70,35,721,-2.021137138048e-16,1.416405954202e-14,-1.816942831975e-15,3682.829427033,0.5414313526255,-236.8532560052
70,35,722,-2.346175935453e-16,1.414149547892e-14,-3.40506802069e-16,3772.54782457,-2.192160807367,-235.8496005902
70,35,723,-2.288521796737e-16,1.424907754231e-14,-2.182282113954e-15,3700.574900128,-2.142466448521,-238.1048578525
70,35,724,-2.613444072055e-16,1.41421474016e-14,3.695518014661e-16,3680.982628691,-1.767608631522,-236.4271974956
70,35,725,-2.489132894459e-16,1.409675406196e-14,-2.876797846995e-15,3669.755805372,-4.708465184019,-235.5120952126
70,35,726,-2.157449760146e-16,1.416569715822e-14,-2.050019592322e-15,3687.076191972,2.237693356902,-237.3838707461
70,35,727,-2.354437483803e-16,1.430372983966e-14,-3.913440976553e-15,3713.166819546,-1.251074089645,-239.0830099519
70,35,728,-1.945244155968e-16,1.423911583183e-14,-1.137690067272e-15,3665.284336296,1.448668692462,-237.035470607
70,35,729,-2.24348487542e-16,1.422948975664e-14,-3.805105781835e-15,3439.189400792,1.005925141678,-238.08639381
70,35,730,-2.328048153783e-16,1.410969913942e-14,-2.874746973012e-15,3650.998127056,1.844186033218,-236.4131987818
70,35,731,-2.381492134364e-16,1.428783367168e-14,-6.215029817616e-16,3798.192107375,-0.8521020493818,-238.4784263639
70,35,732,-2.168925565408e-16,1.428431658233e-14,1.537609877617e-16,3623.483328066,-0.7492226174254,-237.6865886567
70,35,733,-2.362252456396e-16,1.421987887082e-14,-5.194255553384e-16,3615.066525635,-0.7075386589233,-237.1070995424
70,35,734,-2.2450949774e-16,1.40659008256e-14,-1.370841519497e-15,3643.361186096,-1.242287746956,-235.3495112103
70,35,735,-2.460068128657e-16,1.420867541543e-14,1.033064552532e-15,3544.030092415,-1.615680733642,-237.4552645462
70,35,736,-1.873187795835e-16,1.423651118898e-14,-3.037707640925e-15,3631.296648889,0.7600413884861,-237.5141381355
70,35,737,-2.808508344314e-16,1.413201364672e-14,-3.987946015352e-15,3740.794381212,0.5206114208766,-236.1699028166
70,35,738,-2.269499340008e-16,1.412077653464e-14,-1.868765697937e-15,3674.737100961,-1.658555345162,-235.8070336297
70,35,739,-2.517972891513e-16,1.424967267862e-14,-1.187245455411e-15,3707.752196064,1.575236147465,-237.6725786863
70,35,740,-2.595629622521e-16,1.413312651632e-14,-9.545923419145e-16,3719.350619104,-0.8855055687592,-236.5434528492
70,35,741,-2.333826135545e-16,1.406915780574e-14,4.110689927198e-16,3763.296385842,4.696463579653,-234.8720257429
70,35,742,-2.68128897385e-16,1.414114985416e-14,-1.536685155676e-15,3846.214800661,0.5675992625666,-236.1757994636
70,35,743,-2.462624687555e-16,1.433955457807e-14,-7.808560524649e-16,3678.957007143,0.4927557763482,-238.4514674583
70,35,744,-2.219805628492e-16,1.429492860374e-14,-1.661275335383e-15,3554.575186567,-1.675489692235,-238.6341951977
70,35,745,-2.094618727896e-16,1.414674727753e-14,-1.108148617089e-15,3590.247011605,-0.4050035401954,-236.5341783196
70,35,746,-2.094450705994e-16,1.426769555016e-14,-1.623503336441e-15,3665.764715525,2.405932469673,-238.4468915506
70,35,747,-2.503115659864e-16,1.425793459767e-14,-2.096350155869e-15,3591.41599351,-0.1197211943652,-238.019984208
70,35,748,-2.238824098919e-16,1.405376650848e-14,-3.122848670719e-15,3667.783160251,-3.28825010557,-235.3421876558
70,35,749,-2.297092899743e-16,1.412683432458e-14,-2.638918893619e-15,3668.281010641,-0.6529942258948,-236.1760438076
70,35,750,-2.320011119735e-16,1.427480580435e-14,-1.927807197419e-15,3765.39153235,-1.375683645467,-237.983269966
70,35,751,-2.438988440768e-16,1.421859381714e-14,-2.730685669067e-16,3710.362772979,0.9194465845764,-236.9557805041
70,35,752,-2.196917575428e-16,1.407829328615e-14,-1.745369439106e-15,3816.561190886,-0.2362666061982,-235.6159668685
70,35,753,-2.564848553042e-16,1.412833834098e-14,5.225122383269e-16,3717.717433734,1.895648388896,-236.5186858936
70,35,754,-1.920306160326e-16,1.406698039755e-14,-1.959330368277e-16,3707.909457223,-2.551513484039,-235.4537638579
70,35,755,-2.304111362127e-16,1.429462969629e-14,3.012808524527e-16,3596.014419629,1.359076436823,-238.6609839568
70,35,756,-2.300717592768e-16,1.421937012708e-14,-1.228379993978e-15,3749.446106081,2.463166277778,-237.4267626288
70,35,757,-2.161103794083e-16,1.412697120119e-14,-3.855654437956e-15,3768.555367459,1.312759748391,-236.0691291335
70,35,758,-2.327039581245e-16,1.425817679488e-14,-1.700627617144e-15,3720.432295198,-1.183270269808,-238.2086973633
70,35,759,-2.304892784694e-16,1.415167243212e-14,-1.525984847752e-15,3743.737653331,1.543606789063,-236.4636375345
70,35,760,-2.723684571091e-16,1.433884970937e-14,8.071166951453e-16,3784.34021651,-2.046847035868,-238.8340768281
70,35,761,-2.03797527463e-16,1.412910986254e-14,-2.494103924825e-15,3842.003214755,-2.283791359176,-234.9580225825
70,35,762,-2.275870479045e-16,1.415887711377e-14,-2.190905822917e-15,3708.607073131,-3.028044444671,-236.2979678203
70,35,763,-2.088297890629e-16,1.419265434697e-14,-1.030678252974e-15,3763.823750471,0.8137967097617,-237.5093062166
70,35,764,-2.480406400184e-16,1.423346359867e-14,6.083459235368e-16,3870.073562497,1.040857197172,-236.9529635523
70,35,765,-2.117379277553e-16,1.42132861012e-14,-1.86340737665e-15,3731.96142639,1.70864481044,-237.5600580448
70,35,766,-2.490392858247e-16,1.434973774697e-14,-3.082220016982e-15,3737.744034995,-2.382309831978,-239.2164058402
70,35,767,-2.378145816837e-16,1.417240211469e-14,-4.565758002492e-15,3698.037826062,-3.173188067748,-236.5293995659
70,35,768,-2.87696935581e-16,1.403970363311e-14,-3.662671621288e-15,3837.030659991,0.6740144933139,-234.3203217803
70,35,769,-2.444967217903e-16,1.424856170347e-14,7.917654371815e-17,3552.424854233,2.202141601615,-237.7495113024
70,35,770,-2.536884824849e-16,1.414012320332e-14,3.617180399496e-16,3676.041776184,1.602255991094,-236.3585661881
70,35,771,-2.616547227136e-16,1.430223009918e-14,-7.240014082476e-16,3798.84264171,-0.1437682976894,-238.822735103
70,35,772,-1.823204599864e-16,1.416629590444e-14,-1.740178500161e-16,3710.67250381,3.909327251261,-236.6764312615
70,35,773,-2.390590288785e-16,1.420763086761e-14,-1.653391611425e-15,3780.19389997,0.5624295839161,-237.3464772806
70,35,774,-2.621455564496e-16,1.4205948507e-14,-3.407812137886e-15,3816.721610349,-0.3577369882003,-237.8983240736
70,35,775,-2.462723841559e-16,1.415918526149e-14,-1.353574202683e-15,3674.068465587,2.499416506831,-237.23773738
70,35,776,-2.118139184585e-16,1.408138572933e-14,-1.489746934189e-15,3650.773590433,1.34882805695,-234.4880669654
70,35,777,-2.599584822343e-16,1.417100805857e-14,-3.897817776107e-15,3756.983382423,3.664289097837,-237.2954470737
70,35,778,-2.582398328771e-16,1.424659876941e-14,-1.767609814731e-15,3660.268795794,-0.5045917190079,-238.5899725406
70,35,779,-2.183944436009e-16,1.412128935671e-14,-5.546898380318e-16,3798.057253447,1.767961881094,-235.9668328936
70,35,780,-2.236813583904e-16,1.417555458485e-14,-1.457449175623e-15,3542.816606874,0.8102510475654,-237.7504645251
70,35,781,-2.43141538198e-16,1.428638404804e-14,-3.497897669672e-15,3802.709868275,-0.7338097164988,-239.002363672
70,35,782,-2.356289272301e-16,1.431143747921e-14,2.429368058197e-16,3666.896322291,-0.7447121069873,-238.4674405531
70,35,783,-2.504817389947e-16,1.406173224914e-14,-1.675938377931e-15,3637.453363575,-0.9426411885598,-234.5035430468
70,35,784,-2.537065348171e-16,1.417584548707e-14,-2.804701543887e-15,3719.759904101,-4.581223702326,-236.4636047905
70,35,785,-2.384715181502e-16,1.428690529526e-14,9.901060687593e-16,3750.03603179,-0.6196168569177,-238.6804979618
70,35,786,-2.422613184379e-16,1.420407584247e-14,-2.942773778496e-15,3665.405820623,-4.090118276271,-236.7271969748
70,35,787,-2.43298236029e-16,1.415447726127e-14,1.890123319388e-16,3758.178820645,0.1165251393296,-236.4849001454
70,35,788,-2.694153952037e-16,1.412732322999e-14,-1.539400232366e-15,3586.000610162,-1.006209888289,-236.022194144
70,35,789,-2.41687039102e-16,1.418745505197e-14,-1.53716923806e-15,3670.162454919,-5.222781079996,-236.8024724377
70,35,790,-2.407184087661e-16,1.421234525416e-14,-5.195935151269e-17,3780.000346289,2.744291218966,-238.2680145571
70,35,791,-2.216761075462e-16,1.418138186325e-14,-3.689201867752e-15,3659.729219737,0.479184191832,-236.8298045051
70,35,792,-2.209890047416e-16,1.413687998932e-14,-1.255412205418e-15,3701.523601945,-3.726448553642,-235.7100431548
70,35,793,-2.578708037889e-16,1.417687896499e-14,-2.645505668235e-15,3704.319543334,1.436233840912,-236.0153486315
70,35,794,-2.11184098822e-16,1.422797741775e-14,-6.495626808646e-16,3762.405193999,-0.4979594360314,-237.8702534986
70,35,795,-2.216567206537e-16,1.429632415234e-14,-3.44959982601e-15,3784.736251888,0.7207784937609,-238.6081337459
70,35,796,-2.630846372945e-16,1.42584991372e-14,-3.041279436446e-15,3677.731121692,-0.8317718983897,-238.0948301819
70,35,797,-2.530791686482e-16,1.425559072905e-14,-1.951183781552e-15,3579.864559038,1.460449859028,-238.4114815324
70,35,798,-2.202362623459e-16,1.404690258044e-14,-2.202530801226e-15,3719.345309487,-2.451061884574,-235.5765600049
70,35,799,-2.624499576101e-16,1.416857091717e-14,-1.640090779008e-15,3684.017468707,-0.433530804927,-236.9562995587
70,35,800,-2.239979682855e-16,1.439926718337e-14,8.568861531696e-16,3738.326164189,2.347406762358,-240.3030444614
70,35,801,-2.447080694279e-16,1.427122546982e-14,1.501612013866e-15,3842.085243724,1.861624836272,-238.0445176341
70,35,802,-2.225674182127e-16,1.411015647307e-14,-2.183526849944e-15,3591.531290905,0.5462825418592,-235.412759611
70,35,803,-2.421251677568e-16,1.414307316462e-14,-4.641615065093e-16,3671.371036381,0.4395481612318,-236.4833465529
70,35,804,-2.337009236039e-16,1.415719603276e-14,-2.392274612199e-15,3494.718819228,-1.254109113392,-236.3805570414
70,35,805,-2.538520555979e-16,1.425205289079e-14,6.650939492713e-16,3502.399023739,1.724776918061,-237.5983752355
70,35,806,-2.37482278609e-16,1.42277634645e-14,-3.001031360439e-15,3655.382194542,0.1700177404914,-238.1336324985
70,35,807,-2.395515334499e-16,1.41911466478e-14,-2.256256830987e-15,3625.170484715,0.45656312509,-237.0090762587
70,35,808,-2.596041914352e-16,1.4139619338e-14,-1.033841996818e-15,3638.049119863,-0.9878820991467,-235.9737915066
70,35,809,-2.466502282149e-16,1.428924201289e-14,1.084966121649e-15,3751.420040755,4.204650299929,-238.5519733332
70,35,810,-2.355892702867e-16,1.401080891501e-14,-3.249956835118e-15,3668.250830775,0.5186513700979,-233.9749737173
70,35,811,-1.937328706392e-16,1.40303833126e-14,-3.239666627203e-15,3702.730451199,-2.908997695396,-235.2524043201
70,35,812,-2.692608321846e-16,1.418944182882e-14,-2.518802607957e-15,3686.919438466,-3.927060332808,-236.7002254446
70,35,813,-2.938388472888e-16,1.421366436696e-14,6.898963258925e-16,3524.076625098,0.4219844871575,-237.3199284548
70,35,814,-2.463031897555e-16,1.423329833017e-14,5.138605537339e-16,3885.136888724,3.21469437395,-238.0278919429
70,35,815,-2.167542447667e-16,1.422008723577e-14,1.230565270302e-15,3646.394651459,-4.546252929413,-237.4735164579
70,35,816,-2.826922084e-16,1.413754748737e-14,-2.233571749932e-15,3747.89203896,2.21239778237,-235.9501814096
70,35,817,-2.893584423058e-16,1.422632629119e-14,-9.762637243374e-16,3709.891887999,-4.104728084128,-238.8486474323
70,35,818,-2.839699437808e-16,1.407735465252e-14,-2.28443232918e-15,3803.78497592,-2.006621537833,-235.3430514266
70,35,819,-2.379864391028e-16,1.421920359072e-14,-5.110411313223e-16,3692.177062387,3.394442178277,-237.8304051805
70,35,820,-2.164575732898e-16,1.411627177054e-14,7.12271767463e-16,3720.329133113,-2.440711911521,-236.1111687987
70,35,821,-1.916191859646e-16,1.428422246859e-14,-2.268367969625e-15,3593.142212074,-0.4750348217524,-237.9892638318
70,35,822,-1.465504666886e-16,1.422685067254e-14,-2.819085843457e-15,3843.95866659,1.09477517758,-237.8598846518
70,35,823,-2.332685835241e-16,1.422498305201e-14,-2.783778393191e-15,3496.416595709,-0.8829616635274,-237.1104678885
70,35,824,-2.5701225495e-16,1.429154421951e-14,-3.218955974252e-15,3663.727101931,2.907337748187,-238.1464262605
70,35,825,-2.292640855191e-16,1.416274125212e-14,3.317751179545e-16,3666.817366634,3.399247944809,-237.7388339456
70,35,826,-2.539249013552e-16,1.407193578922e-14,-1.536040467565e-15,3585.693504647,2.042842567861,-236.1514031888
70,35,827,-2.078175011789e-16,1.43150826875e-14,-6.132563324437e-16,3670.439390519,-0.8280866893614,-238.0258065732
70,35,828,-2.304894934447e-16,1.420541437939e-14,-1.968068347471e-15,3846.412865117,1.484994547642,-237.5433553464
70,35,829,-2.855631649103e-16,1.405279076657e-14,-1.182328711873e-15,3618.598561352,2.572873053255,-235.4768956448
70,35,830,-2.364168407428e-16,1.403553024126e-14,2.15351732306e-15,3771.916974647,0.5200063617566,-234.6803525346
70,35,831,-1.673794428107e-16,1.408749237461e-14,-3.835060212258e-15,3661.417627029,-2.387423926175,-234.8143252347
70,35,832,-2.564059244813e-16,1.420538200961e-14,-4.366027552714e-16,3654.702229264,1.24077024735,-237.9435281718
70,35,833,-2.390972937348e-16,1.414548040633e-14,1.236561993198e-15,3542.836575259,0.2816602032456,-236.5638541458
70,35,834,-1.807153132483e-16,1.423687087351e-14,-1.205674964328e-15,3665.481445807,-1.479784406849,-238.475614158
70,35,835,-2.234656648923e-16,1.406868900794e-14,-2.861339227787e-15,3698.232776752,-1.848629765909,-235.0918063888
70,35,836,-2.355842639115e-16,1.404696561783e-14,9.258285280528e-16,3626.928914711,-2.25896735862,-235.9514977172
70,35,837,-2.184188620022e-16,1.42538353156e-14,1.004976460675e-15,3671.423799082,-1.637866041069,-238.3684412858
70,35,838,-1.892314155767e-16,1.40582621324e-14,-3.059553146288e-15,3659.551440432,-3.794655803664,-235.9616138521
70,35,839,-2.302937059312e-16,1.424671268901e-14,1.756211261825e-15,3605.670595657,-0.1858109952608,-237.7673092389
70,35,840,-2.112381621344e-16,1.419329824267e-14,-1.195522145517e-15,3815.482559975,1.187242559688,-236.6085525545
70,35,841,-2.623619414284e-16,1.410050136945e-14,-2.026186016084e-15,3722.699754691,1.242532282728,-236.7599979978
70,35,842,-2.294917294045e-16,1.405340210691e-14,-2.111113466281e-15,3777.14509103,-1.659774194911,-234.9526826343
70,35,843,-2.141648606687e-16,1.418847395307e-14,1.678040433553e-15,3675.211394213,0.6552767357714,-237.2087745431
70,35,844,-2.195108023896e-16,1.402639074438e-14,-2.552317403824e-15,3679.188625509,0.8347941022851,-234.5973679829
70,35,845,-1.887170288298e-16,1.440249143383e-14,3.043392074952e-17,3615.919183759,2.458321084754,-241.5199472211
70,35,846,-2.446317631743e-16,1.430537033982e-14,1.593819017924e-16,3842.288534391,-0.7050274220401,-238.9421506325
70,35,847,-2.255213008563e-16,1.432467859321e-14,1.096709671045e-15,3701.3829361,3.692127344487,-239.0045126019
70,35,848,-2.756188983586e-16,1.415850350056e-14,-3.778817702511e-15,3745.646013075,-0.240505321594,-236.729767032
70,35,849,-2.406907903465e-16,1.425253552713e-14,-1.755818833077e-15,3674.911397663,2.219052918237,-237.8383050621
70,35,850,-1.870285008057e-16,1.399465060811e-14,-1.125504044534e-15,3750.790277766,-2.501082367905,-234.4216987773
70,35,851,-2.081771101416e-16,1.416197321389e-14,-1.598569973541e-15,3599.843288542,-3.01984895578,-236.3329588823
70,35,852,-2.476283502968e-16,1.412184944907e-14,-1.986821268257e-15,3698.573473786,-1.114045491453,-235.5784372455
70,35,853,-2.29088704334e-16,1.395343639605e-14,7.9086716581e-16,3642.164292504,-2.44720192492,-233.2488693762
70,35,854,-2.630304860023e-16,1.41260286419e-14,-2.068594711138e-15,3836.56771045,1.116528522737,-236.3568899035
70,35,855,-2.019644038853e-16,1.426799791445e-14,-1.418612183218e-15,3721.984363579,0.1018919423623,-238.0232505069
70,35,856,-2.142501876861e-16,1.40451479302e-14,-1.655865714686e-15,3657.923156486,-3.745464385434,-235.0681925488
70,35,857,-2.538145644879e-16,1.430057992065e-14,-2.715014690755e-15,3633.068946741,4.281920239223,-239.0753649994
70,35,858,-1.959116924922e-16,1.421745860861e-14,-1.042307789064e-15,3728.842152589,-4.500632921003,-237.0644584369
70,35,859,-2.547944883611e-16,1.4067074576e-14,3.152036924676e-16,3542.517175282,-0.7980110579288,-235.4040380558
70,35,860,-2.539247093438e-16,1.428163878004e-14,-2.211395129696e-15,3717.728215567,-2.138650535545,-238.3563131509
70,35,861,-2.153668834087e-16,1.4175106243e-14,-1.157586394387e-15,3734.077646436,3.532939560169,-236.3476904431
70,35,862,-2.213416269167e-16,1.41232661246e-14,-6.379477180115e-16,3733.411872498,3.59358245904,-236.1017417403
70,35,863,-2.277257475924e-16,1.421435604976e-14,5.101767837435e-16,3687.942020467,2.033808341848,-237.3602760315
70,35,864,-2.27545113689e-16,1.425957294638e-14,-2.431443932186e-15,3611.179574062,0.3878870612553,-238.2899890977
70,35,865,-2.290086066727e-16,1.404310830926e-14,1.226030134986e-16,3732.657239374,1.969265234373,-234.7903837537
70,35,866,-2.221106883289e-16,1.415297252995e-14,-8.969761114921e-17,3658.126967505,0.3570682797477,-236.818555748
70,35,867,-2.190068864182e-16,1.408823041545e-14,-3.230206004986e-15,3622.497591877,-3.173629638424,-234.9297796195
70,35,868,-1.94210869923e-16,1.431384645054e-14,-3.385669574558e-15,3647.760465975,2.580960940545,-238.4885442137
70,35,869,-2.497823158372e-16,1.41851187086e-14,-1.127056385367e-15,3717.979615457,-1.183858834854,-237.2109729325
70,35,870,-2.308722494943e-16,1.409004355478e-14,1.448211253209e-15,3687.238071816,1.490198533793,-235.6450665524
70,35,871,-1.912193180293e-16,1.419402024991e-14,-1.612158046371e-15,3763.227647775,0.9243579526872,-236.8874236485
70,35,872,-2.686245793477e-16,1.41394203146e-14,-5.813742679396e-16,3728.786721263,-1.515607226916,-236.4700709823
70,35,873,-2.15672457839e-16,1.426315137225e-14,-1.664044940709e-15,3565.028223437,-4.198936904648,-237.7221090976
70,35,874,-2.744490050629e-16,1.408839946407e-14,-5.644733426194e-16,3746.568283664,-0.1385897523069,-235.016101394
70,35,875,-2.639445378128e-16,1.417125850571e-14,-3.602097763688e-15,3759.623281251,2.256764647111,-236.8141831728
70,35,876,-2.530757332107e-16,1.421356077524e-14,1.112152164241e-15,3695.596101543,-1.102922884743,-236.9147451668
70,35,877,-2.33572548421e-16,1.419956014887e-14,-2.38833151803e-15,3669.641785189,-3.986752672036,-237.1527238156
70,35,878,-2.516351231463e-16,1.42214900042e-14,-2.63657206414e-15,3844.80191459,0.9139504002172,-237.3841651543
70,35,879,-2.19698508926e-16,1.421225577172e-14,-1.966735584061e-15,3666.13816909,-1.989071544306,-236.9688424933
70,35,880,-1.847347697733e-16,1.400264626783e-14,9.32216354623e-17,3531.462767427,-1.183465333153,-234.3801771329
70,35,881,-2.652555956498e-16,1.41402189584e-14,8.613012188631e-16,3743.413916792,-1.504931081351,-236.6498825037
70,35,882,-2.448195400139e-16,1.411453313963e-14,-1.921527934558e-16,3662.266564537,1.526676937902,-235.5360558467
70,35,883,-2.2685680052e-16,1.433032613021e-14,-1.156948763026e-15,3635.702766494,1.579501045933,-239.2881142548
70,35,884,-2.37689270375e-16,1.427262961406e-14,-1.346416219966e-15,3663.185806708,-3.598857029496,-237.9829064015
70,35,885,-2.466348312419e-16,1.4176844918e-14,-2.868958229851e-15,3672.603785556,1.413457616112,-236.5937803367
70,35,886,-2.205622823067e-16,1.411587168099e-14,-3.388953422963e-15,3778.993353753,-0.5103259352236,-236.0198023827
70,35,887,-2.667327754137e-16,1.42638257067e-14,1.013718754187e-15,3591.545681072,0.519935365071,-237.7339929142
70,35,888,-2.43838951743e-16,1.416856516259e-14,-2.829516521888e-15,3743.667550046,2.072412162518,-236.410798581
70,35,889,-2.073270270069e-16,1.417630908597e-14,4.200530823879e-16,3726.012982633,1.669060779339,-237.140034167
70,35,890,-2.627953739811e-16,1.40285550094e-14,-9.033355826108e-16,3629.483137801,2.841247087958,-234.0350001164
70,35,891,-2.322479866888e-16,1.425102732589e-14,-1.463049295916e-15,3663.918263029,0.9058065403041,-238.8858999148
70,35,892,-2.485529193648e-16,1.407232737817e-14,-4.324827332703e-15,3659.628404639,-1.263878416654,-235.2128629779
70,35,893,-2.222024033786e-16,1.415368454485e-14,-3.602987800725e-16,3631.787115199,3.018947043847,-235.9861003364
70,35,894,-2.254599909083e-16,1.40685880197e-14,-1.634617662164e-15,3649.209153969,-1.652863574044,-235.2977633768
70,35,895,-2.546960597837e-16,1.42090400313e-14,4.542732881577e-16,3746.285255198,1.892881681912,-237.4631170114
70,35,896,-2.301018272656e-16,1.422901013609e-14,1.256328782338e-16,3659.615543972,-1.989788655819,-237.7107764059
70,35,897,-2.803621511233e-16,1.415063302573e-14,-1.468568156967e-15,3718.010619549,-0.1331627649512,-237.3846852541
70,35,898,-2.045397010712e-16,1.423106368193e-14,-1.72802736759e-15,3800.694866739,3.670268853897,-237.4490642413
70,35,899,-2.636815174276e-16,1.417224167749e-14,1.028883542442e-15,3641.319809529,3.261137776633,-236.6989813774
70,35,900,-2.202305431338e-16,1.416193494416e-14,-1.986927908535e-16,3597.982703366,-1.634812335464,-236.8951585386
70,35,901,-2.490476001822e-16,1.41508094692e-14,-1.817830169432e-15,3699.457565348,1.572309102583,-236.5774973783
70,35,902,-2.136467337375e-16,1.423080527291e-14,-2.412909284664e-15,3672.182478097,-3.106847516349,-237.6821185556
70,35,903,-2.275982077279e-16,1.413343658388e-14,-9.227254839019e-16,3716.063767853,0.5278508219326,-235.8853565346
70,35,904,-2.274442916136e-16,1.408592799647e-14,-2.606534127271e-16,3719.408168995,1.754720101426,-235.3873256388
70,35,905,-2.611451341932e-16,1.413719006971e-14,1.028432903549e-15,3607.360650251,-3.29943511772,-236.1691377833
70,35,906,-2.721877999925e-16,1.421833828215e-14,-2.662691016486e-15,3702.622105227,-1.685897114544,-237.2795295653
70,35,907,-2.282779311413e-16,1.41221844829e-14,3.335608798337e-16,3609.985502584,-2.621874163675,-236.1401980263
70,35,908,-1.982933423114e-16,1.416853803889e-14,-1.257794581514e-15,3619.865210074,-3.998512975098,-235.8418009587
70,35,909,-2.216758153739e-16,1.423006413212e-14,-1.961678566664e-15,3757.453460195,-0.820727752561,-237.7759595628
70,35,910,-2.014362282737e-16,1.426949531589e-14,-1.210961776647e-15,3773.868425539,3.143428042746,-237.8534162118
70,35,911,-2.427790759265e-16,1.419990727096e-14,-1.542732123792e-15,3735.50842031,-1.938097841796,-237.7283280734
70,35,912,-2.293578329292e-16,1.425935053471e-14,-6.108809820093e-16,3570.612548869,-2.465096633449,-237.9564678167
70,35,913,-2.026426153936e-16,1.415001054169e-14,-3.386393431562e-15,3592.200935826,0.6306495259013,-236.0792047376
70,35,914,-2.248332891749e-16,1.425454852752e-14,6.299009054133e-16,3650.694719112,-0.9411306560843,-238.5322585914
70,35,915,-2.375923167046e-16,1.414619032376e-14,1.176884670855e-15,3782.432441713,-2.309904086877,-236.0810650365
70,35,916,-2.164804282631e-16,1.416493772174e-14,-1.235010735554e-15,3814.675927528,-1.321611047618,-236.3021597566
70,35,917,-2.327473452885e-16,1.405680919081e-14,-4.035327794749e-15,3786.629210843,1.089090165341,-235.1918348784
70,35,918,-2.747792165635e-16,1.424107064175e-14,-1.913214370793e-15,3594.983506077,-0.9057070676999,-237.9820728072
70,35,919,-1.766195859516e-16,1.39568644066e-14,-5.401655176042e-15,3686.575089057,-2.653512044336,-232.6683722571
70,35,920,-1.984112583934e-16,1.402850546561e-14,-2.258013274714e-15,3641.761224729,3.369392668519,-234.7932490411
70,35,921,-2.105162087022e-16,1.425165634371e-14,2.019807680038e-16,3968.052090092,1.79155115716,-238.1831052402
70,35,922,-2.48520955646e-16,1.42435896858e-14,2.181077307534e-16,3694.058069574,5.478189321686,-237.5277143833
70,35,923,-2.553299083857e-16,1.41834320218e-14,2.799519291017e-16,3663.523548554,-2.641638327699,-237.2601485453
70,35,924,-2.564793857179e-16,1.414221620921e-14,-4.470829844895e-15,3758.276611403,-0.1058095461826,-235.9419082835
70,35,925,-2.607124674667e-16,1.416231102173e-14,-2.174834310752e-15,3604.002909728,1.299257260434,-236.3986272506
70,35,926,-2.349326948703e-16,1.417166245882e-14,-1.323893547014e-15,3607.763194462,0.8703421243358,-237.0975614021
70,35,927,-1.719254966775e-16,1.413721643686e-14,6.696624317761e-16,3809.997023239,3.104731236172,-237.100811257
70,35,928,-2.350300866924e-16,1.406181037107e-14,1.039985033473e-16,3787.839959774,-0.09502294300372,-235.064524182
70,35,929,-1.929341366061e-16,1.407421772331e-14,-2.458439059955e-15,3769.136914797,-0.358560459573,-235.3569311451
70,35,930,-2.436489982556e-16,1.423890623766e-14,2.605224411356e-15,3701.208107487,-0.1887832242758,-237.0632840581
70,35,931,-2.696231052078e-16,1.406466322427e-14,-2.122071386719e-15,3648.445404983,0.01101869411044,-235.2776659752
70,35,932,-2.382918890913e-16,1.426421530303e-14,-3.417015745833e-15,3692.586684832,-1.135609681428,-238.6477080357
70,35,933,-2.484169949158e-16,1.412220872009e-14,-3.884882864652e-15,3900.226065846,-0.623111965722,-236.1896388359
70,35,934,-2.830676007877e-16,1.410340600797e-14,2.359313933687e-16,3648.248615134,3.772562964779,-236.040541405
70,35,935,-2.558064579064e-16,1.426268946324e-14,-2.820512690839e-15,3616.253055552,0.1299580708454,-238.6187630488
70,35,936,-2.223866924242e-16,1.395786977389e-14,-7.790341782868e-16,3803.121801181,-0.7210476973711,-233.0522670769
70,35,937,-2.699830794649e-16,1.423760875061e-14,-2.91699810291e-15,3678.57557318,0.7245173905777,-237.8648929865
70,35,938,-2.090133554266e-16,1.413991959807e-14,-1.858100959333e-15,3777.825913728,0.1000479080401,-235.1804440323
70,35,939,-2.477841703092e-16,1.423462111635e-14,-1.665769009457e-15,3621.294068388,-0.4601935835005,-237.7296008627
70,35,940,-2.24132030266e-16,1.407253390835e-14,-1.070415212387e-15,3694.589134886,0.4956666167035,-235.3777985258
70,35,941,-2.309622445026e-16,1.433104546896e-14,-1.960995361283e-15,3707.358955452,-2.653786169625,-239.3735701887
70,35,942,-1.820305559327e-16,1.418837511574e-14,-8.19892425753e-16,3594.020315625,-1.491538887197,-237.4959200368
70,35,943,-2.380627506945e-16,1.42997135722e-14,-9.815432310518e-16,3674.918560554,-3.115693648676,-238.3308995652
70,35,944,-2.241266430187e-16,1.410378562777e-14,1.782963205984e-15,3673.164478342,-2.196562535689,-235.4429295518
70,35,945,-2.434678515262e-16,1.418527248023e-14,-3.330561609171e-15,3786.296207264,1.170353746082,-237.2651826106
70,35,946,-2.901787277963e-16,1.426391444877e-14,-4.369872495641e-16,3597.143353259,-0.9786400969627,-238.0751857073
70,35,947,-2.723372908929e-16,1.425214364366e-14,-7.673238858618e-16,3615.83590375,-0.3454901387782,-239.0345058293
70,35,948,-2.319710836251e-16,1.412731458769e-14,-1.83991930509e-15,3717.517151306,-0.3140721357838,-236.1796996245
70,35,949,-2.535673102489e-16,1.412381040433e-14,-7.71647418967e-16,3728.355052876,2.763927206327,-236.9486641635
70,35,950,-2.52061883801e-16,1.399144037882e-14,-1.309956466273e-15,3755.93973695,-2.900061851067,-233.789475269
70,35,951,-2.099619201014e-16,1.424060023946e-14,-2.083647458679e-15,3654.194350683,5.501765277575,-237.1786010491
70,35,952,-2.459821202366e-16,1.425343691772e-14,1.16029717695e-16,3718.113386639,2.075870101892,-238.5587100905
70,35,953,-1.978049018281e-16,1.416721770592e-14,-1.829608553878e-15,3626.940495531,-0.4972244096208,-237.0706849381
70,35,954,-1.961848778713e-16,1.411673152063e-14,-4.106449000774e-15,3681.377090022,-0.9536059414105,-236.0805098449
70,35,955,-2.177341329553e-16,1.421213675671e-14,-1.060914050798e-15,3714.641311577,-0.3167698417775,-237.5841987391
70,35,956,-2.452235053155e-16,1.410478492997e-14,6.408058813214e-16,3911.840570822,-1.154267004991,-235.8239267433
70,35,957,-2.138145363575e-16,1.407000168964e-14,-6.620287557672e-16,3642.138584156,1.392132260843,-235.3293516481
70,35,958,-2.349735946309e-16,1.411904884912e-14,-2.176351254487e-16,3571.187138786,-1.277672504047,-236.0505438181
70,35,959,-2.313038159939e-16,1.414581843331e-14,5.744286299851e-17,3677.456686132,-1.06673805653,-236.3844263613
70,35,960,-2.480676745826e-16,1.419944632706e-14,-3.289596993773e-15,3689.009906021,1.875812827561,-236.9460580866
70,35,961,-1.994735581146e-16,1.429278560966e-14,-3.041147394755e-15,3721.268702697,1.874250954412,-238.4081702543
70,35,962,-2.408552593639e-16,1.422963605427e-14,-6.049287312159e-16,3669.654841399,-2.939844518328,-237.8693470854
70,35,963,-2.19348533099e-16,1.40898990796e-14,-1.013512471373e-15,3629.848108426,5.095065123518,-235.0434759499
70,35,964,-2.266414379277e-16,1.427537217764e-14,-1.019722545711e-15,3749.309966079,0.5686293901303,-238.3517501528
70,35,965,-2.968026499171e-16,1.424923658269e-14,9.736063603242e-16,3675.056355259,-0.5206333501157,-237.6013917569
70,35,966,-2.797159799282e-16,1.417440743704e-14,-1.756135831101e-15,3670.171816067,2.305345035644,-237.159224517
70,35,967,-2.461657086518e-16,1.421938549753e-14,-1.749567995328e-18,3764.601294363,-1.189191585037,-237.3810530844
70,35,968,-2.004321669065e-16,1.41896287661e-14,-2.71935622354e-16,3616.301188854,2.186743511765,-236.9717500457
70,35,969,-2.2201677636e-16,1.423701167874e-14,6.117720738712e-16,3732.685843783,3.864307401215,-238.049449289
70,35,970,-2.395758048442e-16,1.42685833464e-14,-1.02823639081e-15,3661.590842806,-2.693070927597,-238.3975161349
70,35,971,-2.021937143873e-16,1.417476307172e-14,-1.465562359411e-15,3553.927236078,-0.8875538305557,-236.0778751325
70,35,972,-2.607981661453e-16,1.416576866605e-14,1.872816842798e-15,3632.555014205,-2.227635246888,-237.2124668024
70,35,973,-2.152429132093e-16,1.421255550986e-14,-1.22548520311e-15,3721.429405186,-0.2156014287282,-236.6666832205
70,35,974,-2.441168391891e-16,1.426206639333e-14,-5.164713371788e-16,3615.281117529,-0.3977997454894,-238.1252990571
70,35,975,-2.249530178794e-16,1.405611240706e-14,-2.445593145111e-15,3701.420134383,0.02114334009679,-234.6410004798
70,35,976,-2.59752041613e-16,1.423067082209e-14,8.321143904698e-16,3769.470460604,0.1619308830751,-237.6066502956
70,35,977,-2.63640283217e-16,1.41795276246e-14,-2.49989802438e-15,3754.580611313,1.632457840494,-236.5512033614
70,35,978,-2.3269626399e-16,1.420853435346e-14,-3.05608799277e-15,3765.369977276,-1.525794741503,-236.8556430836
70,35,979,-2.279228757496e-16,1.429471276316e-14,3.975031298524e-16,3652.622390813,-2.06617384703,-238.3243381094
70,35,980,-2.540041555253e-16,1.403776888012e-14,8.676494866251e-16,3566.760053773,-0.2542458354368,-234.9705215867
70,35,981,-2.175745545316e-16,1.412574309021e-14,-2.445418319053e-15,3757.871992751,2.576053722806,-235.7489003407
70,35,982,-1.748896020489e-16,1.406442439886e-14,2.523820742792e-16,3632.978586425,-0.3935117712766,-234.8564795102
70,35,983,-2.128735910635e-16,1.433524142844e-14,1.353416519672e-16,3786.349426532,5.273560482098,-238.8934575414
70,35,984,-1.96464352691e-16,1.414384090728e-14,-1.717693121922e-15,3724.095507648,-0.7329563809835,-236.4675809463
70,35,985,-2.16738544718e-16,1.418887045132e-14,-4.356183704628e-16,3720.863443294,-1.552105236294,-237.2531160072
70,35,986,-2.282619812711e-16,1.427835944597e-14,-1.718129065825e-15,3586.00073848,0.4941247228237,-238.2224676639
70,35,987,-2.39931085034e-16,1.412852157568e-14,-9.817774905187e-16,3767.74242944,0.4598044638284,-236.0217351667
70,35,988,-1.761290339454e-16,1.434220196679e-14,-3.380901744459e-15,3728.933960698,-1.429257679344,-239.7395490901
70,35,989,-2.312666891788e-16,1.418657083963e-14,-1.844785185622e-16,3847.35018138,3.381107368562,-237.3202533389
70,35,990,-2.457481958596e-16,1.42508130612e-14,-1.701407817918e-15,3679.904991251,0.9316772623472,-237.3912133226
70,35,991,-2.504338975267e-16,1.406413959619e-14,1.831585070933e-16,3723.252342901,0.394063219594,-235.0505120865
70,35,992,-2.231305422212e-16,1.411893027407e-14,-2.685908072356e-15,3744.694554541,-1.596616395395,-236.7157705973
70,35,993,-2.863542376225e-16,1.416307683305e-14,-1.760296225073e-15,3440.66498783,1.266378548967,-237.1962308448
70,35,994,-2.617516259571e-16,1.415857041556e-14,-1.978393620469e-15,3717.805283787,-1.176772994923,-236.7741177729
70,35,995,-2.086575157003e-16,1.410704375141e-14,6.163164158737e-16,3656.330759512,-3.557119310318,-235.7412546426
70,35,996,-2.683100321523e-16,1.412724496049e-14,-2.580956682887e-15,3651.166232161,0.6288661334988,-237.1361055646
70,35,997,-2.767769079575e-16,1.423710336406e-14,-1.844232414038e-16,3641.226492931,1.880522343986,-237.6289026508
70,35,998,-2.271016251394e-16,1.393684214764e-14,-3.371269797841e-15,3508.623859884,0.06101520715186,-232.4907072438
70,35,999,-2.42551918117e-16,1.422955060928e-14,-4.958396019016e-17,3762.648239944,0.8202254994168,-236.8533750094
70,35,1000,-2.26455137205e-16,1.426509878426e-14,-2.875683049657e-15,3775.057070061,1.008274544448,-237.5273197098
75,37.5,1,-1.536530120542e-16,9.256398326339e-15,-7.020837331962e-16,2677.61662453,-0.4365149974248,-154.5673034479
75,37.5,2,-1.515559937462e-16,9.187402048043e-15,4.730915307474e-16,2784.823934418,1.595723371414,-153.5726423143
75,37.5,3,-1.571462762923e-16,9.296221187531e-15,-4.054425840653e-16,2776.044731479,1.482546783997,-155.3164031966
75,37.5,4,-1.219583214421e-16,9.312455223011e-15,-1.531938470052e-15,2713.471614699,-0.6138597225913,-155.8231371152
75,37.5,5,-1.441153533061e-16,9.313775901548e-15,-8.211900700603e-16,2841.971767026,0.1079553518026,-156.0342086111
75,37.5,6,-1.355559320015e-16,9.169704945419e-15,-3.437053882279e-15,2787.42507735,3.139379159979,-152.6895865117
75,37.5,7,-1.311189680009e-16,9.153690497039e-15,-1.954163754244e-15,2702.467751475,-1.364384527805,-152.9644413705
75,37.5,8,-1.139104320548e-16,9.265705437516e-15,-6.713369184553e-16,2765.354625701,-0.338478034199,-154.6555190036
75,37.5,9,-1.275410223129e-16,9.239348884918e-15,-1.973245195216e-15,2841.975216709,2.712025549781,-154.5881582374
75,37.5,10,-1.567306164447e-16,9.187431166343e-15,-8.805921265605e-16,2782.140239612,-1.725400958816,-153.4387688438
75,37.5,11,-1.072195634588e-16,9.131395549526e-15,-1.350316322166e-15,2808.746253971,-1.382216862073,-152.7173809365
75,37.5,12,-1.696903254005e-16,9.105444257162e-15,4.503872826838e-17,2676.355465926,0.03044832670532,-152.330280178
75,37.5,13,-1.319445974334e-16,9.194185485338e-15,-9.620496740594e-17,2771.40646558,-0.290525800478,-153.4723046092
75,37.5,14,-1.362955465865e-16,9.245415261221e-15,-1.477717244877e-15,2733.955231545,0.143403221356,-154.8263410333
75,37.5,15,-1.161512410989e-16,9.159883283998e-15,-2.822497483358e-15,2794.410950068,-0.1697498658201,-152.7213695246
75,37.5,16,-1.077663037151e-16,9.198938498529e-15,-1.940209587922e-15,2824.098372397,0.04320764525129,-153.6566271828
75,37.5,17,-1.357459031369e-16,9.233167027467e-15,-1.083333322756e-15,2801.479774764,-1.609303440029,-154.6789158167
75,37.5,18,-1.328039618654e-16,9.16758291047e-15,-1.392000381752e-15,2798.360873062,2.459853490539,-153.2616775462
75,37.5,19,-1.365478987925e-16,9.228824045905e-15,-1.058768536281e-15,2758.313504589,1.677701434543,-154.3136624167
75,37.5,20,-1.26899567033e-16,9.181621653829e-15,-1.930251724045e-15,2690.838226166,-0.6702276567856,-153.213890356
75,37.5,21,-1.457977996447e-16,9.158160845678e-15,5.448131408514e-16,2770.713263084,-0.9444102794736,-153.4919686794
75,37.5,22,-1.126852758524e-16,9.240757382358e-15,9.131629489674e-18,2829.95341612,0.9518658995564,-154.3302695066
75,37.5,23,-1.385863163572e-16,9.151917336443e-15,5.475285534759e-16,2714.181052553,1.545073778172,-153.1778343364
75,37.5,24,-1.227300465507e-16,9.216954010741e-15,-1.62378418953e-15,2679.210788102,-1.466118612571,-154.1211230825
75,37.5,25,-1.552972199748e-16,9.196126354119e-15,-1.870813619842e-15,2781.483605456,-2.33321574447,-153.6784204275
75,37.5,26,-1.285661817985e-16,9.17747146494e-15,-6.00674552302e-16,2729.42965734,0.2098970302576,-152.9910910116
75,37.5,27,-1.035677700646e-16,9.241921096122e-15,-2.246947437088e-15,2659.055702834,-2.854824658814,-154.2678989517
75,37.5,28,-1.303437547877e-16,9.189692945542e-15,-7.998603465199e-16,2774.263816977,0.6399091742081,-153.7271272872
75,37.5,29,-1.144789131095e-16,9.254564828832e-15,-7.635913268119e-16,2687.509654885,0.1552901198994,-154.832485954
75,37.5,30,-1.039000082514e-16,9.18141371232e-15,-1.519346484438e-15,2782.648954208,0.284020351141,-153.1821834383
75,37.5,31,-1.237419666666e-16,9.322389710466e-15,-1.723774069623e-15,2688.831404306,1.040792997254,-155.2077960511
75,37.5,32,-1.099397164946e-16,9.145018277226e-15,-1.474120914271e-15,2737.592910417,-0.9630633141451,-153.3234787733
75,37.5,33,-1.458129612243e-16,9.325116919126e-15,2.543294176584e-16,2669.835278016,1.76495725437,-155.2853672048
75,37.5,34,-1.403701415352e-16,9.257862855618e-15,-5.363271035181e-17,2677.295646449,1.698057811243,-154.7766161794
75,37.5,35,-1.566028517993e-16,9.190641059144e-15,2.663967931546e-16,2769.099625745,0.6588882803508,-153.617870499
75,37.5,36,-1.165377843127e-16,9.146004445155e-15,-5.122383841238e-16,2637.578901998,-0.5249389409699,-152.9059365755
75,37.5,37,-1.303386327616e-16,9.250619488206e-15,-9.912447654064e-16,2793.019346833,1.814568299954,-154.3610546536
75,37.5,38,-1.471354097349e-16,9.201301100849e-15,6.761036538592e-17,2815.837826825,0.8154348282868,-154.0124855245
75,37.5,39,-1.143778949798e-16,9.301760435756e-15,-9.153357997002e-16,2846.721007557,0.9796346543957,-155.7766332823
75,37.5,40,-1.339697698601e-16,9.278111442837e-15,-1.252238873497e-15,2711.271197468,-1.733504256703,-155.1818444671
75,37.5,41,-1.20847453673e-16,9.159705556249e-15,-2.526122928884e-15,2736.824556352,0.6031487270403,-153.303876755
75,37.5,42,-1.289442954904e-16,9.172460916859e-15,-4.160000419907e-16,2851.792244964,-0.06112574496345,-153.8133151763
75,37.5,43,-1.62344140901e-16,9.235846866814e-15,-4.65239466395e-16,2746.169565357,-0.01533273987093,-155.0284392934
75,37.5,44,-1.299951571704e-16,9.182041444875e-15,6.923239673266e-16,2788.012116028,-1.327701592756,-153.3212572989
75,37.5,45,-1.359665114595e-16,9.315233571784e-15,-7.511514896604e-16,2767.594258647,0.6320971953779,-155.2143056778
75,37.5,46,-1.201827547836e-16,9.165911974806e-15,-1.47304849398e-15,2725.98602149,-0.7542949988518,-152.80975636
75,37.5,47,-1.437363663658e-16,9.316492066251e-15,-1.224366064723e-15,2712.661929043,0.7295964993019,-155.5713951756
75,37.5,48,-1.519855822805e-16,9.248572178474e-15,-9.178620535476e-16,2827.885271151,2.052151290341,-154.5653436566
75,37.5,49,-1.150753744506e-16,9.239812964498e-15,5.322271494354e-16,2661.959923196,-0.7871041026578,-154.3115643012
75,37.5,50,-1.092219631305e-16,9.181161995698e-15,-6.96469085125e-16,2862.154720392,0.6780797078006,-154.0030465975
75,37.5,51,-9.563640115487e-17,9.197604962208e-15,-9.246497102827e-16,2798.059044429,-2.060131098829,-153.2250012999
75,37.5,52,-1.377783713356e-16,9.130721381345e-15,-1.205988828809e-15,2754.587592804,1.039561461425,-152.1373526502
75,37.5,53,-1.471381157284e-16,9.206405609006e-15,1.345929719168e-16,2762.30466213,1.464676824128,-154.2258948061
75,37.5,54,-1.15877221308e-16,9.178154579621e-15,-1.028814609374e-15,2687.660461494,-0.2053421855777,-152.9951977798
75,37.5,55,-1.369539701742e-16,9.286444935262e-15,-1.537161548775e-15,2618.592376588,-1.761276242722,-154.7929719985
75,37.5,56,-1.466898995908e-16,9.288201418945e-15,8.387843850964e-16,2653.636530061,1.88377544031,-154.7876698488
75,37.5,57,-1.316535309209e-16,9.139004521866e-15,-2.10929782184e-15,2822.224704464,0.7622654473669,-153.246306757
75,37.5,58,-1.561358640657e-16,9.272246581942e-15,-7.442675894402e-16,2708.049655551,-0.09840503272007,-155.051082398
75,37.5,59,-1.241919056072e-16,9.208424417138e-15,6.98597425183e-16,2787.425283941,0.7045580011163,-153.5590664259
75,37.5,60,-1.370429796992e-16,9.162165016953e-15,1.126018656306e-15,2708.149121942,-1.238019666673,-152.9736463224
75,37.5,61,-1.331506102926e-16,9.194505858438e-15,-1.679781204646e-16,2734.794173729,-1.200513233514,-153.4089815851
75,37.5,62,-1.456376851617e-16,9.294261864486e-15,-1.26654571837e-15,2777.585541918,0.9761779102158,-155.1605123417
75,37.5,63,-1.322305951015e-16,9.135190740738e-15,-2.004426988186e-15,2738.869126886,0.7818566557353,-152.3762758088
75,37.5,64,-1.257136792154e-16,9.272171450144e-15,7.981795337074e-16,2833.904883907,-0.2540082861177,-154.5995387701
75,37.5,65,-1.679444022152e-16,9.218079255839e-15,-7.414848201541e-16,2752.460273308,-1.416425538232,-154.4177767147
75,37.5,66,-1.373898387456e-16,9.134031856993e-15,-1.635442323835e-15,2758.263206624,3.352567063175,-152.75774454
75,37.5,67,-1.265718716122e-16,9.098851549366e-15,-5.522743953591e-16,2761.018462526,1.447569770272,-152.0943398639
75,37.5,68,-1.523404420782e-16,9.189547948371e-15,-1.773299785298e-15,2870.090715089,-1.960861923081,-153.6556667149
75,37.5,69,-1.575904247902e-16,9.276969919455e-15,-1.644844157581e-15,2722.894682754,-2.195797586968,-154.9848427147
75,37.5,70,-1.441450439991e-16,9.270827048942e-15,-1.166713178523e-15,2677.409166234,0.585672176038,-154.8255969036
75,37.5,71,-1.444748444199e-16,9.217731817433e-15,-2.302745263547e-15,2767.006993261,0.0948010839983,-154.295006495
75,37.5,72,-1.735803052398e-16,9.212293654741e-15,-2.040818247731e-15,2782.834559542,0.5437448330925,-154.6890553185
75,37.5,73,-1.143494682103e-16,9.244884267226e-15,-1.717553832279e-15,2824.831716811,2.525000290993,-154.4701055774
75,37.5,74,-1.284901346687e-16,9.23534453587e-15,-8.768142833985e-16,2777.663564251,1.168825857388,-153.8663476842
75,37.5,75,-1.428034392621e-16,9.145782795585e-15,-2.8228137839e-15,2731.481018355,-0.123482963314,-152.7080071693
75,37.5,76,-1.211431775069e-16,9.143558155925e-15,-4.203684999527e-16,2660.381662695,0.8291545018871,-152.7767360161
75,37.5,77,-1.594261694171e-16,9.214409559527e-15,-2.90214691039e-15,2740.494002068,-1.088245619776,-153.9170625147
75,37.5,78,-1.544147270081e-16,9.133169077985e-15,2.554735648293e-16,2715.571100379,-0.3575852939699,-152.7754306693
75,37.5,79,-1.14666665021e-16,9.264586493032e-15,-1.13811941942e-15,2725.510433984,0.3264874483448,-154.7749513805
75,37.5,80,-1.691224652506e-16,9.306920471925e-15,2.932395424006e-16,2736.530797367,-3.076090446205,-155.6848800113
75,37.5,81,-1.497762946086e-16,9.191971119508e-15,2.360574727578e-15,2692.193318656,0.8191875672998,-153.8812720807
75,37.5,82,-1.359524873905e-16,9.238433484282e-15,-2.626653066609e-16,2760.524109848,-0.7378671613272,-154.3941510615
75,37.5,83,-1.328987142622e-16,9.298622383606e-15,-1.230541477933e-15,2735.171993072,-0.8583250123751,-154.9678691179
75,37.5,84,-1.450315808059e-16,9.269481897859e-15,-2.100970695164e-15,2717.590466055,-0.6323260692665,-154.9521670663
75,37.5,85,-1.180027673507e-16,9.191154022721e-15,-9.790694944678e-16,2692.616460811,1.352590078578,-153.8189779536
75,37.5,86,-1.211616476145e-16,9.249793690427e-15,-1.658631934262e-15,2775.012399961,-0.5888654997066,-154.9712080309
75,37.5,87,-1.70794543331e-16,9.243223082766e-15,3.689092289504e-16,2808.372689801,0.8826152102734,-153.6546552062
75,37.5,88,-1.400738840626e-16,9.248901443546e-15,-3.829278743411e-16,2658.932756113,-0.9652537066163,-154.8785267247
75,37.5,89,-1.109471439017e-16,9.194006252053e-15,-3.661930902271e-15,2716.854156325,-0.2400190798139,-153.3194956314
75,37.5,90,-1.402104459797e-16,9.313339452803e-15,-7.951658554375e-16,2784.51001672,-0.6721782890738,-155.3826771407
75,37.5,91,-1.4390510601e-16,9.211391728129e-15,-1.574589392462e-15,2791.469481184,-0.7347827150984,-154.0244341275
75,37.5,92,-1.595366457677e-16,9.189614193842e-15,-8.90323138341e-16,2737.953781139,-0.8419268879529,-153.7000284424
75,37.5,93,-1.025296048657e-16,9.193613937579e-15,-2.008281458345e-15,2705.647487174,-0.7249171112462,-153.4821207977
75,37.5,94,-1.535251929712e-16,9.271247858386e-15,-3.767827733346e-16,2749.325737339,0.4776025928049,-154.7732021147
75,37.5,95,-1.627761502766e-16,9.125315296544e-15,-9.597074684626e-16,2782.775173117,-2.274738480249,-152.7909982022
75,37.5,96,-1.321611931111e-16,9.264967389614e-15,-9.453782911891e-16,2770.766743604,-1.036766994702,-154.8568628088
75,37.5,97,-1.057411264845e-16,9.200461761813e-15,-1.661792841125e-15,2742.823555183,-1.050926651243,-153.7319962389
75,37.5,98,-1.289090425397e-16,9.175591802106e-15,-1.318629049426e-15,2646.06490677,-0.4436658246449,-153.0274973011
75,37.5,99,-1.108160559733e-16,9.118391606298e-15,-1.11799521452e-15,2692.544885839,-0.6196724609445,-152.5805441439
75,37.5,100,-1.179307559065e-16,9.17777408418e-15,-5.368031083983e-16,2840.022850175,0.9266635273635,-153.2396115654
75,37.5,101,-1.302381871814e-16,9.267256818175e-15,3.083388168868e-17,2767.063246378,-1.955460696005,-154.235687049
75,37.5,102,-1.626195703819e-16,9.235976344708e-15,-1.045956677101e-17,2743.689011732,0.4363877950674,-154.2484809099
75,37.5,103,-1.109328783273e-16,9.119368520811e-15,-1.309054980034e-15,2721.424952315,-0.6325386477752,-152.6142234413
75,37.5,104,-1.070893188577e-16,9.253216397705e-15,3.059276536759e-16,2769.068257915,0.2661117699173,-154.9714287157
75,37.5,105,-1.3241204535e-16,9.176592514057e-15,-1.977435236338e-15,2600.420598457,1.437622681938,-153.7436346719
75,37.5,106,-1.414028657275e-16,9.183957421311e-15,1.124088910399e-15,2685.889589242,0.484337597415,-153.7748705944
75,37.5,107,-1.166035873006e-16,9.204392870267e-15,6.116661342227e-16,2807.172204433,1.446031902947,-153.7409965975
75,37.5,108,-1.620058832636e-16,9.182047107754e-15,-5.879710888375e-16,2705.993449495,0.8403456750157,-153.6805675355
75,37.5,109,-1.376566590674e-16,9.150834893392e-15,-2.295171620482e-15,2761.736527638,-1.135052235169,-153.3136896571
75,37.5,110,-1.528791917176e-16,9.090642411068e-15,5.178226965458e-16,2769.303831657,-0.1714350384656,-152.5366741461
75,37.5,111,-1.199719910855e-16,9.185183099167e-15,-1.057622181758e-15,2786.159175149,1.446366169876,-153.5243123212
75,37.5,112,-1.419789903912e-16,9.23126490812e-15,-6.753771740703e-16,2845.878567372,0.06258136767625,-154.0784676987
75,37.5,113,-1.205410818595e-16,9.28462373298e-15,-1.282634808148e-15,2645.751994623,-3.45881075475,-154.8852034345
75,37.5,114,-1.212257261488e-16,9.211326786001e-15,6.45027239298e-16,2822.187473413,2.001136585689,-153.5239627777
75,37.5,115,-1.156381460083e-16,9.161078550645e-15,1.658724322565e-17,2761.267646606,0.2907978407776,-153.3902443128
75,37.5,116,-1.112897812546e-16,9.230800589647e-15,-1.915553611519e-15,2777.138051921,-2.029727986481,-154.3996673565
75,37.5,117,-1.293560614909e-16,9.168096297572e-15,5.682439607537e-17,2780.469129876,0.4681208178856,-153.2838985638
75,37.5,118,-1.211490995272e-16,9.175179538155e-15,-8.271982613064e-16,2791.561112211,0.168201333105,-153.0290391205
75,37.5,119,-1.358046230771e-16,9.231328007345e-15,-1.580721440308e-15,2682.049456809,-1.959268702056,-153.9494541223
75,37.5,120,-1.072395390054e-16,9.162828801019e-15,-2.004789836538e-15,2857.874920735,-0.8873716844881,-152.8037214995
75,37.5,121,-1.376788799053e-16,9.234596705739e-15,4.807143931999e-16,2751.919604232,-2.37613233595,-154.2579330781
75,37.5,122,-1.330674580995e-16,9.236318231586e-15,-8.83349363856e-16,2756.645106798,0.5806749067792,-154.4172153549
75,37.5,123,-1.426283697505e-16,9.200261494571e-15,3.731570887808e-16,2808.201050438,-1.6977815933,-153.5134965404
75,37.5,124,-9.228494309976e-17,9.308184588998e-15,3.018064490451e-16,2773.150654195,-0.3523337851835,-155.2820048255
75,37.5,125,-1.57486239974e-16,9.230044696665e-15,-6.336907012434e-16,2762.091119683,1.673283031442,-154.3998150569
75,37.5,126,-1.14716120881e-16,9.207902888205e-15,-1.938395751678e-15,2679.821842914,0.4396136588033,-154.0753119395
75,37.5,127,-1.321194376377e-16,9.219648444277e-15,-2.305553911638e-15,2684.963154657,0.420064396891,-154.1427824702
75,37.5,128,-1.261609730897e-16,9.201819867031e-15,-1.539831860512e-15,2774.582083732,-1.859082758556,-153.7035951411
75,37.5,129,-1.331927886761e-16,9.25149830128e-15,-1.541851145821e-15,2757.646314407,0.4970609490528,-154.6707043305
75,37.5,130,-1.38752626048e-16,9.186318810451e-15,-5.158503063791e-16,2855.702424014,0.5982150961919,-153.5806279724
75,37.5,131,-1.389438199374e-16,9.186426414378e-15,-5.351337599647e-16,2685.138979629,0.05666009011396,-153.304376647
75,37.5,132,-1.688484564322e-16,9.179228048864e-15,2.668545791933e-16,2869.807576773,1.247396670579,-153.7133398049
75,37.5,133,-1.393903642794e-16,9.20891740382e-15,-8.347542795676e-16,2813.108751214,-1.194477359574,-153.6724620981
75,37.5,134,-1.369817868306e-16,9.151614058012e-15,8.676020355148e-17,2749.539787329,0.4438529650875,-152.8158615182
75,37.5,135,-1.481043551618e-16,9.184489534078e-15,1.65933949397e-17,2749.888845332,1.075735211773,-153.3919088458
75,37.5,136,-1.361178476303e-16,9.238893740069e-15,-3.096157067194e-16,2792.372640578,2.239574506707,-154.5536041721
75,37.5,137,-1.318996694627e-16,9.20292058964e-15,-5.6767180897e-16,2709.841938547,-0.6410757391925,-153.6442957987
75,37.5,138,-1.145605354864e-16,9.189425960372e-15,2.51029549001e-17,2729.682376964,0.741564079743,-153.5983515035
75,37.5,139,-1.335187510896e-16,9.220092475255e-15,2.626302442505e-16,2836.316534426,-1.028408765924,-154.3306802087
75,37.5,140,-1.046784961302e-16,9.135958099961e-15,-1.365608451527e-15,2765.466595236,2.703875581733,-153.4189882764
75,37.5,141,-1.550443177098e-16,9.139375825414e-15,1.538721200076e-16,2726.767069884,-0.02733571340049,-152.781079693
75,37.5,142,-1.196554431383e-16,9.206619250976e-15,-8.584488573383e-16,2617.111077176,-1.194680218798,-153.7824357332
75,37.5,143,-1.255302967899e-16,9.109549823624e-15,-1.591389841659e-15,2795.977622016,1.977065761516,-152.293661792
75,37.5,144,-1.408590480583e-16,9.182978261623e-15,-5.63266316429e-16,2818.079871466,-0.7042525085317,-153.7401540465
75,37.5,145,-1.195794316773e-16,9.212629002783e-15,-3.561443496706e-16,2772.115822635,-3.152810968747,-153.7097251465
75,37.5,146,-1.53625226791e-16,9.262812743192e-15,-2.416371395503e-15,2741.102183592,-0.1401627504195,-155.1003072944
75,37.5,147,-1.506148425378e-16,9.337883292204e-15,-1.117737753039e-16,2623.126456992,0.3042498785738,-156.0988498726
75,37.5,148,-1.119268664721e-16,9.236863317168e-15,-2.794009998772e-15,2887.071928453,0.9110887403275,-153.5759515664
75,37.5,149,-1.312919843885e-16,9.241244980075e-15,-1.516714280742e-15,2716.065062239,-1.328148130403,-154.5696326008
75,37.5,150,-1.184130731796e-16,9.202924974599e-15,1.40709927567e-16,2688.92503715,3.200457925778,-153.7836917477
75,37.5,151,-1.60462261319e-16,9.248800369239e-15,-2.847641464337e-15,2741.87030497,-2.361895602721,-154.9982002536
75,37.5,152,-1.338110478352e-16,9.204628505933e-15,-1.106254777412e-15,2792.165360911,0.2656958332693,-154.0372282039
75,37.5,153,-1.539944841395e-16,9.149158483415e-15,-9.416225344506e-16,2819.214037539,-0.8680055873502,-153.0308614964
75,37.5,154,-1.107688099226e-16,9.223765084752e-15,-1.748579836513e-15,2738.202875526,-0.09425888646517,-153.7745750893
75,37.5,155,-1.477330183974e-16,9.166397865775e-15,-1.67594892603e-15,2663.120161597,0.8019154334175,-153.0264647921
75,37.5,156,-1.292829533103e-16,9.19619546115e-15,-1.536203871283e-15,2666.066316051,1.808765169101,-153.6975196416
75,37.5,157,-1.563540563947e-16,9.349603396406e-15,-1.559079145956e-15,2833.352489484,1.175026244123,-156.0672087817
75,37.5,158,-1.323000074958e-16,9.339869757022e-15,-1.535001177056e-15,2797.53227158,-0.1128494218183,-155.1178458888
75,37.5,159,-1.537385857219e-16,9.213503468796e-15,4.252826801965e-16,2789.263774315,-2.12697635371,-154.1228615908
75,37.5,160,-1.06857154725e-16,9.146302636151e-15,-2.747134564045e-15,2663.873495471,0.6215254996204,-152.7591294677
75,37.5,161,-1.133853792384e-16,9.272781135239e-15,1.413523506931e-16,2694.698976829,-1.238607645226,-154.6585601925
75,37.5,162,-1.242641647743e-16,9.225773676064e-15,-2.88428762937e-15,2782.27388003,1.215571506098,-153.9899046962
75,37.5,163,-1.587218328723e-16,9.226605377304e-15,-2.372268500027e-15,2798.877058694,0.3994063364214,-154.273936608
75,37.5,164,-9.685213913304e-17,9.218858434166e-15,-5.359435824168e-16,2708.900189588,0.8974713932028,-154.1102527496
75,37.5,165,-1.487741167237e-16,9.22604756431e-15,-1.652049315828e-17,2782.96557808,1.079456466771,-154.0821325503
75,37.5,166,-1.627834125578e-16,9.163337676483e-15,-2.867999512568e-15,2795.30604002,-0.2272661953652,-152.8503000061
75,37.5,167,-1.564262715264e-16,9.157304013402e-15,-1.237660406802e-15,2786.233739823,1.078466611191,-153.0397841473
75,37.5,168,-1.612067282756e-16,9.346732621922e-15,-2.320921237632e-15,2681.608983115,-0.6825768430959,-155.3762333676
75,37.5,169,-1.420250131288e-16,9.264168306108e-15,-1.909670111639e-15,2817.651261716,2.631750629129,-154.6809318867
75,37.5,170,-1.091045094349e-16,9.268880786728e-15,-2.116649097305e-15,2795.435151628,-1.321014358602,-154.2679132447
75,37.5,171,-1.510668270267e-16,9.227158454938e-15,-2.734749726066e-16,2742.489887904,0.4290508350636,-154.1234568802
75,37.5,172,-1.467069456949e-16,9.266666399132e-15,-2.718725153191e-15,2709.220552778,0.6381457160653,-154.6938465368
75,37.5,173,-9.609111979737e-17,9.314134953293e-15,-1.775243788309e-15,2687.015214738,-0.7383663943395,-155.2220829765
75,37.5,174,-1.209027085077e-16,9.275512673145e-15,9.611310446214e-16,2749.210136173,-1.385125712067,-154.8288578129
75,37.5,175,-1.356839597333e-16,9.199761209106e-15,-2.397264243034e-15,2718.146386997,-1.762240507805,-153.6588180927
75,37.5,176,-9.532075915274e-17,9.214246548379e-15,1.455269538177e-17,2741.975066929,2.170183170928,-153.613460293
75,37.5,177,-1.312192314967e-16,9.248550042473e-15,-1.62428628469e-15,2809.267227205,-1.617175764079,-154.5981092994
75,37.5,178,-1.122963412668e-16,9.178588080975e-15,-7.74822658614e-16,2765.584390197,-0.6962566506083,-153.6347645113
75,37.5,179,-1.129894532815e-16,9.209179626808e-15,-3.348742964283e-16,2794.353137698,2.206380458789,-153.5885864408
75,37.5,180,-1.185525349741e-16,9.154291285712e-15,-5.4903210545e-16,2751.605866683,1.263605919203,-153.1172060397
75,37.5,181,-1.02173541109e-16,9.209688077159e-15,-6.413430316705e-16,2661.438401321,0.3484374791571,-153.8120670297
75,37.5,182,-1.211453354238e-16,9.289829277248e-15,-1.253839736903e-15,2729.084550382,-1.913754538369,-154.7430167286
75,37.5,183,-1.594353572519e-16,9.272974965938e-15,-2.359276027222e-15,2797.019856107,-0.005010304900575,-154.978453597
75,37.5,184,-1.377286585403e-16,9.209222567263e-15,-3.207427841173e-16,2810.939387021,0.1117697973736,-153.530065448
75,37.5,185,-1.396852466549e-16,9.294396946643e-15,-1.021712579866e-15,2867.303412983,-0.3207056022873,-154.7133563478
75,37.5,186,-1.464635078305e-16,9.282200675207e-15,-2.042675440219e-15,2738.202617803,-0.8608765071048,-154.8178207186
75,37.5,187,-1.322058372424e-16,9.146200730512e-15,-1.978523156783e-15,2834.119230848,1.504481824327,-152.8243873239
75,37.5,188,-1.143541671382e-16,9.177409910048e-15,-1.400145673517e-15,2779.892662646,1.784087615476,-153.1528230863
75,37.5,189,-1.291402468014e-16,9.319847052547e-15,-1.102112107187e-16,2692.178403026,2.4086816339,-155.4740764585
75,37.5,190,-1.205005741563e-16,9.16638124439e-15,-5.648838600731e-16,2719.824795793,-0.5390463451652,-153.1635920014
75,37.5,191,-1.256412265196e-16,9.201152052225e-15,9.419591111467e-16,2854.083693552,1.22091056225,-154.2809124164
75,37.5,192,-8.614864914636e-17,9.22321366761e-15,-2.656310526709e-15,2922.693131442,0.444647880045,-153.7439933965
75,37.5,193,-1.298563870042e-16,9.134710294373e-15,-1.573757476311e-15,2785.559047227,-1.082211492504,-152.5383151013
75,37.5,194,-1.231189418107e-16,9.310706177722e-15,-8.936702842348e-16,2684.323732706,0.672163219355,-154.8313839972
75,37.5,195,-1.250196996756e-16,9.204607313803e-15,-1.506077987927e-15,2677.095646253,-1.097912743334,-153.8431086245
75,37.5,196,-1.424837724952e-16,9.262347562684e-15,3.891060600827e-16,2677.695356373,-0.07074859979416,-154.823256763
75,37.5,197,-1.219833711469e-16,9.344420629992e-15,-1.525709784601e-15,2842.043575283,-2.291485856951,-156.1006300623
75,37.5,198,-1.472874687605e-16,9.222650479539e-15,-1.432211760409e-15,2673.425513729,0.5864318824044,-154.4501237443
75,37.5,199,-1.459778149965e-16,9.19953197764e-15,-1.704305424312e-15,2740.07233072,-1.57818982711,-153.5797490348
75,37.5,200,-1.339493638302e-16,9.152861339345e-15,-1.441648332434e-15,2684.577213281,-1.747603714188,-152.9233894504
75,37.5,201,-1.166653465929e-16,9.182512745264e-15,-3.174145994238e-15,2783.146857257,1.372785871785,-153.5497665129
75,37.5,202,-1.438445149251e-16,9.281958263326e-15,-6.846374466803e-17,2739.101093753,0.9638859510096,-155.02671934
75,37.5,203,-1.281335228124e-16,9.190882177941e-15,1.040506596061e-16,2769.386208614,-1.115623303823,-153.7735981762
75,37.5,204,-1.084269782518e-16,9.23062362466e-15,-2.565928497693e-15,2857.516555702,-0.8031221376921,-154.5169027042
75,37.5,205,-1.084395135241e-16,9.201562097133e-15,3.113539667773e-16,2743.728616773,-1.928066290914,-153.7551740815
75,37.5,206,-1.293001722829e-16,9.246144901095e-15,-4.716494046685e-16,2865.380167531,0.2847494509173,-154.5173033407
75,37.5,207,-1.487291645012e-16,9.221865204688e-15,1.809090677125e-15,2704.603548978,1.771879479009,-154.2295475178
75,37.5,208,-1.340282193251e-16,9.209642001311e-15,-5.267868666742e-16,2695.360022886,-3.078263388478,-154.2660880355
75,37.5,209,-1.398116003413e-16,9.258034327151e-15,-7.609007475743e-16,2787.624645648,-0.5810452227719,-154.7587343033
75,37.5,210,-1.245582834125e-16,9.185702189073e-15,-1.250233138285e-15,2784.020753919,-0.3289818259552,-153.5863782638
75,37.5,211,-1.55578731381e-16,9.240282445729e-15,-1.829330970102e-15,2744.959652047,-0.2574197938446,-153.6118381073
75,37.5,212,-1.467513909607e-16,9.284655653725e-15,4.443986029831e-16,2666.118022094,1.404362406741,-155.0999920582
75,37.5,213,-1.281057842409e-16,9.220932442641e-15,-9.113977860635e-16,2670.614229048,2.134592467179,-153.8431872635
75,37.5,214,-1.125177241647e-16,9.271082369304e-15,-2.108274172563e-15,2696.867806131,-0.9793511130819,-154.8221868823
75,37.5,215,-1.521261316785e-16,9.214788884058e-15,-8.489706076159e-16,2768.800663834,4.320837606919,-154.4611530467
75,37.5,216,-1.44530165261e-16,9.251178944618e-15,-1.297630880157e-15,2741.845001072,1.206155242704,-154.3159049824
75,37.5,217,-1.611341875777e-16,9.21426313659e-15,-4.558455443298e-16,2729.385808101,-0.5217922746664,-153.6471382994
75,37.5,218,-1.485792577028e-16,9.156464512119e-15,-3.968842505441e-16,2805.82202634,0.5205964851837,-152.8378565964
75,37.5,219,-1.421539268255e-16,9.211078474229e-15,-1.358298934707e-16,2820.027730489,-2.530500803308,-153.9667651738
75,37.5,220,-1.267102044958e-16,9.182523094703e-15,-1.908757180882e-15,2804.875682436,0.6666496801934,-153.1441820879
75,37.5,221,-1.390320971823e-16,9.29159667177e-15,4.29297752688e-16,2730.262874187,-0.4966811044091,-155.2926820589
75,37.5,222,-1.519575001533e-16,9.312473374074e-15,1.718110197642e-16,2803.708872071,-0.7681142780777,-156.0338690795
75,37.5,223,-1.438154751303e-16,9.197843971092e-15,1.32251944002e-16,2775.248573577,1.147313307446,-153.8516120194
75,37.5,224,-1.315696324858e-16,9.181373533153e-15,-2.610486120162e-16,2643.687335386,0.4043517964284,-153.6966427028
75,37.5,225,-1.322341048114e-16,9.145329390944e-15,1.209079238809e-15,2629.877384465,-0.681823920337,-152.6356151895
75,37.5,226,-1.180095728619e-16,9.243982195504e-15,-2.312096283619e-15,2809.692083748,3.167121522839,-154.4452169804
75,37.5,227,-1.344734010304e-16,9.201735337794e-15,-2.30329051243e-15,2859.990049965,1.464725201345,-153.7925665391
75,37.5,228,-1.230667765058e-16,9.305601347152e-15,-3.525082664962e-16,2771.474389876,0.7635702944697,-155.0931583026
75,37.5,229,-1.340339170025e-16,9.262630029207e-15,-3.730070383522e-16,2865.715740178,1.01095903538,-154.5758605054
75,37.5,230,-1.460786831852e-16,9.226089973613e-15,-4.706902725773e-16,2846.765567972,-0.02671519987409,-154.2302183147
75,37.5,231,-1.118392909559e-16,9.196106711545e-15,-1.029439095759e-17,2752.266676742,-1.805313524461,-153.8811358721
75,37.5,232,-1.485369263241e-16,9.265032062519e-15,-3.433642874289e-15,2739.577949512,-1.392491474918,-154.7130493499
75,37.5,233,-1.569593025103e-16,9.179776880599e-15,-8.816163838788e-16,2787.851148334,0.1799050520593,-153.335939088
75,37.5,234,-9.545478172272e-17,9.234641858699e-15,-8.150829838111e-16,2754.673228779,-2.237987971198,-154.3750194247
75,37.5,235,-1.111787375994e-16,9.202100739789e-15,-5.592378863401e-16,2839.012266627,-2.257494626665,-153.6533587096
75,37.5,236,-1.255334927067e-16,9.232516011573e-15,-3.430700742562e-16,2658.872501387,0.8621635862286,-154.4909963653
75,37.5,237,-1.201820161186e-16,9.178811697269e-15,-2.695796926112e-15,2835.777715209,-0.6024462367671,-153.4016924398
75,37.5,238,-1.576207911043e-16,9.31778297907e-15,-4.126438670665e-16,2858.728559132,-0.0763829577467,-155.7710733523
75,37.5,239,-1.50100163899e-16,9.174766898745e-15,1.113575705145e-16,2731.764581353,-0.9703074909677,-153.0587904098
75,37.5,240,-1.039406165695e-16,9.190374294151e-15,-1.677641209319e-16,2779.522517125,3.238180363537,-153.3438511415
75,37.5,241,-1.181623554812e-16,9.189691417662e-15,-3.645424110037e-15,2745.386006834,0.4917411486719,-153.6219032969
75,37.5,242,-1.357123549735e-16,9.29277269263e-15,-2.92990990611e-16,2716.145809387,0.05554768050396,-155.5600934501
75,37.5,243,-1.40016259278e-16,9.225605619004e-15,-2.32921865512e-15,2643.703554107,1.216247380491,-154.1437991016
75,37.5,244,-1.479411059832e-16,9.193234025746e-15,9.82692686609e-17,2715.837996661,1.001171273787,-153.3177037903
75,37.5,245,-1.510451748459e-16,9.232640287351e-15,-1.336030198466e-15,2745.953915091,1.24198707317,-154.3732394114
75,37.5,246,-1.174738926508e-16,9.161167505923e-15,-8.338461151596e-17,2818.541181976,0.881286659993,-152.7468519187
75,37.5,247,-9.015243967386e-17,9.211749773657e-15,-1.546938098865e-16,2736.393366375,-1.659425127649,-154.1381348298
75,37.5,248,-1.011884033292e-16,9.192346622924e-15,-1.352202526862e-15,2719.17145134,1.108915713172,-153.312969621
75,37.5,249,-1.546843304669e-16,9.276396247989e-15,-3.5255730871e-15,2833.424164871,-1.638519400753,-155.2119767772
75,37.5,250,-1.079398637588e-16,9.290231859299e-15,-3.309455429851e-16,2830.336500574,0.8089809611033,-155.2786551333
75,37.5,251,-1.332049097335e-16,9.169715569108e-15,1.893702128873e-15,2699.830971869,-0.08438597278087,-152.8510887955
75,37.5,252,-1.613923720557e-16,9.175053479116e-15,-1.213389212871e-15,2796.015410597,0.1194431864713,-153.7196910269
75,37.5,253,-1.488815309061e-16,9.249735940576e-15,1.044596760816e-15,2806.294591632,0.0002209810383564,-154.5816640053
75,37.5,254,-1.58986903948e-16,9.25287729597e-15,-1.245289964979e-15,2832.757608603,-1.737720599625,-154.5419137429
75,37.5,255,-1.484675013117e-16,9.119715121345e-15,-8.446526157279e-16,2772.543457769,1.706007008141,-152.3080061012
75,37.5,256,-1.52442949781e-16,9.191355540252e-15,-1.803126567348e-16,2836.314713371,-0.06265871685913,-153.80731093
75,37.5,257,-1.568307033252e-16,9.288289077175e-15,-1.570272080543e-15,2758.6190881,0.1837748553641,-155.0466639523
75,37.5,258,-1.007039489123e-16,9.207256848747e-15,-3.356692209693e-15,2702.905161335,-0.8220487414872,-153.8917197026
75,37.5,259,-1.166857702634e-16,9.290593510713e-15,-8.115095310163e-16,2730.527979344,-1.43272597052,-155.1671989826
75,37.5,260,-1.173926635394e-16,9.227308885057e-15,1.393971074445e-18,2779.892666397,-0.9267462031998,-154.0071799457
75,37.5,261,-1.124792298799e-16,9.138522652171e-15,4.853295389558e-16,2790.158923991,-0.03513473102697,-152.8334904558
75,37.5,262,-1.352308253201e-16,9.183896042841e-15,-1.404498642461e-15,2772.409630858,-0.5124371058277,-153.7770387203
75,37.5,263,-1.487034229933e-16,9.153757709919e-15,-3.151997000256e-16,2719.035302633,-0.01926951806965,-153.3502350754
75,37.5,264,-1.073866293998e-16,9.180084163692e-15,-1.707320215815e-15,2676.259129417,0.4010532991404,-152.959590722
75,37.5,265,-1.314589907658e-16,9.160243453098e-15,2.37700587996e-17,2810.65031855,1.643586546648,-152.9977020479
75,37.5,266,-1.350481369048e-16,9.345524204038e-15,-3.883326187568e-16,2754.000986943,-1.331753651252,-155.3092061502
75,37.5,267,-1.324175094518e-16,9.146168148659e-15,-6.083434391394e-18,2784.063872127,0.0435422206624,-152.5618449995
75,37.5,268,-1.371919712829e-16,9.253667476685e-15,6.110321585668e-16,2721.724960949,-0.303441760704,-154.5617770168
75,37.5,269,-1.256407432027e-16,9.22586024636e-15,-3.59599794443e-16,2876.502705822,-1.200063542363,-153.7976850559
75,37.5,270,-1.585298005566e-16,9.253494567763e-15,-7.52605510182e-16,2693.568146072,0.5648900796384,-154.6020753527
75,37.5,271,-1.419543124003e-16,9.306345096035e-15,-2.121837885041e-15,2762.795421926,-0.05817614723558,-155.3525007788
75,37.5,272,-1.443450345671e-16,9.219571364918e-15,-8.660566996719e-16,2743.053976122,0.1372870817816,-153.8157009462
75,37.5,273,-1.617727800817e-16,9.268261746072e-15,4.471358172446e-16,2727.508529315,-0.06653135102202,-154.4045120789
75,37.5,274,-1.587287029292e-16,9.154984584282e-15,3.321380880796e-16,2770.759086894,0.2960364966969,-152.7566567822
75,37.5,275,-9.237283281453e-17,9.159774560512e-15,1.183966816745e-15,2716.044925024,0.5846730256321,-152.9224416381
75,37.5,276,-1.242557397231e-16,9.219017328336e-15,-9.052281093821e-16,2850.622188387,-1.207830301542,-153.8432082194
75,37.5,277,-1.364689055687e-16,9.192952622723e-15,-3.146094602777e-16,2856.607735517,0.1627031480507,-154.0740208212
75,37.5,278,-1.164764275143e-16,9.218372098495e-15,-1.234335369027e-15,2760.164771876,-0.5586615500628,-154.3112651112
75,37.5,279,-1.385839773096e-16,9.17127452248e-15,-4.625760906829e-16,2807.209216463,-0.3233538165621,-153.5640028514
75,37.5,280,-1.412550755149e-16,9.150403181624e-15,-6.937966422204e-18,2785.78953039,1.424437155832,-153.335790472
75,37.5,281,-1.515653352825e-16,9.198034230945e-15,-8.490786774538e-16,2766.681314342,-0.5482920088494,-153.8020696213
75,37.5,282,-1.280603129624e-16,9.299318098258e-15,-2.5228518984e-15,2726.149894924,-0.9237110863488,-155.3967399381
75,37.5,283,-1.304813056519e-16,9.241816979187e-15,-1.028447530399e-15,2802.123044793,-0.1435134882502,-154.3561565305
75,37.5,284,-1.251349380772e-16,9.160361709469e-15,-2.055464792933e-15,2813.739758523,-1.339126353035,-153.4148622424
75,37.5,285,-1.358330107457e-16,9.198936901369e-15,-9.010297210797e-16,2751.383178482,-0.3778763366561,-153.3888284343
75,37.5,286,-1.006241090217e-16,9.118844994888e-15,-4.598553904083e-16,2805.877059315,-0.7436450464339,-152.4542417543
75,37.5,287,-1.219042795953e-16,9.217459988566e-15,-8.431897198566e-16,2760.275170651,0.5145598228789,-153.6705327188
75,37.5,288,-1.341005561731e-16,9.154307784517e-15,-2.697603550726e-15,2755.477523238,-2.082041718653,-152.8035964812
75,37.5,289,-1.299850398614e-16,9.205765852816e-15,-4.273204573372e-16,2650.251862699,0.4385860835037,-154.2278698602
75,37.5,290,-1.36971887377e-16,9.181113576286e-15,-1.795142583731e-15,2716.085965475,-1.953490075619,-153.7183394135
75,37.5,291,-1.163964532623e-16,9.258607846058e-15,1.245914207186e-16,2789.418526164,1.77099901363,-154.5609231143
75,37.5,292,-1.089958735481e-16,9.223109756314e-15,-1.999741532631e-15,2743.240424235,0.008517159346601,-154.4700131669
75,37.5,293,-1.293635810775e-16,9.19335554617e-15,-9.275260545083e-16,2690.092215339,-0.7425285540335,-153.986980828
75,37.5,294,-1.270793340535e-16,9.258430575478e-15,-8.231233244381e-17,2669.09738377,-1.540279007526,-154.1599464281
75,37.5,295,-1.485689747328e-16,9.26515190143e-15,-2.039902007181e-15,2758.729036586,-1.527575296488,-154.7722175011
75,37.5,296,-1.53338072419e-16,9.27353007287e-15,-8.076321569834e-16,2632.512106413,-0.6315289606693,-154.555168136
75,37.5,297,-1.456745435793e-16,9.236623394063e-15,-9.905492313273e-16,2761.829189013,-0.9953454375634,-154.3606549468
75,37.5,298,-1.260976735532e-16,9.150880319617e-15,-4.737393040449e-16,2836.726677712,-0.4133829276343,-153.0039489889
75,37.5,299,-1.333392997007e-16,9.241574282974e-15,-1.553001161008e-15,2872.806755969,-0.583703411858,-154.5921865198
75,37.5,300,-1.395675866669e-16,9.201406188415e-15,-1.32763163824e-15,2760.805255556,0.3116650140961,-153.8190849842
75,37.5,301,-1.193242924379e-16,9.269121855206e-15,1.31927345113e-15,2720.416606647,1.064399467103,-154.717495822
75,37.5,302,-1.586051091891e-16,9.20707870868e-15,-3.609738233625e-16,2764.699966587,0.8057536967215,-153.6090236531
75,37.5,303,-1.302891198593e-16,9.179159331199e-15,-7.05257558731e-16,2729.399993892,1.774083497076,-153.1021915556
75,37.5,304,-1.493617018777e-16,9.298660316686e-15,-1.900280334419e-15,2697.089839562,0.2256733382522,-155.3335220263
75,37.5,305,-1.383426924343e-16,9.199481259103e-15,-1.146251589805e-15,2742.975182678,1.125540343142,-153.2758674841
75,37.5,306,-1.459859548216e-16,9.284762949936e-15,3.521078092502e-16,2730.401586934,0.02310912666925,-154.9796632745
75,37.5,307,-1.222720524788e-16,9.206677000511e-15,-9.563132572921e-16,2634.516095567,-1.831836700639,-153.5077298094
75,37.5,308,-1.214082753143e-16,9.153401556619e-15,-1.672374401179e-16,2726.291358551,-0.7911288632358,-153.2421196637
75,37.5,309,-1.370526374705e-16,9.246983693998e-15,-1.232838414157e-15,2698.437777793,1.039175859927,-154.2509150865
75,37.5,310,-1.405431095783e-16,9.150296735035e-15,-3.116922335519e-15,2805.378223422,0.0526225787358,-153.0755026216
75,37.5,311,-1.352227677031e-16,9.321307421053e-15,-1.145973490515e-15,2802.248250964,-0.06351644056797,-155.1376818404
75,37.5,312,-1.140680148163e-16,9.289674397387e-15,-6.632259661831e-16,2793.497476603,-2.846741003279,-155.3424032356
75,37.5,313,-1.162662743496e-16,9.242035496398e-15,-7.090783712579e-16,2639.576281959,1.160974890308,-154.2503569869
75,37.5,314,-1.221025123383e-16,9.211822507562e-15,-1.712881393227e-15,2746.858484333,-2.461604069329,-153.6198182302
75,37.5,315,-1.07514334529e-16,9.252331687706e-15,-1.561975993471e-15,2862.291171777,0.8294468621775,-154.3192918496
75,37.5,316,-1.224354872736e-16,9.149625333722e-15,-6.3915574913e-16,2812.324633021,0.02386983643201,-152.3134180293
75,37.5,317,-1.280279917291e-16,9.193056452357e-15,-2.470670890601e-15,2711.410007925,-1.170623335291,-153.7302165221
75,37.5,318,-1.503004449549e-16,9.243003297007e-15,-1.162656221634e-15,2787.031929074,-0.06376217414095,-154.061042281
75,37.5,319,-1.471963866997e-16,9.121859367119e-15,6.229533530067e-16,2735.140961343,1.014812908255,-151.9208290541
75,37.5,320,-1.115128172762e-16,9.153818196806e-15,3.293491195116e-16,2714.184408851,-0.709849357505,-153.6401608354
75,37.5,321,-1.370886332636e-16,9.195813269251e-15,-1.753660373922e-15,2771.878911917,-0.2160346317031,-153.6273704467
75,37.5,322,-1.351453407888e-16,9.254523651085e-15,-7.967647594764e-16,2837.194990155,0.237434602368,-154.3606063463
75,37.5,323,-1.376930410218e-16,9.250157052136e-15,-1.042811347396e-15,2749.694498276,0.5407190607518,-154.6602866251
75,37.5,324,-9.763980120258e-17,9.184589155932e-15,-1.130245456516e-15,2765.643600119,0.9247300189888,-153.8780313503
75,37.5,325,-1.335873518341e-16,9.267574704756e-15,6.18818293064e-16,2752.407862842,0.08553931292366,-155.3578108548
75,37.5,326,-1.327040280903e-16,9.240893670764e-15,-1.142929569376e-15,2776.973903586,2.600571843053,-154.214375524
75,37.5,327,-1.513713250537e-16,9.202306954918e-15,-4.506224751757e-16,2755.593775567,0.0935246106527,-153.5717243894
75,37.5,328,-1.320481120104e-16,9.142320177237e-15,-3.651815365352e-15,2736.990184265,0.8659935575311,-152.7853906463
75,37.5,329,-1.208967671661e-16,9.223872383395e-15,7.004257051084e-16,2719.766759491,0.6387752141318,-153.7959528324
75,37.5,330,-1.229138823898e-16,9.139605135367e-15,-8.408697347339e-16,2805.681075505,-2.892863932645,-153.3356571222
75,37.5,331,-1.360804483645e-16,9.300779167825e-15,1.092167673023e-15,2792.575368207,-0.2507470212143,-155.4574089287
75,37.5,332,-1.680503405671e-16,9.298277306509e-15,1.219588179599e-15,2711.591037211,0.7833992750524,-155.3659936064
75,37.5,333,-1.514578257108e-16,9.281518684092e-15,-1.610304724632e-16,2709.926084717,-1.148581014126,-154.8885180397
75,37.5,334,-1.150467503198e-16,9.088686391304e-15,-6.618137897379e-16,2748.618886078,-2.997477724962,-152.2502340209
75,37.5,335,-1.483344935122e-16,9.22303497129e-15,-1.320324869632e-15,2895.923601613,0.5458916070479,-154.1727545632
75,37.5,336,-1.390111469934e-16,9.108250252897e-15,-2.611310916309e-15,2823.848873108,0.2283752472607,-152.6568165336
75,37.5,337,-1.307563100852e-16,9.19127889265e-15,1.08518982919e-15,2818.830803141,-1.271966487292,-153.3786128992
75,37.5,338,-1.374376404025e-16,9.17715819367e-15,3.0344525214e-16,2775.822609016,0.7410835522699,-153.8106621251
75,37.5,339,-1.196162133325e-16,9.241107656136e-15,-1.111692343017e-15,2790.678193689,-0.08055860507321,-154.0192455792
75,37.5,340,-1.060405736493e-16,9.198065201658e-15,7.181510729896e-16,2830.270983341,0.04095039966451,-154.1296674832
75,37.5,341,-1.540771842877e-16,9.261567658944e-15,3.05288798697e-17,2744.27474367,0.6477435471052,-154.5884274017
75,37.5,342,-1.222471702631e-16,9.308044059298e-15,1.159327247626e-15,2740.640960547,0.6671871261462,-155.0768698724
75,37.5,343,-1.355441963327e-16,9.239191001658e-15,2.570724374295e-16,2706.167405274,-1.967658851928,-154.2436723483
75,37.5,344,-1.30169996461e-16,9.190711920009e-15,-1.973553240872e-15,2731.32269152,2.137617659773,-153.4358824508
75,37.5,345,-1.597835667879e-16,9.082151837794e-15,3.296259951673e-16,2771.92745266,2.428187449831,-151.8739661793
75,37.5,346,-1.287332248062e-16,9.262247521014e-15,-1.497356369972e-15,2790.302170761,0.511395320624,-155.0829297457
75,37.5,347,-1.588911436687e-16,9.245723095262e-15,-3.474145400931e-15,2861.843309209,0.5678113206845,-154.7779143935
75,37.5,348,-1.586450054401e-16,9.252696115102e-15,-5.195105579499e-16,2852.050616148,0.1360212391477,-154.4545498988
75,37.5,349,-1.172201574707e-16,9.231924207343e-15,2.744786913473e-16,2711.51320429,-0.1381094298993,-154.0803952876
75,37.5,350,-1.337823671712e-16,9.22544516593e-15,-1.730537900662e-15,2726.736833927,0.2288570653042,-154.484286906
75,37.5,351,-1.222556313984e-16,9.214734329618e-15,6.228834626989e-16,2762.492355404,0.1396518275279,-153.9227648277
75,37.5,352,-1.122911713075e-16,9.169368691251e-15,-7.534707514231e-16,2788.062098324,0.1153645362149,-153.1222123446
75,37.5,353,-1.015017435359e-16,9.241040584694e-15,-2.743595372459e-15,2870.032305171,0.1530505619634,-154.5838153691
75,37.5,354,-1.327270481892e-16,9.100048306341e-15,-3.340077357084e-15,2855.708824579,-0.07412108339518,-152.2950130342
75,37.5,355,-1.015918670604e-16,9.206235989772e-15,-2.385795228753e-15,2801.675328594,1.007594963739,-154.1085620329
75,37.5,356,-1.191651222616e-16,9.164438244303e-15,-1.467375054321e-17,2871.918145315,-1.991727281255,-153.1333200274
75,37.5,357,-1.19758796724e-16,9.157673747137e-15,-1.57570056098e-15,2743.872955093,-2.571509816376,-153.035350422
75,37.5,358,-1.521056309701e-16,9.1747842885e-15,-1.117315775155e-15,2687.879613433,0.8676024559199,-153.7631587527
75,37.5,359,-9.998232672523e-17,9.192726527965e-15,-1.418329558172e-15,2830.777226629,0.6256062254472,-153.5059321812
75,37.5,360,-1.292438989774e-16,9.174653646767e-15,-1.261431607712e-15,2700.475689634,2.888330204927,-153.1518547327
75,37.5,361,-1.176178612596e-16,9.182801300537e-15,-2.885718237764e-16,2830.563296361,0.06029486442119,-153.6271160475
75,37.5,362,-1.180671744545e-16,9.23726036202e-15,-1.515297162153e-15,2665.293435195,1.667177021012,-154.3365919942
75,37.5,363,-1.384978003214e-16,9.136980849318e-15,2.116840014097e-16,2761.591031213,-0.7986018750936,-152.5645920408
75,37.5,364,-1.403176405328e-16,9.12709401452e-15,3.43283228533e-16,2777.095566866,0.2602725941907,-152.8485528771
75,37.5,365,-1.184522342414e-16,9.202143510843e-15,-4.142355433723e-16,2824.240449737,1.271932090143,-153.4509971657
75,37.5,366,-1.168988832492e-16,9.246776889596e-15,-5.830772736253e-16,2724.91701521,-0.1370037978981,-154.4188588849
75,37.5,367,-1.379154147265e-16,9.246646582441e-15,-9.810633964388e-16,2743.380467614,1.183856069835,-154.834835786
75,37.5,368,-1.089146666598e-16,9.157287958454e-15,-1.330798596636e-15,2842.076299596,-0.5260316193468,-152.9115758823
75,37.5,369,-1.284024308563e-16,9.285830520153e-15,-1.563093878408e-15,2582.768543644,1.477614234458,-155.0362536829
75,37.5,370,-1.172634366998e-16,9.191734527425e-15,7.13997112198e-18,2665.152675046,-0.195303370012,-153.689420129
75,37.5,371,-1.432676221688e-16,9.209798842656e-15,-1.158147830972e-15,2736.129126564,2.562173323563,-153.945535028
75,37.5,372,-1.40136729484e-16,9.262289372277e-15,-1.013689326178e-15,2774.388151416,-1.533802832102,-154.6073877124
75,37.5,373,-1.28567779799e-16,9.149963317917e-15,-3.676968799234e-16,2803.983949338,-0.1812511967194,-152.5360180133
75,37.5,374,-1.435841800741e-16,9.292458897602e-15,-2.997654504213e-15,2797.168238571,-0.4268473633272,-155.3150254313
75,37.5,375,-1.289944989261e-16,9.229585106001e-15,-1.294720762081e-16,2788.600376805,-1.903350007052,-154.0643230465
75,37.5,376,-1.299160475257e-16,9.053598292438e-15,-1.599051947272e-15,2797.741609152,2.860891531445,-151.724004174
75,37.5,377,-1.518817145018e-16,9.172609499808e-15,2.690289272799e-16,2785.332648715,1.808966113754,-153.6151462984
75,37.5,378,-1.603741750014e-16,9.252209745524e-15,1.141873332055e-15,2941.674183788,-0.131427333258,-154.5106774459
75,37.5,379,-1.362216099037e-16,9.26515175406e-15,-1.377510357348e-15,2751.676158975,-2.128504051456,-154.8835815132
75,37.5,380,-1.692039442661e-16,9.23166808501e-15,-2.685479959311e-15,2766.445432125,0.1134238129141,-154.2050695884
75,37.5,381,-1.421614287743e-16,9.260599700068e-15,-1.985259037669e-15,2834.295959976,0.6462899560131,-154.7393617155
75,37.5,382,-1.316912049623e-16,9.178856503311e-15,-4.315270713752e-16,2810.797904826,-0.7874194666325,-153.5386036829
75,37.5,383,-1.501524427794e-16,9.199035730938e-15,-1.752525365789e-15,2898.533560844,-0.8924191064716,-153.8432884106
75,37.5,384,-1.437678023994e-16,9.235467610832e-15,-8.262355649591e-16,2706.260647427,1.374322849879,-154.5849448935
75,37.5,385,-1.52991391017e-16,9.237375502291e-15,2.082627964928e-15,2760.860092443,-0.2541810525222,-154.3390507159
75,37.5,386,-1.120357224727e-16,9.082714856542e-15,-7.555707365328e-16,2646.098252602,-0.5671155836853,-152.137921238
75,37.5,387,-1.464920700171e-16,9.199374436938e-15,-2.123372552695e-16,2775.722717136,0.9441382229007,-153.6300228796
75,37.5,388,-1.444347285812e-16,9.219182189656e-15,-4.887398953968e-16,2718.83229781,0.3583580587465,-153.8561524641
75,37.5,389,-1.063464905043e-16,9.142094974396e-15,-1.16504539999e-15,2802.273359711,0.5141665868486,-152.6593680357
75,37.5,390,-1.265205885923e-16,9.266859499945e-15,-3.069473692162e-15,2770.15155558,-1.355996317609,-154.6467284976
75,37.5,391,-1.180000889145e-16,9.183847317146e-15,-4.201845955728e-17,2832.970101814,1.21708924289,-152.8368955643
75,37.5,392,-1.534764210352e-16,9.23139833675e-15,1.722002372092e-17,2737.699905036,1.621346883321,-154.5865310131
75,37.5,393,-1.336243202091e-16,9.158925557497e-15,-1.226423901835e-15,2736.636568623,-0.9054245020226,-153.0858158242
75,37.5,394,-1.332108207859e-16,9.220263226476e-15,-1.964170719236e-15,2736.727845696,-2.343977658841,-153.5398631558
75,37.5,395,-1.586298106711e-16,9.229182164278e-15,-8.504176905441e-16,2709.336105137,-1.277918480188,-153.9990336004
75,37.5,396,-1.438766749591e-16,9.198525114021e-15,-2.136407649733e-15,2679.547695428,1.919063091656,-154.1755863101
75,37.5,397,-1.672521395402e-16,9.139791793125e-15,2.202556993061e-16,2698.141088967,1.572700879387,-152.7377598642
75,37.5,398,-1.582559165647e-16,9.247943363426e-15,-8.375437196433e-16,2820.661947444,-2.273088168028,-154.1698350333
75,37.5,399,-1.282450372801e-16,9.228996548061e-15,-2.390402973772e-15,2699.894222947,1.80853270217,-154.6048320247
75,37.5,400,-1.863695513806e-16,9.217832180321e-15,7.960268990497e-16,2821.765044974,-0.7311172197071,-153.9664033831
75,37.5,401,-1.217850961521e-16,9.37488881772e-15,-1.152625865102e-15,2715.313143944,2.006217559247,-156.1281054445
75,37.5,402,-1.473931183738e-16,9.154454429018e-15,-8.716447551445e-16,2752.357358944,-0.06661128389554,-153.3146378525
75,37.5,403,-1.119162183963e-16,9.336337344117e-15,-1.263115457742e-15,2767.306656739,1.49802431178,-155.8729527811
75,37.5,404,-1.235384431599e-16,9.206840722827e-15,-1.01079900559e-16,2715.59260745,1.036177761182,-153.5079875576
75,37.5,405,-1.531748428639e-16,9.248203694045e-15,5.02844869432e-16,2733.377409378,-0.1643430783778,-154.638816328
75,37.5,406,-1.24830606948e-16,9.146729893973e-15,-1.751542034304e-15,2726.211597491,0.226406448735,-153.0912947707
75,37.5,407,-1.328052161685e-16,9.300717304816e-15,-1.773343577651e-15,2766.768169877,-1.635349514102,-154.9145131684
75,37.5,408,-1.571278271002e-16,9.253166017955e-15,-1.236720160102e-15,2768.141808495,-0.9320387035366,-154.4839298333
75,37.5,409,-1.142435127607e-16,9.186035636644e-15,-1.193374802667e-15,2739.904501987,1.211323768005,-153.4048763168
75,37.5,410,-1.389917949644e-16,9.203045744064e-15,1.789022600341e-15,2741.108035868,-0.3758561439886,-153.7528745093
75,37.5,411,-1.179489106501e-16,9.242272520892e-15,3.623648209782e-16,2703.92933903,0.7283962725262,-154.4467382744
75,37.5,412,-1.371203425171e-16,9.169219492411e-15,-2.141539798482e-15,2806.841225146,0.8942165812652,-153.2044214071
75,37.5,413,-1.229444128006e-16,9.107025859654e-15,-1.131022723632e-15,2651.820973373,-1.240323145093,-152.4649897183
75,37.5,414,-1.331980019906e-16,9.180314324862e-15,-2.033056714317e-15,2727.942563575,0.1666798981307,-153.4354469492
75,37.5,415,-1.604018120674e-16,9.174173677518e-15,1.603323472822e-15,2726.247957183,-1.703199715076,-153.1447954196
75,37.5,416,-1.317513235691e-16,9.191907957827e-15,-5.928731548913e-16,2747.980344624,2.512945174903,-154.1719269966
75,37.5,417,-1.3402237669e-16,9.167462096505e-15,-1.558062906437e-15,2828.256420579,-0.396997130657,-153.6750742903
75,37.5,418,-1.048245259099e-16,9.237598522071e-15,-1.096679595389e-15,2730.777605054,-0.8668849232512,-154.437129692
75,37.5,419,-1.3649084556e-16,9.163804316435e-15,-9.496006606314e-16,2672.583356524,-0.4036826883359,-153.2802050292
75,37.5,420,-1.337250856481e-16,9.226626409014e-15,2.436992948995e-16,2878.22292675,-1.92690706707,-154.2867820592
75,37.5,421,-1.58462947274e-16,9.298613694394e-15,-8.299328080227e-16,2734.114995014,1.926734160653,-155.4197373702
75,37.5,422,-1.424281225431e-16,9.186028474058e-15,-1.803942510673e-15,2731.155781067,-1.775836274232,-153.4922881101
75,37.5,423,-1.292714193478e-16,9.169582381233e-15,-2.047775006857e-15,2734.084403954,-0.3954592903746,-153.3484088614
75,37.5,424,-1.0577425184e-16,9.244897333537e-15,-1.834524661618e-16,2716.457311662,-0.1096831498242,-154.3665101078
75,37.5,425,-1.119635467147e-16,9.206710857599e-15,-1.405493785305e-15,2779.516746722,1.408208780918,-153.8093664956
75,37.5,426,-1.44080736752e-16,9.33908244452e-15,-3.600145455907e-15,2725.228561371,1.06738416863,-156.1578812298
75,37.5,427,-1.265582925167e-16,9.19239235053e-15,-2.480442914416e-16,2647.004621234,-0.1619841002485,-153.5890618843
75,37.5,428,-1.188712555961e-16,9.158930687938e-15,1.157872970611e-15,2721.326272887,1.060577782985,-153.0719251951
75,37.5,429,-1.750887191395e-16,9.293453884527e-15,-2.703955555566e-15,2775.639019737,1.945895192327,-155.1702714951
75,37.5,430,-1.319128709146e-16,9.227666417119e-15,4.914512751413e-16,2731.280989715,1.754948052625,-154.3517930972
75,37.5,431,-1.331270411554e-16,9.258460268897e-15,-3.563793488814e-16,2755.920975259,0.8535722043021,-154.4478235801
75,37.5,432,-1.5652939889e-16,9.190281955428e-15,8.803141808238e-16,2674.404340516,-1.166136965693,-153.6453517792
75,37.5,433,-1.518428604388e-16,9.189182035921e-15,-1.590644267168e-15,2766.437099097,0.6249564419557,-153.7010799154
75,37.5,434,-1.330830489064e-16,9.192490869964e-15,-4.532731688869e-16,2809.625592071,0.2905822376403,-153.1851965672
75,37.5,435,-1.207497140723e-16,9.19499762738e-15,-3.023546675523e-16,2780.192921316,1.698708455559,-153.2152457024
75,37.5,436,-1.308674511255e-16,9.206791284089e-15,3.210123575936e-16,2698.862565678,-0.5867317880638,-154.1379405699
75,37.5,437,-1.171345134728e-16,9.279760310684e-15,1.368709107196e-16,2718.202041501,2.520662827289,-154.8683519049
75,37.5,438,-1.026380983296e-16,9.264446027072e-15,-2.536658885417e-15,2803.407149934,1.538517445944,-154.5261163542
75,37.5,439,-1.477960436532e-16,9.196856699059e-15,-5.384540286249e-16,2693.502924739,0.05752051459496,-153.7379760508
75,37.5,440,-1.244602207258e-16,9.238268413963e-15,-2.051418916236e-15,2748.854496279,0.8422826446014,-154.7364883517
75,37.5,441,-1.307729016836e-16,9.184996284468e-15,-1.592848979778e-16,2858.518084009,-0.7683013460422,-153.5311268586
75,37.5,442,-1.301322165599e-16,9.279866094723e-15,-6.143956877929e-16,2678.338235538,1.027593940526,-155.0199588932
75,37.5,443,-1.288516349478e-16,9.261869993171e-15,-1.207847631484e-15,2810.111787515,-1.75329883406,-154.5955107697
75,37.5,444,-1.253508294097e-16,9.229544097592e-15,-2.990537666493e-16,2741.707162901,-0.06218339635178,-153.9790461242
75,37.5,445,-1.282608989115e-16,9.124790773915e-15,8.736489442637e-16,2849.405638536,-1.931332652487,-152.5202538828
75,37.5,446,-1.355180599372e-16,9.216084065362e-15,4.150350206916e-16,2731.230685092,1.185387155931,-153.5551056693
75,37.5,447,-1.010929823743e-16,9.150013561747e-15,-5.8935581473e-16,2743.058338584,-0.2345411109705,-152.8917595203
75,37.5,448,-1.244094661368e-16,9.237791073526e-15,-1.132225618195e-15,2750.074509424,0.0114294563305,-154.1301830313
75,37.5,449,-1.501715493858e-16,9.247127993501e-15,-2.55477404652e-15,2817.466987721,-2.553932998914,-154.1675869856
75,37.5,450,-1.424148316118e-16,9.222191129849e-15,-3.735858406638e-16,2826.27845585,-1.059442613246,-153.5859229011
75,37.5,451,-1.404594570706e-16,9.250030080339e-15,4.698511285706e-16,2750.953643791,0.8697262404515,-154.1767649183
75,37.5,452,-1.473066863988e-16,9.115390413128e-15,1.680443281326e-15,2774.390465484,-0.7642810498788,-152.9208845674
75,37.5,453,-1.140359050431e-16,9.155557454314e-15,-1.454834801523e-15,2711.595777638,1.36311635449,-153.7791522147
75,37.5,454,-1.401134915687e-16,9.214781163478e-15,1.434094860502e-16,2836.848247888,-0.4679340957169,-154.0423559523
75,37.5,455,-1.164651188251e-16,9.162080965372e-15,-1.35473541715e-15,2853.414732395,-1.011436050333,-152.9099182192
75,37.5,456,-1.516753949662e-16,9.233136350165e-15,-1.736072803633e-15,2725.61014278,0.8233248205113,-154.1271258118
75,37.5,457,-1.15298640256e-16,9.262670775401e-15,-1.80833507374e-15,2738.677040796,-0.9642685649833,-154.7671583235
75,37.5,458,-1.325119298242e-16,9.196852875691e-15,1.01349813426e-15,2885.010814038,2.75513918532,-153.8140910605
75,37.5,459,-1.013948265016e-16,9.208798003078e-15,-2.229847385098e-15,2821.950858373,1.93447069852,-153.7605355363
75,37.5,460,-1.353387591125e-16,9.154210221663e-15,2.55013885317e-16,2735.831440613,1.205253148349,-153.1807218611
75,37.5,461,-1.154807455859e-16,9.158539078184e-15,6.094291744216e-16,2722.037103887,-0.7489147253346,-153.0407133088
75,37.5,462,-1.294574015841e-16,9.312209188632e-15,3.06541905785e-16,2814.530777046,-0.2821580201202,-155.4178927921
75,37.5,463,-1.289633948917e-16,9.247138908178e-15,-1.354832968049e-15,2806.042351494,1.543864899742,-154.4544204821
75,37.5,464,-1.390339463704e-16,9.284268237843e-15,4.791014807149e-16,2733.902737395,-1.232260711933,-155.2029795116
75,37.5,465,-1.215195116211e-16,9.275926198185e-15,4.50292081908e-16,2787.334242988,-0.1546228529019,-154.3883357729
75,37.5,466,-1.276805797352e-16,9.237705294321e-15,-1.507263548265e-15,2606.288293744,-0.5946865231981,-154.214931318
75,37.5,467,-1.30562850816e-16,9.268347557677e-15,-1.587569499588e-15,2820.467265601,-0.9807523297921,-154.990061691
75,37.5,468,-1.179401501681e-16,9.109420629633e-15,-1.681850273648e-15,2787.741821624,-0.1474582880011,-152.5700313923
75,37.5,469,-1.404399140288e-16,9.262331293097e-15,-1.068950695469e-15,2935.392312716,0.7047153338466,-154.6515618574
75,37.5,470,-1.415583971842e-16,9.191070246393e-15,-6.830310904202e-16,2701.42337013,-0.1912291692776,-153.3650898102
75,37.5,471,-1.490516727497e-16,9.322496333835e-15,-8.208522110576e-16,2788.7414441,-0.01774046344555,-155.5654330263
75,37.5,472,-1.272257785642e-16,9.234217145043e-15,7.542841098786e-16,2568.613616414,1.659994084199,-153.7848618564
75,37.5,473,-1.263612757634e-16,9.088363478707e-15,-1.17628701328e-15,2708.225622475,1.668283228974,-152.4143534599
75,37.5,474,-1.186314363986e-16,9.266686519914e-15,-1.078721110225e-15,2688.294486867,1.732341676194,-154.6289523261
75,37.5,475,-1.306017553065e-16,9.2578077913e-15,-2.419551747848e-16,2751.162609522,-0.5196365788512,-154.5987726506
75,37.5,476,-1.479099601574e-16,9.196578279053e-15,1.229279224911e-15,2794.786098989,-0.4146880153158,-153.6003060652
75,37.5,477,-1.274166107803e-16,9.275068934188e-15,-1.984373389962e-15,2754.837601115,-1.388511056657,-155.1436949628
75,37.5,478,-1.359218996535e-16,9.149755653315e-15,9.063269534635e-17,2753.250483487,0.7327200903349,-153.5877556977
75,37.5,479,-1.476359835027e-16,9.257644080583e-15,-4.172396175757e-16,2743.649185349,0.9604073548711,-154.3054761461
75,37.5,480,-1.041130463536e-16,9.215001889065e-15,-7.51355731519e-16,2767.005768495,0.01362337333858,-154.3485867139
75,37.5,481,-1.369776205154e-16,9.232127650027e-15,3.153388127607e-16,2795.485729018,2.238855727826,-153.8028390196
75,37.5,482,-1.441674475699e-16,9.226638792739e-15,-2.241513890113e-15,2821.620553908,0.6752926952033,-154.481961648
75,37.5,483,-1.267455671498e-16,9.219387259527e-15,-2.242712089153e-15,2777.290160268,0.8937049997275,-154.3656841991
75,37.5,484,-1.217907370919e-16,9.169792915524e-15,-1.529268543436e-15,2746.039221557,0.650535359001,-153.4149749566
75,37.5,485,-1.46361197703e-16,9.372941311839e-15,-1.051585401524e-15,2787.515637375,1.246114361144,-156.2615446682
75,37.5,486,-1.578825726696e-16,9.18562926824e-15,1.72564177784e-16,2629.924153352,1.873151253724,-153.5111613842
75,37.5,487,-1.274530655009e-16,9.203869995352e-15,-1.916339951357e-15,2755.640605287,-0.6330045711756,-153.9402270832
75,37.5,488,-1.34393613607e-16,9.061501622061e-15,-6.386568538195e-16,2783.568681581,2.327287537935,-151.4745343017
75,37.5,489,-1.547977743685e-16,9.135620414998e-15,1.880664915209e-15,2740.772681412,-0.2414311584,-153.0190928821
75,37.5,490,-1.048892978241e-16,9.16982061636e-15,-5.412882176693e-17,2734.598625224,-0.06576387483237,-153.0427901243
75,37.5,491,-1.370424281435e-16,9.245390302868e-15,-3.643095403493e-15,2834.120385034,0.5659789932335,-153.8990869823
75,37.5,492,-1.008391618773e-16,9.233502683349e-15,-1.93675162669e-15,2773.419046167,0.9286272992973,-154.1821805329
75,37.5,493,-1.035817480645e-16,9.151572253973e-15,-2.23704100175e-15,2812.803171623,-1.360316680716,-152.4125781674
75,37.5,494,-6.632640928932e-17,9.239293361494e-15,-1.196821642041e-15,2837.326501548,-1.051975849355,-154.6313895424
75,37.5,495,-1.726750811001e-16,9.207643404709e-15,2.335812249244e-17,2732.384884959,-1.335652607444,-153.9254857809
75,37.5,496,-9.725210838058e-17,9.265251996152e-15,-6.159282109686e-16,2769.444986304,1.106508382064,-154.811336948
75,37.5,497,-1.400971896638e-16,9.245440605457e-15,8.788451401085e-16,2770.947858867,-0.6187727907097,-154.3860126733
75,37.5,498,-1.382386709896e-16,9.202554083621e-15,-1.684525612315e-15,2677.69743,-0.1223138749204,-154.1419168463
75,37.5,499,-1.379005218172e-16,9.255145447485e-15,-9.863018820273e-16,2788.02969344,1.220833765099,-154.3787396954
75,37.5,500,-1.283444904804e-16,9.22920637893e-15,-6.352931758246e-16,2802.299570744,1.076034890541,-153.8656953764
75,37.5,501,-1.447467529362e-16,9.234918808585e-15,4.66944936711e-16,2772.020097992,-0.1828374933073,-154.3114673102
75,37.5,502,-1.242798233235e-16,9.237803945487e-15,-1.34373764435e-15,2754.312535479,-0.02434957810652,-154.0526363351
75,37.5,503,-1.47163022178e-16,9.185392835521e-15,-1.143017914922e-15,2787.349916667,1.408484680418,-153.6113630465
75,37.5,504,-9.491876766999e-17,9.210284693826e-15,-1.86209935771e-15,2771.401732879,-0.356438372332,-153.4912118468
75,37.5,505,-1.196234113881e-16,9.25034879574e-15,9.416429166701e-16,2695.761301447,0.3548085255943,-154.1431999925
75,37.5,506,-1.440197567912e-16,9.258964635606e-15,-4.026188283579e-16,2767.67616118,0.3956478815971,-154.6478087591
75,37.5,507,-1.446364179055e-16,9.3164302284e-15,-6.774778680913e-16,2831.174837175,-0.9009992503048,-155.2426704189
75,37.5,508,-1.2436244931e-16,9.266768015241e-15,7.157234446812e-16,2729.178945339,-3.92142481511,-154.4470298386
75,37.5,509,-1.543545927386e-16,9.188491036848e-15,3.740576307809e-16,2781.613740454,0.3474254165868,-153.6949856641
75,37.5,510,-1.24847284133e-16,9.19450565014e-15,-7.658984375089e-16,2761.743306929,0.1819547409511,-153.828818734
75,37.5,511,-1.266115185361e-16,9.209273637336e-15,-1.704271287775e-15,2725.697286822,1.324275415521,-153.7949765747
75,37.5,512,-1.138092570433e-16,9.210538520645e-15,-1.368243931553e-15,2733.823616543,1.265192278942,-153.8768665703
75,37.5,513,-1.27134437526e-16,9.298818201134e-15,-7.578683870077e-16,2806.246014322,-1.518058892144,-155.0820643903
75,37.5,514,-1.036795491461e-16,9.193206074144e-15,-6.423539759167e-16,2744.327071484,1.638395411471,-153.7003070967
75,37.5,515,-1.365086439224e-16,9.285756081407e-15,-1.283801951502e-15,2782.012697708,0.2643843623569,-154.7719527034
75,37.5,516,-1.089690657971e-16,9.175390417192e-15,6.732860262461e-16,2757.556182786,-1.250139123897,-153.4140179534
75,37.5,517,-1.309589503369e-16,9.240517347043e-15,-2.004438802872e-15,2732.4460935,-0.6073218901505,-154.4893131173
75,37.5,518,-1.131938192272e-16,9.22863773943e-15,-1.289373900883e-15,2701.654502624,-1.049196023793,-154.242299563
75,37.5,519,-1.436867109921e-16,9.260846445455e-15,-5.29276371584e-16,2784.957020404,1.620069257236,-154.2268172706
75,37.5,520,-1.414322021052e-16,9.284214227542e-15,-1.280004913138e-15,2719.118618966,-0.1443971420503,-154.8482975215
75,37.5,521,-1.236586649443e-16,9.141850342069e-15,-3.229476508122e-15,2813.55555193,0.766368923679,-152.8938342416
75,37.5,522,-1.394473079984e-16,9.169255920953e-15,-2.232873704543e-16,2766.954635444,-1.535861539822,-153.3678092074
75,37.5,523,-1.150906605554e-16,9.216722057436e-15,-1.768884574094e-15,2860.066939804,0.2559210614438,-154.1144128903
75,37.5,524,-1.527691654084e-16,9.210104292366e-15,-4.736079534034e-16,2709.50414014,0.9434759041043,-154.1780747352
75,37.5,525,-1.34190866846e-16,9.203953262909e-15,-4.241093183398e-16,2768.742688657,-0.5698791376369,-153.4021642526
75,37.5,526,-1.14508214551e-16,9.376358309535e-15,2.528821210829e-17,2682.422898932,0.4794299389571,-156.0523796062
75,37.5,527,-1.278608800073e-16,9.17139658595e-15,1.420342732462e-15,2763.389650594,-1.480037170872,-153.1497388159
75,37.5,528,-9.056344640795e-17,9.113205186325e-15,-2.51118386616e-16,2773.712181001,0.6199550009189,-152.5654795464
75,37.5,529,-1.603560118858e-16,9.124737687608e-15,-1.466861879821e-15,2757.920219034,-0.07285045774069,-152.4027586084
75,37.5,530,-1.275780833141e-16,9.205474654357e-15,-2.454422289739e-15,2808.90470169,2.251896504561,-153.4859361364
75,37.5,531,-8.885760070964e-17,9.08768087729e-15,-3.23269132206e-15,2792.609311525,1.690862203006,-151.7881808991
75,37.5,532,-1.192260819134e-16,9.143289758756e-15,-1.697338856525e-15,2641.654566415,1.004821908606,-153.1449230443
75,37.5,533,-1.213295289106e-16,9.308533208396e-15,-8.461070937523e-16,2892.736455825,-0.07774427723536,-155.4406277834
75,37.5,534,-1.568350352427e-16,9.299211595213e-15,-2.533541853217e-15,2768.444991152,0.7639559697374,-155.4102750484
75,37.5,535,-1.158115412936e-16,9.190842138698e-15,-6.646591906236e-17,2777.439097578,-1.05404879492,-153.4474237141
75,37.5,536,-1.238775827792e-16,9.228810911111e-15,6.178516054271e-17,2818.732629291,-0.6815391657641,-154.2226079605
75,37.5,537,-1.482629368739e-16,9.238027063473e-15,-1.463818286298e-15,2863.648656867,-1.402709325156,-154.3977674448
75,37.5,538,-1.63772472847e-16,9.280844155859e-15,-2.205618597059e-15,2736.953984583,-1.865504542271,-155.1176941162
75,37.5,539,-1.094716049012e-16,9.303920552731e-15,-6.455125618625e-16,2792.407261903,1.710835381958,-155.4580003266
75,37.5,540,-1.297385401244e-16,9.23330788337e-15,-1.376098764685e-15,2722.041481684,0.02596405462969,-154.4614394606
75,37.5,541,-1.395227554359e-16,9.173236798677e-15,3.458074401009e-16,2806.810664427,0.08720795831036,-153.0402202991
75,37.5,542,-1.277207906859e-16,9.208909473755e-15,-1.35425043256e-15,2853.276966719,-0.678441040075,-153.7744245992
75,37.5,543,-1.020779670872e-16,9.178078726737e-15,4.243139784688e-16,2674.587346081,-0.6453650844129,-153.8145243855
75,37.5,544,-1.275111787083e-16,9.192176215696e-15,-2.304453343913e-15,2737.871312972,-0.9948010795744,-153.7736846437
75,37.5,545,-1.468629097416e-16,9.24298443802e-15,-1.176697893928e-15,2725.537285062,2.310493241288,-154.4197598361
75,37.5,546,-9.338325662267e-17,9.042621969255e-15,-1.362850568923e-15,2766.575151338,-0.52132460898,-151.0870639031
75,37.5,547,-1.168919254443e-16,9.190197460658e-15,-1.167823180455e-15,2772.836959905,-1.451901897408,-153.8994273478
75,37.5,548,-1.243708437532e-16,9.200951006649e-15,-6.665237757484e-16,2702.528753964,-1.249532645175,-153.9662794272
75,37.5,549,-1.376227744949e-16,9.180713309706e-15,1.076230692194e-15,2699.695895405,0.01728540410131,-153.1730751066
75,37.5,550,-1.598852685339e-16,9.12234725e-15,-1.586730325214e-15,2731.884445889,-0.4092473851561,-152.8753346069
75,37.5,551,-1.218407095802e-16,9.154474154723e-15,-1.708550007221e-15,2757.81161264,0.2646659214248,-153.0647595669
75,37.5,552,-1.413122150391e-16,9.152055670631e-15,-1.951390697443e-15,2906.623956773,-0.6761583551108,-152.9556072696
75,37.5,553,-1.087612794686e-16,9.192954095026e-15,1.979352079509e-16,2807.296039864,-0.4163056880123,-153.931065075
75,37.5,554,-1.591676301777e-16,9.200265625532e-15,-3.312328207407e-15,2836.866278258,0.002595163398924,-153.5231488486
75,37.5,555,-1.336200032096e-16,9.17921661322e-15,-1.156194594037e-15,2855.545136136,0.084401751991,-153.5935740638
75,37.5,556,-1.181230567884e-16,9.257020680319e-15,-6.881781514118e-16,2735.471858086,-0.7153876341346,-154.4512598785
75,37.5,557,-1.31921973003e-16,9.188379799535e-15,-1.348907702023e-16,2844.459074945,-0.3658423536149,-153.1613442809
75,37.5,558,-1.296015382792e-16,9.212303118466e-15,-1.532604427817e-15,2850.035499913,0.2646349457877,-154.5990034595
75,37.5,559,-1.347804663582e-16,9.228286815023e-15,2.637499169643e-16,2818.361109533,1.090577886471,-154.1442216538
75,37.5,560,-1.234064877704e-16,9.259021204096e-15,-1.004563019151e-15,2757.425067238,-0.3717778431926,-154.1710884485
75,37.5,561,-1.571000182164e-16,9.212128317607e-15,-2.363512590698e-15,2795.572640385,0.4813650750363,-153.7264648741
75,37.5,562,-1.810174879447e-16,9.186540790815e-15,-8.12911112983e-16,2743.931297361,-2.009193626715,-153.4342564867
75,37.5,563,-1.328211911344e-16,9.176544756002e-15,8.385658798867e-16,2768.589477892,0.3886044561172,-153.4298018681
75,37.5,564,-1.45969516436e-16,9.16404234107e-15,-1.522979885954e-15,2806.361211064,-1.65687297395,-153.5491325839
75,37.5,565,-1.19018561129e-16,9.208873490768e-15,4.37980626992e-16,2714.950765774,-0.706189094763,-154.0520282998
75,37.5,566,-1.371640096263e-16,9.306695343615e-15,-1.030442958186e-15,2715.754738435,-2.049141235718,-155.5879004188
75,37.5,567,-1.07406848037e-16,9.159184460733e-15,-3.543608314398e-15,2729.042792728,1.941457597382,-152.8916321293
75,37.5,568,-1.302268108907e-16,9.139395399435e-15,-2.424351086237e-15,2740.470515787,-0.6291143375556,-152.5967532711
75,37.5,569,-1.302442810423e-16,9.21616454523e-15,-4.858213987394e-16,2689.087837881,-1.396390101024,-153.8914934245
75,37.5,570,-1.529837226631e-16,9.130452474868e-15,1.40064340228e-15,2805.1627696,0.1462291841332,-152.9076311553
75,37.5,571,-1.083935210028e-16,9.191543193256e-15,-1.739626768635e-16,2745.091933896,0.05303529181823,-153.5654591402
75,37.5,572,-1.644039722242e-16,9.160573767196e-15,-1.940446903059e-15,2755.110916746,-0.04034183171091,-152.9806411654
75,37.5,573,-1.180324032786e-16,9.251449389956e-15,-1.1301236846e-16,2764.489152513,0.1903992548403,-154.9489210264
75,37.5,574,-1.398717259578e-16,9.212416476862e-15,-1.350935773287e-15,2658.474846659,-0.4852171032935,-153.6088098308
75,37.5,575,-1.547389153721e-16,9.200968493659e-15,-4.933347151694e-16,2749.295690421,1.199265040189,-154.1572899185
75,37.5,576,-1.348206025209e-16,9.102536761952e-15,-9.480389669605e-16,2749.929225682,-0.5876471229629,-152.3433494647
75,37.5,577,-1.261708830108e-16,9.153244454313e-15,-1.706557639215e-17,2681.241601335,-1.046118198108,-152.8596188981
75,37.5,578,-1.342172639212e-16,9.228368026354e-15,-8.862240616683e-16,2795.66876588,0.1618034499538,-154.0285091179
75,37.5,579,-1.224234547468e-16,9.156300568319e-15,2.762248210469e-16,2902.764765406,0.870652939441,-153.1902122692
75,37.5,580,-1.393863802133e-16,9.168530163211e-15,-4.4239961724e-16,2611.485117689,1.142636474217,-153.6547658375
75,37.5,581,-1.093286619994e-16,9.318194313851e-15,-1.128312024501e-15,2634.657653095,-0.3651891760278,-155.5451537934
75,37.5,582,-1.186079934027e-16,9.130226113183e-15,-1.027074601399e-15,2727.083690114,2.35602469503,-153.0146264682
75,37.5,583,-1.29514815545e-16,9.236805519707e-15,5.157094033102e-17,2827.892052192,1.095421812192,-153.7619901845
75,37.5,584,-1.501503949093e-16,9.217302940472e-15,-1.07525850473e-15,2728.562715527,2.040124903401,-154.0533054577
75,37.5,585,-1.172655715233e-16,9.31603423489e-15,8.684588771701e-16,2737.91304497,-0.00987459337485,-155.4741876451
75,37.5,586,-1.120158467821e-16,9.208619164116e-15,-6.136060339386e-16,2836.856908781,1.231026515546,-154.1459165839
75,37.5,587,-1.539425600641e-16,9.18509739892e-15,-1.828971098801e-15,2785.62035744,1.052370458631,-153.4161473773
75,37.5,588,-1.107891362965e-16,9.155524684058e-15,-1.134950313038e-15,2808.125295913,1.516500447352,-152.5614940522
75,37.5,589,-1.22597497727e-16,9.269495294389e-15,-4.008045399987e-16,2729.739937542,0.1962737773315,-154.7783696046
75,37.5,590,-1.651901849413e-16,9.233120913925e-15,-1.683583568458e-15,2761.341715804,0.00352443607988,-154.1124473361
75,37.5,591,-1.520138456434e-16,9.225834722595e-15,8.440469857157e-16,2800.61932424,-0.02978911346037,-153.6139193107
75,37.5,592,-1.3962411224e-16,9.221477651594e-15,-9.70867545337e-16,2730.849106877,1.335538298453,-153.9891405879
75,37.5,593,-1.123060948559e-16,9.264255178436e-15,-9.416467311934e-16,2792.36627473,-0.6062122627701,-154.6002757299
75,37.5,594,-1.301689883103e-16,9.292874562963e-15,5.167898428601e-16,2821.88574515,-0.3533655354957,-155.1005255209
75,37.5,595,-1.450497128733e-16,9.290064342706e-15,-6.371835087111e-16,2738.741987288,-0.1044966719125,-154.8971540803
75,37.5,596,-1.322758292282e-16,9.149466304665e-15,-1.056575344855e-16,2752.414256388,0.2813867507321,-152.7929297384
75,37.5,597,-1.448689358478e-16,9.235797615109e-15,-1.080745904726e-15,2716.193288028,1.47264659578,-153.9028798353
75,37.5,598,-1.041928095392e-16,9.209383959513e-15,-3.711583573602e-16,2913.710256928,-0.4083514540865,-154.3463769937
75,37.5,599,-1.461412118516e-16,9.217795808769e-15,-1.160970790679e-17,2702.026312912,-1.454300923286,-153.5352868309
75,37.5,600,-1.429273908361e-16,9.214108758507e-15,-4.969914789672e-16,2697.274012712,-1.968574052025,-153.8404058598
75,37.5,601,-1.384365833842e-16,9.192334810561e-15,-2.55302768528e-16,2796.008697688,0.8037097647623,-153.4945811991
75,37.5,602,-1.228537625779e-16,9.249404956134e-15,-7.038486771342e-16,2718.313895524,0.4425890279993,-154.6388868
75,37.5,603,-1.354861230411e-16,9.253042448092e-15,8.000541333351e-16,2763.141588829,1.488667775675,-154.6454801071
75,37.5,604,-1.436205820759e-16,9.271734224951e-15,-1.298428333719e-15,2749.743876452,-0.668202952732,-154.5286419349
75,37.5,605,-1.564025215336e-16,9.289176156042e-15,5.278344712261e-16,2768.31884313,1.273204801771,-155.0343451449
75,37.5,606,-1.036967613369e-16,9.199831884471e-15,-3.656437487394e-15,2746.083942948,-1.248385915664,-153.4169284369
75,37.5,607,-1.404693292164e-16,9.110062389408e-15,-6.199453628033e-16,2687.215162728,0.2851051660513,-152.4251462643
75,37.5,608,-1.136196680527e-16,9.267549278646e-15,-2.139631401731e-15,2770.347150818,-0.555993859876,-154.8308847253
75,37.5,609,-1.296793567286e-16,9.29443106295e-15,-1.053833559581e-15,2786.109166964,0.1679784433385,-155.527460037
75,37.5,610,-1.281961614683e-16,9.22202773921e-15,1.254463252497e-16,2799.933957672,-0.2458631079932,-153.7724606282
75,37.5,611,-1.227689220202e-16,9.196598367785e-15,-3.606120857877e-16,2755.933293249,-0.02874112311796,-153.5301099017
75,37.5,612,-1.332065748728e-16,9.14184191014e-15,1.321437368685e-15,2849.623759224,3.132119858274,-152.9897197182
75,37.5,613,-1.297945649097e-16,9.263806299364e-15,3.219339315999e-16,2788.073489092,3.132536872899,-154.5548732477
75,37.5,614,-1.343321754824e-16,9.275938911955e-15,-1.66911077677e-15,2766.321944675,-0.4584919913083,-154.7494746709
75,37.5,615,-1.241376242111e-16,9.210919279592e-15,-6.648952604465e-16,2769.963840489,1.111466276249,-153.6575131955
75,37.5,616,-1.052147663415e-16,9.220573344114e-15,-6.967700365163e-16,2822.021212064,1.52276289574,-153.6181687244
75,37.5,617,-1.500334196475e-16,9.183455104827e-15,-9.152851967226e-16,2792.50549843,-0.5775543336315,-153.3867700696
75,37.5,618,-1.343361373422e-16,9.15552312066e-15,4.934771420664e-17,2763.19933699,-0.5395835336949,-152.892719587
75,37.5,619,-1.56480461332e-16,9.194491395148e-15,-3.043680445767e-15,2753.176051578,0.08670662470009,-153.6826610516
75,37.5,620,-1.37603614401e-16,9.257772916082e-15,2.201323685873e-16,2777.682977159,-0.3015578612031,-154.9518064907
75,37.5,621,-1.429230138107e-16,9.280400316298e-15,-5.705876830411e-16,2738.132468314,-0.1330292679571,-155.1786899329
75,37.5,622,-1.178121261109e-16,9.179065934242e-15,-1.532557929309e-15,2683.957322328,-2.075595512534,-153.361615393
75,37.5,623,-1.429012018714e-16,9.260746308508e-15,-1.825476171421e-16,2772.431500352,-1.779122691552,-155.025507245
75,37.5,624,-1.425556334273e-16,9.167557761571e-15,-6.93077423766e-16,2807.190780845,1.194695720742,-153.0983728946
75,37.5,625,-1.038219620965e-16,9.228790230321e-15,-4.239569718954e-16,2853.958064119,1.627621681788,-153.7608246812
75,37.5,626,-9.671601308905e-17,9.136445725842e-15,-2.871982002816e-16,2824.434808294,1.290430451209,-153.0358264489
75,37.5,627,-1.163382031491e-16,9.226204679356e-15,-1.036744852336e-15,2810.989973061,0.6225521542305,-153.6559468809
75,37.5,628,-1.657542036219e-16,9.295470304787e-15,8.368940067227e-16,2759.455754518,0.7023062467598,-154.6103667169
75,37.5,629,-9.828240401727e-17,9.143361654544e-15,-9.11116118044e-16,2848.028989953,0.353967351321,-152.9394873879
75,37.5,630,-1.042168820577e-16,9.175884153525e-15,-6.988819619905e-16,2738.595505053,-1.236999449209,-152.9186145028
75,37.5,631,-1.45675046581e-16,9.119651762145e-15,-1.271165753196e-15,2735.511229835,0.1900340319339,-152.601907825
75,37.5,632,-1.233089360544e-16,9.253319889139e-15,-3.025235292374e-16,2839.31210526,-0.0861508584385,-154.5118899964
75,37.5,633,-1.508886274891e-16,9.242892790844e-15,3.172353132304e-16,2724.937116386,-0.5456077805967,-154.9168401551
75,37.5,634,-1.212353594326e-16,9.073591792235e-15,-1.834088615436e-15,2789.961776558,-2.0672372352,-151.6677514068
75,37.5,635,-1.498249133108e-16,9.3201792782e-15,-8.089513344004e-16,2720.352360134,-0.3126098627379,-155.7281203433
75,37.5,636,-1.579203389732e-16,9.191923203725e-15,-3.731838119974e-16,2784.773253055,0.156357412248,-153.2928829764
75,37.5,637,-1.447649217199e-16,9.293425714991e-15,-1.206235564865e-15,2734.092082592,1.314296644729,-155.3580954926
75,37.5,638,-9.249612132664e-17,9.236246029862e-15,-2.156064807911e-15,2759.88520305,-2.41657783141,-154.2221795904
75,37.5,639,-1.010246101537e-16,9.160749318361e-15,-1.438314515052e-15,2707.304133165,1.37490202986,-153.0754931431
75,37.5,640,-1.282604579646e-16,9.218670734759e-15,-3.047815566631e-15,2878.305555654,-1.221764793616,-153.8206540604
75,37.5,641,-1.199162460404e-16,9.107651090158e-15,-2.483603718504e-15,2730.431241809,-0.5642894026243,-152.080332561
75,37.5,642,-1.28162550949e-16,9.17730823182e-15,3.082649981136e-16,2688.47649443,0.2854264814087,-153.4382612282
75,37.5,643,-1.134591570372e-16,9.252634876942e-15,-1.696639048737e-15,2765.009028355,2.035476037388,-154.6488690594
75,37.5,644,-1.293075219069e-16,9.202950115497e-15,-1.446870666725e-15,2778.543336238,0.2304683354036,-154.058459001
75,37.5,645,-1.200911267394e-16,9.181265604268e-15,-6.580653020381e-16,2689.137003368,0.9603911314729,-153.4262721349
75,37.5,646,-1.282439182673e-16,9.27444642863e-15,-2.317315852144e-15,2811.737795786,-1.538696068613,-155.0139085221
75,37.5,647,-1.412898380377e-16,9.103586275697e-15,-9.724587881581e-16,2760.055250212,0.1087280786747,-152.3010639804
75,37.5,648,-1.171083187433e-16,9.148771892999e-15,-9.919898774829e-16,2889.897082526,0.3050441856415,-153.3109234216
75,37.5,649,-1.314258810405e-16,9.169463702863e-15,-8.702308835923e-16,2765.592549702,1.462923850303,-153.9176126329
75,37.5,650,-1.354150975671e-16,9.200480008356e-15,5.758075922216e-17,2819.809702807,0.1479676867458,-153.6172346736
75,37.5,651,-1.167163248559e-16,9.18024015987e-15,-2.664425899228e-15,2871.810857565,1.388820664462,-153.4793363273
75,37.5,652,-1.331484659718e-16,9.22086631536e-15,-1.109262923085e-15,2754.49336642,-0.3940206697282,-153.8961893566
75,37.5,653,-1.060248098881e-16,9.185957993459e-15,-1.77551933864e-15,2755.6049658,-1.486226236843,-153.3504536888
75,37.5,654,-1.536074675456e-16,9.220822947466e-15,6.773305998743e-16,2776.34099559,0.2806164027256,-154.0863330137
75,37.5,655,-1.378407461246e-16,9.216590298508e-15,-8.143364300544e-16,2778.45547072,-0.69881089614,-154.1226658368
75,37.5,656,-9.532297562579e-17,9.212733984576e-15,-7.101032522166e-17,2758.598336907,-0.7963791246816,-153.8838567516
75,37.5,657,-1.329057653121e-16,9.31890956723e-15,-5.634002007057e-16,2740.072803943,-0.6327692724035,-155.1573212648
75,37.5,658,-1.562522387237e-16,9.175542158131e-15,1.08975950127e-16,2566.074849304,-0.1349546834511,-153.4754670165
75,37.5,659,-1.387367990865e-16,9.274815837453e-15,-1.887101666878e-15,2796.161602162,1.133572035366,-155.1160221203
75,37.5,660,-1.277713716462e-16,9.260848462539e-15,5.904759634132e-16,2867.246559483,0.8740403175684,-154.8183951737
75,37.5,661,-1.22281626781e-16,9.242990789389e-15,-1.106196093065e-16,2788.633312646,-1.814031403085,-154.3843773889
75,37.5,662,-1.302019776006e-16,9.216953325315e-15,-4.058326550819e-16,2766.514239708,-1.577202126318,-153.8019061589
75,37.5,663,-1.605617611835e-16,9.31138476197e-15,-8.266497625515e-16,2736.569727188,-0.4678827842967,-155.1157216702
75,37.5,664,-1.120745270133e-16,9.180632010423e-15,-2.808052030133e-15,2858.724833142,1.538678085333,-153.0938220969
75,37.5,665,-1.074322279109e-16,9.308044456038e-15,2.60461059065e-16,2719.047639155,0.2743463975319,-154.8578923952
75,37.5,666,-1.627646949485e-16,9.170167983844e-15,-5.908758414686e-16,2745.483249043,0.4043919888704,-153.523129839
75,37.5,667,-1.129988923641e-16,9.152749089359e-15,-1.291580679556e-15,2680.844415254,0.6508580712432,-153.363209251
75,37.5,668,-1.368690122449e-16,9.144920160267e-15,-9.042591514e-16,2771.340619598,0.9598691679871,-152.7509243045
75,37.5,669,-1.292560401821e-16,9.260644607911e-15,-1.409426760125e-15,2707.371505714,0.8678099014858,-154.797403107
75,37.5,670,-1.508194232425e-16,9.211757851386e-15,-1.751616011394e-15,2669.483776543,-1.325612277347,-153.075090463
75,37.5,671,-1.319596594676e-16,9.265774363888e-15,5.410424312008e-16,2749.550698939,-0.1281612047401,-154.672668262
75,37.5,672,-1.654314711444e-16,9.236788191154e-15,-1.75169583189e-15,2784.792010545,0.8168999587671,-154.6405272487
75,37.5,673,-1.35607802553e-16,9.168215679178e-15,-1.128824030094e-15,2706.296197094,-1.067550684294,-153.1714003862
75,37.5,674,-1.29551314598e-16,9.094448038009e-15,-1.605847629737e-15,2758.567732155,-0.03605271972969,-151.9474237561
75,37.5,675,-9.433939885029e-17,9.206615181748e-15,-1.470706369578e-15,2668.80906104,0.9648836097783,-153.9351448394
75,37.5,676,-1.428013166265e-16,9.137366492867e-15,-1.837043092012e-15,2868.125125511,-0.9856133167472,-152.3497764242
75,37.5,677,-1.50486574884e-16,9.203968339039e-15,-1.15498481504e-15,2803.053090061,0.2028830679961,-153.5971981377
75,37.5,678,-1.470101568299e-16,9.224708870432e-15,-1.126046098453e-15,2817.567654293,-0.5778594649522,-153.9366857845
75,37.5,679,-1.241927578759e-16,9.21601468359e-15,-2.610201011421e-15,2681.770239488,-1.145851305542,-154.0316708012
75,37.5,680,-1.198969674744e-16,9.147667347821e-15,-2.084655279155e-15,2683.318129217,0.4048933352057,-152.8907804458
75,37.5,681,-1.424916303204e-16,9.150314900763e-15,-2.925457733153e-15,2752.979465567,0.6095188780343,-153.0167401135
75,37.5,682,-1.385998820493e-16,9.175972066579e-15,9.567316368887e-16,2713.885270189,0.2755223732852,-153.4019085223
75,37.5,683,-1.385202104383e-16,9.300728170057e-15,1.118222092677e-15,2761.885257283,2.392314283181,-155.0455898585
75,37.5,684,-1.166531226549e-16,9.184964787791e-15,-2.162413172054e-15,2736.860532794,-0.4310517433835,-153.3625901223
75,37.5,685,-1.277581154602e-16,9.185678089264e-15,-1.31782635641e-15,2757.947516199,1.621257241703,-153.5028273732
75,37.5,686,-1.08935413805e-16,9.213677653896e-15,4.572021708717e-16,2735.919950792,2.897402369012,-154.1217490253
75,37.5,687,-1.309274627678e-16,9.191847810958e-15,-6.150568608831e-16,2889.116589662,-0.8874586023343,-153.7906631523
75,37.5,688,-9.549101975742e-17,9.214439497893e-15,-2.939957492738e-15,2811.022888247,-0.8766756811174,-153.8783424964
75,37.5,689,-1.336977584644e-16,9.194841039643e-15,5.738534839018e-16,2755.965527373,3.061776438598,-153.1788284669
75,37.5,690,-1.097019678905e-16,9.277344126708e-15,-1.268309033259e-15,2771.532131579,-1.38989695073,-155.1527645757
75,37.5,691,-1.417155097039e-16,9.239020936338e-15,-7.325856655443e-17,2705.400512733,1.105649730642,-154.7663208962
75,37.5,692,-1.415140935877e-16,9.151242253857e-15,-2.229674067604e-15,2839.2938645,-2.393857302806,-153.5521506333
75,37.5,693,-1.220169366841e-16,9.179629233619e-15,-2.319388411489e-15,2679.295299898,-1.891164521625,-153.2018696641
75,37.5,694,-8.177077809041e-17,9.110844218093e-15,-2.614158869944e-15,2786.937037156,0.1153718691096,-152.5808214559
75,37.5,695,-1.33250703559e-16,9.213960306905e-15,9.521157314605e-16,2785.677791656,-1.175415395069,-153.9253171492
75,37.5,696,-1.337337286212e-16,9.3209459604e-15,-9.536119246861e-16,2696.438519991,0.4502650181042,-155.7378618337
75,37.5,697,-1.114048277878e-16,9.295287309583e-15,-4.305058528444e-16,2745.640873311,-1.512586688963,-155.3625512815
75,37.5,698,-1.082241039846e-16,9.254725270593e-15,-1.086835486676e-15,2659.171176714,0.4522911025436,-154.3339269855
75,37.5,699,-1.368259950618e-16,9.268093608362e-15,2.747145336385e-16,2676.610314459,-0.2391433628436,-154.4482943566
75,37.5,700,-1.500057202194e-16,9.202885799616e-15,-1.813836829807e-15,2798.273823026,1.438325591121,-153.8302327029
75,37.5,701,-1.666467439269e-16,9.148675581882e-15,3.099665842479e-17,2738.959544903,-0.1752335690403,-152.9740040308
75,37.5,702,-1.414541096812e-16,9.116681894094e-15,-1.284174207718e-15,2914.171903007,-1.626229803798,-152.2821210393
75,37.5,703,-1.116990175451e-16,9.151371121896e-15,3.294757077647e-16,2798.244774247,2.397614061001,-152.9336248802
75,37.5,704,-1.489679878331e-16,9.291382515228e-15,-4.535305988246e-17,2759.522653809,0.5579168128672,-154.8971558378
75,37.5,705,-1.330020642926e-16,9.18838055781e-15,3.624247046078e-16,2849.980026216,1.923400679622,-153.5891455634
75,37.5,706,-1.145898680052e-16,9.253615457105e-15,-1.752860461281e-15,2736.70324974,-0.2745294336969,-154.5085301524
75,37.5,707,-1.277463918825e-16,9.295729096806e-15,9.464319644585e-16,2769.547396749,-2.811415738958,-155.1728040731
75,37.5,708,-1.16457802341e-16,9.230376458851e-15,-1.20046152989e-15,2727.545974618,1.663829542735,-153.623286397
75,37.5,709,-1.024363274548e-16,9.242091565737e-15,-1.197173176426e-16,2749.707945029,1.993069409611,-154.8066293525
75,37.5,710,-1.124822704362e-16,9.108917947096e-15,-1.50759514068e-15,2814.895422412,0.1901538995195,-152.2582933756
75,37.5,711,-1.316477098503e-16,9.155103904082e-15,-1.993988258173e-15,2845.536284678,0.0083882969731,-153.5144197751
75,37.5,712,-1.281300671246e-16,9.159255203669e-15,-2.404124121623e-15,2703.878660998,-0.4455363227357,-153.4049204408
75,37.5,713,-1.12138701096e-16,9.240771473284e-15,-8.273070476719e-16,2758.106305765,-1.541674496149,-154.1595331984
75,37.5,714,-1.400564856203e-16,9.238241735125e-15,-9.937611176369e-16,2641.363773702,0.3449224283285,-154.4450797734
75,37.5,715,-1.294873088669e-16,9.216323833254e-15,-6.748917742501e-16,2724.636945873,-0.9780395046972,-154.477414452
75,37.5,716,-1.475111431256e-16,9.250196464922e-15,-1.258921027142e-15,2710.099633536,-0.878254947917,-154.4936483702
75,37.5,717,-1.147090267531e-16,9.251931378357e-15,-5.58712655139e-16,2731.833296676,0.3469678660918,-154.5709970975
75,37.5,718,-1.052666154737e-16,9.046360240179e-15,1.560034074202e-17,2611.507362455,0.7286037223375,-151.2117568409
75,37.5,719,-1.29054793584e-16,9.151693035897e-15,-7.484885681053e-16,2724.655415213,-0.5817416490683,-153.2122823344
75,37.5,720,-1.469691038143e-16,9.292216576964e-15,-1.468349366745e-15,2799.775655093,-0.6909132200497,-155.0215939011
75,37.5,721,-1.336657856665e-16,9.211919658306e-15,8.607116991824e-16,2747.737172859,-1.382056052714,-154.0367022695
75,37.5,722,-1.092717926809e-16,9.164557814888e-15,-1.111307467922e-15,2821.374381723,-1.496330630899,-153.2240311238
75,37.5,723,-1.07099209907e-16,9.259721376434e-15,-1.312453736458e-15,2764.254285034,0.2210526210459,-154.7282890803
75,37.5,724,-1.316428466984e-16,9.214066921083e-15,-1.894947621438e-15,2755.120504052,-2.404553402576,-153.5988772237
75,37.5,725,-1.335241188485e-16,9.142437525426e-15,-2.600413846821e-15,2742.534506157,1.346850814088,-153.0946302003
75,37.5,726,-1.749153544628e-16,9.252027183765e-15,3.036626476924e-16,2748.724747844,0.170041723066,-154.4694896298
75,37.5,727,-1.334620605082e-16,9.324832634612e-15,2.379471573938e-16,2768.995462252,-0.6710792224559,-155.3476793312
75,37.5,728,-1.280965359396e-16,9.188682267043e-15,-4.931676047035e-16,2736.486681483,-1.52829628232,-154.1451031245
75,37.5,729,-1.563714239036e-16,9.263793977546e-15,7.205374429397e-16,2560.309478748,0.5631014858208,-154.8537256618
75,37.5,730,-1.420408710564e-16,9.198585594098e-15,1.228238661991e-15,2718.378602413,1.520479796249,-153.7349303794
75,37.5,731,-1.253001748195e-16,9.275054908241e-15,-1.690554698201e-15,2838.873213167,-0.1808849691411,-154.973123697
75,37.5,732,-1.310675992615e-16,9.23264318445e-15,-7.516550690929e-16,2708.893252901,-0.8865930931,-154.482327596
75,37.5,733,-1.448917761109e-16,9.215394090836e-15,-6.392423591273e-16,2701.677118915,-1.265938701483,-154.120706536
75,37.5,734,-1.526597007352e-16,9.184516712647e-15,-1.924168609726e-15,2723.814303499,-1.48734756012,-153.0019665555
75,37.5,735,-1.583359540093e-16,9.24173592986e-15,-2.51307698247e-15,2653.17586366,-0.8853973759248,-154.3682401707
75,37.5,736,-1.214462490577e-16,9.208430260095e-15,1.17189737108e-15,2703.719256275,1.823929260174,-154.4830661624
75,37.5,737,-1.159397776894e-16,9.164161303281e-15,2.003358084259e-15,2786.710353789,-1.22522376856,-153.4490721495
75,37.5,738,-1.467428227251e-16,9.164562944418e-15,-2.673125672899e-16,2743.762055063,-0.5388100042251,-153.334410246
75,37.5,739,-1.195468422553e-16,9.247850191679e-15,-1.972822259064e-16,2766.86958037,-0.4143765437077,-154.36813749
75,37.5,740,-1.455998218868e-16,9.188962727561e-15,-9.949857860075e-16,2778.542668131,-0.0830824517653,-153.7984304967
75,37.5,741,-1.364078624926e-16,9.118270807853e-15,-7.475319821126e-16,2809.749890618,-1.048813186908,-152.7019934282
75,37.5,742,-1.244620210175e-16,9.195533127481e-15,-6.118415030985e-16,2871.360540366,-0.422173166673,-153.3913718537
75,37.5,743,-1.047258192019e-16,9.249236623699e-15,-1.054399366492e-15,2747.972216693,-0.3956759429092,-154.8380566283
75,37.5,744,-1.558797030228e-16,9.276697861986e-15,-2.15005795532e-16,2653.585226112,-0.143420095378,-155.1961248913
75,37.5,745,-1.361387991047e-16,9.201326639325e-15,-1.402000452974e-15,2681.179370408,0.521037916052,-153.8263289015
75,37.5,746,-1.433278837921e-16,9.268072377807e-15,-3.268099257107e-16,2736.274588024,-2.312454557522,-155.0893779895
75,37.5,747,-1.277307945417e-16,9.259945474982e-15,-4.636967687105e-16,2679.460601593,0.517891347068,-154.643767879
75,37.5,748,-1.241257121351e-16,9.168896198225e-15,-2.453331571673e-15,2738.822936336,2.011148938115,-152.9857242839
75,37.5,749,-1.328097304332e-16,9.162839891725e-15,-2.040360899187e-16,2736.31676011,0.9704858415601,-153.5915216187
75,37.5,750,-1.152776551296e-16,9.228746526364e-15,-6.636708585626e-16,2810.820648596,0.9092763333241,-154.6596496531
75,37.5,751,-1.273757824456e-16,9.205733491807e-15,-8.97945560395e-16,2770.675961364,0.6138058462682,-153.961907381
75,37.5,752,-1.379256260555e-16,9.17391901778e-15,-1.043305397967e-15,2848.60366769,1.195761149097,-153.1941487871
75,37.5,753,-1.463980332412e-16,9.231881098688e-15,-1.167264526088e-15,2778.090648269,-1.15533509568,-153.6926577009
75,37.5,754,-1.496071322789e-16,9.156575527303e-15,-2.305936193819e-15,2776.311826494,-2.523768219415,-153.2212537051
75,37.5,755,-1.318620146105e-16,9.281340276919e-15,-1.235273873039e-15,2686.759410884,-0.5269277531818,-155.1109488991
75,37.5,756,-1.467735552025e-16,9.24403607154e-15,6.058934429335e-16,2796.519904834,-0.2754156194399,-154.3480941813
75,37.5,757,-1.203733506601e-16,9.163257311736e-15,6.326847450326e-16,2806.463594483,1.438450895993,-153.4830154784
75,37.5,758,-1.383807570511e-16,9.25883503363e-15,-1.497276136468e-15,2778.068929139,1.064053212585,-154.8704172833
75,37.5,759,-1.477772548516e-16,9.194807522825e-15,8.566989699517e-16,2792.24221886,-0.2770835046124,-153.7622059065
75,37.5,760,-1.155517143733e-16,9.282013978334e-15,-8.189513508339e-16,2830.563912208,-0.8424570312499,-155.087887274
75,37.5,761,-8.398582924802e-17,9.095691400413e-15,-5.363748956552e-16,2867.843614154,0.5450799880813,-152.6547115899
75,37.5,762,-1.190845883501e-16,9.188074974089e-15,-1.611485271227e-15,2768.581002686,2.366783544561,-153.5607601493
75,37.5,763,-1.392429632343e-16,9.238087093497e-15,2.470560743344e-17,2808.954317571,-0.0449021409701,-154.4836816824
75,37.5,764,-1.394488203427e-16,9.199625633483e-15,-1.457972828158e-15,2893.926447671,-1.551681226195,-153.9625282787
75,37.5,765,-1.399658940374e-16,9.227227423136e-15,3.794910713443e-16,2783.004257667,-0.2001582058031,-154.5262773935
75,37.5,766,-1.195771922294e-16,9.294560500899e-15,-1.671810352707e-15,2790.508706505,1.432030152852,-155.4013894945
75,37.5,767,-1.525642924219e-16,9.207566281796e-15,1.066054513191e-15,2753.821017314,3.256748181086,-153.7315368604
75,37.5,768,-1.136719272487e-16,9.136065875932e-15,4.775135962327e-16,2857.892775944,1.954653029136,-152.0888695376
75,37.5,769,-1.385323858357e-16,9.247221114393e-15,-4.573558287767e-16,2654.449362194,-2.48553246169,-154.5076626105
75,37.5,770,-1.109469950073e-16,9.188744332833e-15,-1.398614074295e-15,2748.427021671,-1.989117446512,-153.5672600986
75,37.5,771,-1.449123020016e-16,9.297433923162e-15,-8.389636204189e-16,2838.63363763,-0.8595924895984,-155.1608795688
75,37.5,772,-1.434117716307e-16,9.203442706797e-15,8.4480642754e-16,2768.307506369,-1.472144507898,-153.969523889
75,37.5,773,-1.262446428378e-16,9.237695113186e-15,8.058909080074e-16,2819.335348255,-0.1205674298161,-154.2367253788
75,37.5,774,-1.386885968353e-16,9.278423651094e-15,5.435621327475e-16,2845.449974556,-0.05605916097585,-154.5807466268
75,37.5,775,-1.510396445199e-16,9.238787285415e-15,5.234078114709e-16,2738.607312362,1.269794988915,-154.2855225136
75,37.5,776,-1.501701186995e-16,9.107204561624e-15,1.454672773346e-15,2721.377076435,0.1430115336522,-152.4517060133
75,37.5,777,-1.304795403282e-16,9.22595709463e-15,1.890646898703e-15,2794.612264536,1.152873920594,-154.2540318506
75,37.5,778,-1.028749659191e-16,9.31583519794e-15,-6.755223025667e-16,2732.356807474,-0.654872175848,-154.9247743301
75,37.5,779,-1.57691133755e-16,9.162461004318e-15,-2.097804606381e-15,2835.804458537,1.619934053449,-153.5130309024
75,37.5,780,-1.485668004682e-16,9.249794191853e-15,-1.123308407498e-15,2643.206120532,1.370240309067,-154.6635399102
75,37.5,781,-1.53874037561e-16,9.312048047604e-15,-4.87471244738e-16,2835.077040411,1.738459078308,-155.3555851565
75,37.5,782,-1.093676756624e-16,9.244827111016e-15,-9.816257177709e-16,2740.660974007,-0.1708536648419,-154.9529548721
75,37.5,783,-1.374302570759e-16,9.112365741793e-15,-9.337114009713e-16,2715.704714637,0.2323654541524,-152.3809212951
75,37.5,784,-1.372958872162e-16,9.218154578147e-15,-2.664547107015e-15,2781.178480262,0.1871495132868,-153.5917894526
75,37.5,785,-1.260431627154e-16,9.269574761193e-15,-2.400842413986e-15,2804.204203618,1.561625350902,-155.1589406613
75,37.5,786,-1.163642037509e-16,9.210071617128e-15,-6.627046652174e-16,2736.958282954,-0.3536971914867,-153.7672171509
75,37.5,787,-1.329337155194e-16,9.206131855071e-15,-1.485872594283e-15,2809.452740699,-0.6127697686654,-153.6763032124
75,37.5,788,-1.453931577434e-16,9.20431357363e-15,-7.857760258058e-16,2678.194488623,-0.4778386765366,-153.3127928359
75,37.5,789,-1.284345294787e-16,9.215445806825e-15,-1.96878171668e-15,2744.398734128,0.8459946184547,-153.8605004866
75,37.5,790,-1.768490626808e-16,9.296878343213e-15,1.382604790645e-16,2821.238457213,-0.1051189360227,-154.9755736597
75,37.5,791,-1.394094806357e-16,9.209871405492e-15,-2.495887052449e-16,2725.843832095,2.674605327364,-153.983541237
75,37.5,792,-1.011138939469e-16,9.167219205244e-15,-1.695869666201e-15,2768.682241199,-1.092240936588,-153.1304563609
75,37.5,793,-1.186126947313e-16,9.161295648543e-15,7.647667957779e-16,2759.450555813,1.631606732079,-153.3056703008
75,37.5,794,-1.353789644818e-16,9.247586597456e-15,-1.865974297956e-15,2811.353087463,0.8034919344641,-154.6780953267
75,37.5,795,-1.44994427985e-16,9.268506155057e-15,-1.061475060242e-15,2821.114394518,2.230854299311,-155.1607219612
75,37.5,796,-1.206116345918e-16,9.252590897185e-15,-8.534900693381e-16,2742.382809805,2.026582742435,-154.6899335532
75,37.5,797,-1.306092612379e-16,9.283486456033e-15,-1.827840376981e-16,2669.439711501,0.033840128821,-154.9319519058
75,37.5,798,-1.597618014907e-16,9.178355977829e-15,-2.395508638702e-15,2778.769888136,1.572094698848,-153.2590701308
75,37.5,799,-1.27833183608e-16,9.232926320402e-15,-5.755655234259e-16,2748.600700336,1.875689961032,-153.9427311793
75,37.5,800,-1.386393887718e-16,9.372834101563e-15,-2.154721148282e-15,2793.430885595,0.6659682619284,-156.1343608405
75,37.5,801,-1.103372504985e-16,9.243330913091e-15,-2.16675978568e-15,2871.924266914,1.090388684708,-154.6412091934
75,37.5,802,-1.548565181674e-16,9.148124657194e-15,-6.348560007988e-16,2680.900931692,-0.7971498709369,-153.085332532
75,37.5,803,-1.268762113543e-16,9.212358859171e-15,-1.370877727966e-15,2742.898069428,0.04932663337372,-153.6744536689
75,37.5,804,-1.075797304053e-16,9.186303298824e-15,-6.410407867787e-16,2607.415924764,0.891266465237,-153.5898032407
75,37.5,805,-1.191462744902e-16,9.21962138974e-15,4.268547277042e-16,2615.465161219,-1.295620067844,-154.362541275
75,37.5,806,-1.292812816227e-16,9.267780717291e-15,-9.92215353588e-16,2726.145714121,1.0288856193,-154.7964720112
75,37.5,807,-1.246747935643e-16,9.215037557323e-15,-7.922030772942e-16,2704.799976757,0.123243192712,-154.0229957978
75,37.5,808,-1.204844385824e-16,9.178189725385e-15,-2.049416217031e-15,2719.878154845,-1.097577186193,-153.2880203023
75,37.5,809,-1.020094393986e-16,9.273091650725e-15,-5.241642719907e-17,2802.088161926,-2.315208685505,-154.9410757226
75,37.5,810,-1.272668265139e-16,9.114599959437e-15,-7.354177673818e-17,2735.78243999,-0.5587364708862,-152.014622835
75,37.5,811,-1.691643770716e-16,9.141936015848e-15,-1.421581892879e-15,2765.358724389,0.03533461664094,-153.1804107788
75,37.5,812,-1.081500220887e-16,9.200446227578e-15,-1.855091743167e-15,2754.175494947,1.060140918792,-153.7186402009
75,37.5,813,-1.148579066886e-16,9.238321212526e-15,-1.267419305262e-15,2634.769216378,-0.743607119349,-154.0552345699
75,37.5,814,-1.509845895005e-16,9.273021488774e-15,4.01939434236e-16,2901.062371739,-1.478157147173,-154.7241156858
75,37.5,815,-1.447821793706e-16,9.234619128459e-15,-3.983828866308e-15,2734.353287481,-0.7045842421874,-154.4301760719
75,37.5,816,-1.234098133663e-16,9.183817224848e-15,9.454544883474e-16,2793.249496635,-0.04183212431114,-153.2007894376
75,37.5,817,-1.556940679608e-16,9.311888371401e-15,-2.138342488584e-15,2774.374172633,0.983456105566,-155.2512406827
75,37.5,818,-1.300344532621e-16,9.146026528255e-15,-1.579582645583e-15,2840.042854878,1.565939653701,-152.8852999262
75,37.5,819,-1.413988657544e-16,9.256584260726e-15,-7.638442016132e-16,2753.051982659,2.763461824943,-154.6083198682
75,37.5,820,-1.699666615207e-16,9.194434136703e-15,-2.380764308866e-15,2785.438256179,-1.149610982542,-153.5983089747
75,37.5,821,-1.584910926392e-16,9.251469373587e-15,-1.14475899015e-15,2680.839002765,1.609431029677,-154.790534071
75,37.5,822,-1.548126537217e-16,9.26124039355e-15,8.834274598703e-16,2865.512789898,-0.08651659130664,-154.8314721461
75,37.5,823,-1.287517708463e-16,9.190195596769e-15,-1.554223684133e-15,2608.766147294,1.395731137765,-154.1440478046
75,37.5,824,-1.368235058769e-16,9.259785240422e-15,7.642895985216e-16,2728.456010465,0.1177396945738,-154.7026519749
75,37.5,825,-1.617382516602e-16,9.295146164611e-15,1.622546323887e-17,2737.719647438,-1.414373262437,-154.5983520896
75,37.5,826,-1.380477846285e-16,9.198391434006e-15,-7.97599660016e-16,2674.678034214,0.6772242621719,-153.5331744657
75,37.5,827,-1.476505784898e-16,9.251773295731e-15,-1.160535478868e-15,2743.616050618,-0.6908612552731,-154.7230356415
75,37.5,828,-1.625581725197e-16,9.233256586829e-15,-4.269324765894e-16,2868.475710248,1.578684095597,-154.5188884823
75,37.5,829,-1.344602292831e-16,9.205140574991e-15,1.328707854725e-15,2698.119317416,-0.9549061815174,-152.9149362696
75,37.5,830,-1.576930699072e-16,9.126758587772e-15,-1.53256818539e-15,2823.221359033,-2.095330712831,-152.6269396383
75,37.5,831,-1.546214803132e-16,9.109339563747e-15,-9.850927449969e-16,2729.779642013,2.480331168541,-152.8494524926
75,37.5,832,-1.479122514862e-16,9.279878779423e-15,-1.201221070058e-15,2729.441425727,0.1589372627243,-154.6361723803
75,37.5,833,-1.214092566112e-16,9.204762714059e-15,-1.389781590627e-15,2649.129158734,-0.4575882120859,-153.7427673002
75,37.5,834,-1.681292504304e-16,9.282121070346e-15,-2.208995976089e-15,2739.677873677,0.4805543487674,-155.2400049968
75,37.5,835,-1.345263042946e-16,9.129946392779e-15,-4.293744481497e-16,2759.623972437,0.2252139846734,-152.8863721812
75,37.5,836,-1.551271614734e-16,9.201849546359e-15,-1.924608607592e-15,2715.317709838,-1.2802766673,-153.4877823027
75,37.5,837,-1.396747025237e-16,9.267912542299e-15,-2.680508545813e-15,2748.762488107,-0.6585593769886,-155.0105033998
75,37.5,838,-1.622101759287e-16,9.204216091271e-15,-1.062918132975e-15,2732.25035396,0.8584170576753,-153.5817099938
75,37.5,839,-1.386585188881e-16,9.242214831981e-15,-3.154013609323e-15,2701.426276924,-1.909914315073,-154.5760696262
75,37.5,840,-1.394968504235e-16,9.181529016493e-15,-2.084497103491e-16,2847.481169981,-0.2264336014777,-153.8719178326
75,37.5,841,-1.713352595701e-16,9.240375645572e-15,9.221084016765e-16,2774.39830926,1.290678250728,-153.9644507095
75,37.5,842,-1.359241283998e-16,9.151735837827e-15,-1.840535626264e-15,2822.520373601,-0.3988901792904,-152.7145418856
75,37.5,843,-1.40120097954e-16,9.235178964556e-15,-1.091712413273e-15,2748.378334593,-0.9397873613794,-154.2232535718
75,37.5,844,-1.316024702545e-16,9.127533870331e-15,3.282798136987e-16,2741.898746119,1.530562671868,-152.5376204631
75,37.5,845,-1.57281361465e-16,9.393870640853e-15,6.295912486573e-16,2699.593034757,-2.069103932722,-157.2211700644
75,37.5,846,-1.36187885444e-16,9.297906616008e-15,-7.882646328038e-16,2872.048780865,-0.09520217558331,-155.2893313915
75,37.5,847,-1.282476454908e-16,9.285344733918e-15,-1.983052633271e-15,2765.283362125,0.406850406337,-155.3691462042
75,37.5,848,-1.073334929708e-16,9.21777390998e-15,-6.950942712076e-16,2792.568667669,1.194384945469,-153.7245219847
75,37.5,849,-1.251147725301e-16,9.252782958772e-15,-6.039866847307e-17,2739.163477141,2.042995701965,-154.529381712
75,37.5,850,-1.646268770525e-16,9.142097722232e-15,-2.512085827666e-15,2804.360865592,0.6585281434776,-152.5402105965
75,37.5,851,-1.660702351414e-16,9.195950611253e-15,-1.653717767466e-15,2690.436353763,-0.06389293497386,-153.7109769481
75,37.5,852,-1.225388480664e-16,9.153075305577e-15,-8.452912766903e-16,2759.631268833,2.04968331358,-153.0567112065
75,37.5,853,-1.138743555427e-16,9.088007300518e-15,-3.509270829673e-15,2727.014382256,0.4274013361777,-151.5562177424
75,37.5,854,-1.452924942407e-16,9.213562460162e-15,3.447998165395e-16,2862.940394252,-1.246174101503,-153.5677644898
75,37.5,855,-1.560681794347e-16,9.258113738895e-15,-1.651929602355e-15,2779.097760388,1.109791569375,-154.8115508676
75,37.5,856,-1.632043790232e-16,9.158143908129e-15,-1.855018011917e-15,2733.779687857,0.9969444560632,-152.9250272695
75,37.5,857,-1.14603710544e-16,9.308422842205e-15,4.401741394036e-16,2705.41886655,0.6464796974539,-155.3031119844
75,37.5,858,-1.366677971445e-16,9.206521915142e-15,-2.545054818137e-15,2790.735888871,-0.5222927890936,-154.1685773286
75,37.5,859,-1.315042075675e-16,9.168757610449e-15,-2.130535534239e-15,2650.031028152,-0.292056560243,-152.972263442
75,37.5,860,-1.324207159786e-16,9.252159181206e-15,-2.185715582241e-15,2776.651826036,1.726253504395,-154.9332146819
75,37.5,861,-1.366697710091e-16,9.189894121617e-15,8.35759223484e-16,2784.278276377,-0.7655056449822,-153.6438379499
75,37.5,862,-1.457966098435e-16,9.178238514838e-15,-4.670527209808e-16,2784.903738834,1.052486965769,-153.554296269
75,37.5,863,-1.201897734702e-16,9.238802810783e-15,-1.453845064385e-15,2756.91981024,-1.664305219695,-154.247524893
75,37.5,864,-1.284680597689e-16,9.275630829874e-15,-3.645285151097e-16,2693.056548928,0.8885283612093,-154.8639441469
75,37.5,865,-1.362214380194e-16,9.133831603253e-15,-1.477384271323e-15,2791.614599965,-3.149456906608,-152.6508581187
75,37.5,866,-1.432824152926e-16,9.232683025572e-15,-8.303395959969e-16,2732.154105989,0.3250607827766,-153.9595716084
75,37.5,867,-8.272606083267e-17,9.111493965712e-15,-2.181495377622e-15,2705.318553796,0.7747238110083,-152.6465807717
75,37.5,868,-1.441316878401e-16,9.25991101726e-15,-2.194409947578e-16,2717.23007589,0.7269064939282,-155.0938114401
75,37.5,869,-1.167259600972e-16,9.250530076243e-15,8.33538906787e-17,2776.768250708,-0.7389706753387,-154.0668471348
75,37.5,870,-1.211375533767e-16,9.178181384959e-15,-1.356833140906e-15,2758.860068131,-2.80649472508,-153.1401518634
75,37.5,871,-1.397684704958e-16,9.206187470122e-15,-1.635627611004e-15,2810.912577422,-0.7301747670827,-154.0700784338
75,37.5,872,-1.39143667323e-16,9.215964345929e-15,-2.118110425698e-16,2785.984605615,-0.3390989093312,-153.637288603
75,37.5,873,-1.382992196203e-16,9.232536489658e-15,-2.760175898417e-15,2664.383381843,2.912747171864,-154.5584382134
75,37.5,874,-1.269014270504e-16,9.120274874703e-15,-5.881881024173e-16,2798.661619528,-0.7639001710319,-152.6869286756
75,37.5,875,-1.468548340285e-16,9.212090647976e-15,3.461673026218e-16,2799.284916648,1.52092123033,-153.9069312478
75,37.5,876,-9.365894588402e-17,9.206102045255e-15,-1.47182449729e-15,2766.3663796,-2.290846870573,-153.8283126878
75,37.5,877,-1.230673034848e-16,9.230218201332e-15,-1.643140246956e-15,2740.923422595,1.761327784393,-154.1046745743
75,37.5,878,-1.253849705386e-16,9.235802073291e-15,5.598962282207e-16,2867.244369255,-0.3793615911028,-154.2176708974
75,37.5,879,-1.340960282608e-16,9.202513404219e-15,-1.081808304256e-15,2738.653457637,-0.8560946346342,-154.0602910805
75,37.5,880,-1.34003598679e-16,9.127366231447e-15,-1.860511326645e-19,2639.596178652,-1.671512703101,-152.4621614
75,37.5,881,-1.34504570307e-16,9.218179052451e-15,-3.818563197283e-15,2804.154997559,-0.8502618931168,-153.7567987852
75,37.5,882,-1.145870558634e-16,9.163356311333e-15,-8.341742220353e-16,2735.590742468,-0.6871256310542,-153.010751665
75,37.5,883,-1.317672757197e-16,9.30479823456e-15,-1.855579821464e-16,2710.111728766,2.542156205327,-155.5549530216
75,37.5,884,-1.299740770358e-16,9.252857326426e-15,-2.116697972159e-15,2738.926787122,0.08835825191234,-154.635543569
75,37.5,885,-1.057069974356e-16,9.199323941009e-15,9.718859418341e-16,2738.054211971,-1.577873013107,-153.6734980349
75,37.5,886,-1.462485921477e-16,9.179826569102e-15,-3.216412671761e-16,2817.606503324,1.050342235407,-153.4945659565
75,37.5,887,-1.000113331404e-16,9.233672962674e-15,-1.593577150516e-15,2686.312643221,-1.31318992739,-154.3720090047
75,37.5,888,-1.331110834356e-16,9.193841987139e-15,1.187698101403e-15,2787.841127593,1.07141065233,-153.6345935978
75,37.5,889,-1.664963186563e-16,9.25558147082e-15,-7.521261430068e-16,2784.695559343,-1.649384892523,-154.2248705154
75,37.5,890,-1.187133274144e-16,9.103401420568e-15,-8.535728746438e-17,2707.758212564,-0.164617902565,-152.0067781425
75,37.5,891,-1.498569546145e-16,9.323172753615e-15,1.199157769818e-15,2733.230525345,-1.787157216439,-155.319907171
75,37.5,892,-1.186530824273e-16,9.147614854268e-15,-9.638240871808e-16,2729.162583714,0.5668271860479,-152.8324011053
75,37.5,893,-1.51745265285e-16,9.152617092759e-15,5.443707247782e-17,2709.738911439,0.005165053251352,-153.4811068652
75,37.5,894,-1.258182901224e-16,9.164268271594e-15,-7.618142819891e-16,2726.042225517,-0.735609580341,-152.9301240657
75,37.5,895,-1.330430487204e-16,9.244255458725e-15,-3.384317384373e-16,2800.235799063,-2.585179281339,-154.2917353324
75,37.5,896,-1.312029633632e-16,9.245077860544e-15,-1.783520746673e-15,2738.098855216,-0.7970597186767,-154.5154517714
75,37.5,897,-1.065348680645e-16,9.247119225004e-15,-6.453569569708e-16,2775.34899623,0.02880801921722,-154.2031602113
75,37.5,898,-1.393895452428e-16,9.230260448033e-15,1.524579910728e-17,2832.270083057,1.509958251191,-154.3891849992
75,37.5,899,-1.168206989195e-16,9.206769928576e-15,2.613501191978e-16,2718.761403094,-1.480163677258,-153.7541572401
75,37.5,900,-1.437304954504e-16,9.234450368901e-15,-1.961140615647e-15,2689.92361432,0.3414599516039,-154.0194088334
75,37.5,901,-1.488992836779e-16,9.202477435016e-15,1.45011627212e-15,2758.263168201,-1.18609434336,-153.8026067509
75,37.5,902,-1.307903429398e-16,9.249287666046e-15,-1.071360293861e-15,2743.973672798,-1.057023955528,-154.4950859384
75,37.5,903,-1.248163834492e-16,9.170189809264e-15,-1.160490957891e-15,2776.808610862,-1.172634303555,-153.3065500964
75,37.5,904,-1.393501133367e-16,9.154359373302e-15,-4.666310843496e-17,2777.89333527,-1.348162960819,-153.0403365055
75,37.5,905,-1.043265610309e-16,9.181562841619e-15,-3.164280412201e-15,2704.26641984,-2.67654121339,-153.3855168659
75,37.5,906,-1.246087299066e-16,9.236121478742e-15,-1.139411761589e-15,2761.673173852,3.160946589412,-154.0918100725
75,37.5,907,-1.412921769677e-16,9.1777152474e-15,-2.899390103438e-15,2701.772490598,0.6896989405774,-153.5603173033
75,37.5,908,-1.364650085582e-16,9.149063559329e-15,-1.982130641898e-15,2705.542757762,1.640955958347,-153.3464462742
75,37.5,909,-1.298002902049e-16,9.25048955139e-15,1.036403948482e-16,2805.354051118,-0.8210011863405,-154.551637536
75,37.5,910,-1.303518676545e-16,9.236377916828e-15,-6.277767529142e-16,2814.321328306,1.013004136318,-154.6576167477
75,37.5,911,-1.16412201475e-16,9.252303686321e-15,-2.271958684884e-15,2790.841745163,1.406572279667,-154.4876862602
75,37.5,912,-1.418732525591e-16,9.238814741652e-15,-1.040311877314e-15,2669.581004286,-1.09489306967,-154.7249081491
75,37.5,913,-1.331599394267e-16,9.188656312837e-15,1.22374917268e-16,2677.751425876,-0.1362396725094,-153.4605448974
75,37.5,914,-1.553094141305e-16,9.298165306514e-15,-2.153884713511e-15,2732.571542346,-2.217412345829,-155.0883805702
75,37.5,915,-1.232375322082e-16,9.161280022951e-15,-3.012188125314e-15,2833.913125466,-1.706904155312,-153.4494545711
75,37.5,916,-1.402924181729e-16,9.190631749525e-15,-9.302043220363e-16,2851.082930868,-1.365003568562,-153.6085778143
75,37.5,917,-1.049793707343e-16,9.157936216085e-15,8.260445786331e-16,2817.486165634,3.6403388214,-152.8060439857
75,37.5,918,-1.272522908381e-16,9.261767946276e-15,-1.677960644476e-15,2682.817121854,2.34848507139,-154.5905016801
75,37.5,919,-1.18052637498e-16,9.017871874891e-15,-1.00549744396e-15,2747.845513789,1.952040819767,-151.3431175767
75,37.5,920,-1.306262486409e-16,9.130650249985e-15,1.906072163131e-15,2711.086195363,0.6021251650711,-152.727352337
75,37.5,921,-1.597405180287e-16,9.271941872404e-15,-4.437907501462e-16,2964.050231624,-0.5209076387454,-154.9261665436
75,37.5,922,-1.094122328167e-16,9.217044658676e-15,7.927008661466e-16,2755.891792417,-2.106741080313,-154.3223951675
75,37.5,923,-1.132875749622e-16,9.254836793826e-15,-1.212219005301e-15,2739.993732611,-0.08520931630771,-154.0741923612
75,37.5,924,-1.298384013691e-16,9.178800648214e-15,1.902697467107e-16,2799.946700591,1.495779885901,-153.2744477226
75,37.5,925,-1.155549761731e-16,9.198566603728e-15,2.338315643586e-16,2686.030741394,1.104648067605,-153.5445732441
75,37.5,926,-1.480571163319e-16,9.251891749324e-15,-9.522477791081e-16,2693.618770241,-0.4770586587252,-154.0977575284
75,37.5,927,-1.775946755087e-16,9.221769030132e-15,-1.194653091154e-15,2846.365052333,-0.6349131578787,-154.4295305759
75,37.5,928,-1.332749650709e-16,9.140667287866e-15,-9.362043674851e-16,2830.221278273,-0.2558968143703,-152.7952880546
75,37.5,929,-1.459870295291e-16,9.1658308474e-15,-1.27030264845e-16,2812.060759802,0.1816623299755,-153.0774161049
75,37.5,930,-9.686035106194e-17,9.177247000744e-15,-2.881693828533e-15,2772.269004541,-0.8786126539743,-154.0154607079
75,37.5,931,-1.224722899113e-16,9.164728920637e-15,-5.291112843704e-16,2719.639439404,3.04962358844,-152.8255646249
75,37.5,932,-1.463771605456e-16,9.314778908739e-15,-5.980658705112e-16,2754.032580552,1.157921110221,-155.0999745895
75,37.5,933,-1.212277657065e-16,9.210978263328e-15,4.524055221427e-16,2906.732661983,0.9787606779591,-153.4286539836
75,37.5,934,-1.249564559311e-16,9.200921873394e-15,-3.726834448413e-16,2723.967545393,-1.181743719704,-153.2861246818
75,37.5,935,-1.512934093684e-16,9.28502477407e-15,-1.31416113304e-15,2697.089165546,1.977706733985,-155.1258035576
75,37.5,936,-1.445252156653e-16,9.057920267675e-15,-1.22432177628e-15,2842.04428958,-0.05201944372509,-151.563858036
75,37.5,937,-1.171221954404e-16,9.275976512611e-15,5.997473089809e-16,2740.548101103,1.75582956115,-154.4477939411
75,37.5,938,-1.088176764743e-16,9.134406773724e-15,-3.887928161021e-16,2818.637328273,0.9961323199609,-152.8021483037
75,37.5,939,-1.195250264077e-16,9.23480101873e-15,-8.528306375707e-16,2704.516704563,-1.038058990052,-154.4924993666
75,37.5,940,-1.457351579131e-16,9.161371161718e-15,-1.196522531651e-15,2759.071037069,0.1611893777478,-153.0606135914
75,37.5,941,-1.147137079423e-16,9.310463568176e-15,-1.97694318061e-15,2771.146771904,-0.6266778280982,-155.5420491115
75,37.5,942,-1.652220847859e-16,9.244814323257e-15,-1.444861026683e-15,2686.778797911,-0.7755061060401,-154.5734100493
75,37.5,943,-9.800869769939e-17,9.239433442448e-15,-1.891578694571e-15,2748.265408429,-0.4562521858524,-154.8458040023
75,37.5,944,-1.236024927583e-16,9.150774314555e-15,-2.565214599499e-15,2753.194064943,-2.776787653942,-153.0273728219
75,37.5,945,-1.322143723276e-16,9.237160343062e-15,3.858873282936e-16,2822.005027741,-0.1577687542248,-154.1873483918
75,37.5,946,-1.284188088385e-16,9.257111585385e-15,-1.255485398122e-15,2688.683883284,-0.3455292280819,-154.6227506863
75,37.5,947,-1.088118981202e-16,9.305843246714e-15,-1.753187199588e-15,2700.6031765,1.034153747805,-155.3060956919
75,37.5,948,-1.288513014323e-16,9.213867360867e-15,-3.910288649717e-16,2773.728086944,0.9534687976102,-153.4637424596
75,37.5,949,-1.418345387185e-16,9.24300974267e-15,-5.200948746789e-16,2781.894864674,-0.07136265533977,-154.0101361727
75,37.5,950,-1.265033112255e-16,9.096044401475e-15,2.635987338997e-17,2807.214683934,-1.755178548942,-151.9048949303
75,37.5,951,-1.498728641881e-16,9.199376385717e-15,1.744126165709e-15,2719.612000522,-0.01838276460063,-154.2458973029
75,37.5,952,-1.523975656493e-16,9.290666812925e-15,-2.302587331555e-16,2775.600546613,0.09233536616786,-155.0993543883
75,37.5,953,-1.288430720322e-16,9.21759543835e-15,-1.700539605418e-15,2708.5210905,0.2475207621569,-154.2075824568
75,37.5,954,-1.434828507612e-16,9.205876800852e-15,2.774505571367e-16,2742.04668321,2.072661156555,-153.5157478819
75,37.5,955,-1.565084140843e-16,9.247397893879e-15,-1.675331338065e-15,2775.720751101,-0.7450891542499,-154.5116804359
75,37.5,956,-1.41270389592e-16,9.185284148657e-15,-2.761648408551e-15,2926.156076133,1.19406379124,-153.2611321655
75,37.5,957,-1.511404400691e-16,9.163587654726e-15,-1.378658852086e-16,2719.663383034,-1.226348361227,-153.046748034
75,37.5,958,-1.105664226937e-16,9.172480481399e-15,-2.431392496244e-15,2671.896833258,-0.8708844898626,-153.4188168889
75,37.5,959,-1.177650158042e-16,9.202193619407e-15,-2.531405652365e-15,2751.126444561,-0.5694850674376,-153.6120149031
75,37.5,960,-1.323791815279e-16,9.203337529311e-15,1.061386145949e-15,2747.471286656,0.3211024630881,-153.9973302256
75,37.5,961,-1.310706648579e-16,9.26414180394e-15,1.162558467799e-15,2770.901625065,1.177738556278,-155.0174675605
75,37.5,962,-1.274533358485e-16,9.24095778781e-15,-1.6077250147e-15,2744.667076607,-0.6411130140711,-154.6208383424
75,37.5,963,-1.17615610549e-16,9.111768630733e-15,5.735760938316e-16,2704.895471319,0.27668313156,-152.8068074595
75,37.5,964,-1.309868815266e-16,9.257228302647e-15,-6.301994291397e-16,2799.70209727,-0.3544772888159,-154.958526573
75,37.5,965,-1.257414209234e-16,9.236991547881e-15,-3.719767299153e-15,2751.959541434,-0.7950712837731,-154.2664599557
75,37.5,966,-1.350306978783e-16,9.230137499529e-15,1.015224053927e-16,2736.141274892,0.7665707764628,-154.0985168886
75,37.5,967,-1.335052748505e-16,9.239462878965e-15,-5.319555329018e-16,2812.673241844,0.3993113558796,-154.2440172312
75,37.5,968,-1.400760345836e-16,9.213091848078e-15,1.320094362283e-15,2699.768478852,-2.893966301867,-154.0999644183
75,37.5,969,-1.359750917922e-16,9.276677001077e-15,8.988980067613e-16,2787.287369726,-3.079314521309,-154.7337357661
75,37.5,970,-1.13365135537e-16,9.280181387996e-15,-1.98176199935e-15,2738.731736857,-1.201211593531,-154.8786711891
75,37.5,971,-1.299949646684e-16,9.171041369593e-15,-9.230811778414e-16,2653.710063903,0.2739550044639,-153.47340223
75,37.5,972,-1.049056944231e-16,9.225748790791e-15,-2.570072452673e-15,2720.657288477,-0.3447927227766,-154.1425587595
75,37.5,973,-1.265642333548e-16,9.179210969732e-15,-1.284173258756e-15,2778.523326578,1.014837885807,-153.8370223291
75,37.5,974,-1.103793220169e-16,9.251206062741e-15,-2.920519080721e-15,2703.484775075,-0.1234770017679,-154.7430653803
75,37.5,975,-1.487803778845e-16,9.141488958358e-15,1.289448217387e-15,2761.259253844,-2.067208264691,-152.5210093272
75,37.5,976,-1.130253065916e-16,9.239154360201e-15,-2.139981780584e-15,2819.903321181,-0.6853409221641,-154.3285452137
75,37.5,977,-1.289254838877e-16,9.189822437915e-15,8.145464696382e-16,2797.704557107,0.8544162603412,-153.6801621801
75,37.5,978,-1.330123488437e-16,9.207142763465e-15,-1.318034241096e-15,2809.885491052,1.617299612467,-153.9216848893
75,37.5,979,-1.240110787316e-16,9.234954708517e-15,-2.38570247638e-15,2733.630827358,-0.6474174188086,-154.9386388244
75,37.5,980,-1.612226854198e-16,9.151905501592e-15,-1.328958054244e-15,2667.657887087,-1.138161257148,-152.7616557788
75,37.5,981,-1.282912847166e-16,9.149681532208e-15,3.018092666552e-16,2798.787727843,2.1355284399,-153.2679524908
75,37.5,982,-1.478150000709e-16,9.131850990738e-15,-1.62878692129e-15,2716.439929415,-0.4355118230411,-152.8081605516
75,37.5,983,-1.177776440527e-16,9.29178466545e-15,1.766891398127e-15,2823.590270801,-1.286629705264,-155.2390307575
75,37.5,984,-1.546178826434e-16,9.195041494515e-15,-7.946106208245e-16,2780.822506791,0.1392200822851,-153.8617218356
75,37.5,985,-1.232887631902e-16,9.216395116207e-15,-4.073917656077e-16,2781.160442728,-1.01908487019,-154.2762707385
75,37.5,986,-1.344003729067e-16,9.248306536807e-15,-9.324983126459e-17,2675.746667268,-0.3260672722319,-154.8706848131
75,37.5,987,-1.200670619825e-16,9.18161719784e-15,-1.247212195034e-15,2813.681359561,0.2033323429455,-153.3628618411
75,37.5,988,-1.468396603516e-16,9.314907575694e-15,-6.680284550267e-16,2780.744843789,1.874652514288,-156.0167461907
75,37.5,989,-1.427774355348e-16,9.244268925283e-15,-1.434479177316e-15,2871.503173866,1.735981420424,-154.2814089905
75,37.5,990,-1.372993514728e-16,9.239526956943e-15,3.422857372397e-16,2745.355059697,-0.7827193878515,-154.2131336227
75,37.5,991,-1.4760932294e-16,9.144492729443e-15,-1.531476923196e-15,2783.602721436,-0.06325594518597,-152.8031116198
75,37.5,992,-1.502790532498e-16,9.247940668932e-15,-2.812181055921e-15,2797.546557304,0.5627830171138,-153.8967978485
75,37.5,993,-1.579742364945e-16,9.250403669892e-15,3.284576469929e-16,2566.969253095,-1.822022278284,-154.122057915
75,37.5,994,-1.475887094959e-16,9.224281010845e-15,-6.359361253628e-16,2776.764610864,-1.059336816203,-153.8574861324
75,37.5,995,-1.529585880373e-16,9.152398819667e-15,-2.316519920679e-15,2735.188498564,1.752207558825,-153.3840882472
75,37.5,996,-1.717740604359e-16,9.280759687352e-15,3.400052468533e-16,2721.715757684,0.9388601053873,-154.121390015
75,37.5,997,-1.043626698613e-16,9.235671063761e-15,-3.711687991865e-16,2717.750242343,0.414782887935,-154.3016683516
75,37.5,998,-1.013592562335e-16,9.028894219368e-15,-4.35073083051e-16,2613.568706049,2.385015832428,-151.0660502568
75,37.5,999,-1.323887170743e-16,9.184940985821e-15,-1.468816566255e-15,2811.261267844,0.2801490902992,-153.9361625075
75,37.5,1000,-1.053335299973e-16,9.222670955841e-15,3.574641909529e-16,2814.537861947,-0.05679231775077,-154.3075711066
